# Ic = 5.14 A, n = 23.07 , Tavg = 44.95 K, f37-beamOnSet1-45K
#datetime                        t_s     iHTS_A                vHTS_V                tHTS_K  tTAR_K
0202-05-12_23:52:15.980000      6807.95        1.76897400e-02        3.60711733e-09  44.9440  44.5798
0202-05-12_23:52:16.188000      6808.16        5.05595200e-02        6.21019733e-09  44.9440  44.5798
0202-05-12_23:52:16.400000      6808.37        9.85826000e-02        4.66074733e-09  44.9593  44.5682
0202-05-12_23:52:16.590000      6808.56        1.49719900e-01        1.37591733e-09  44.9593  44.5682
0202-05-12_23:52:16.785000      6808.75        1.99626400e-01        8.18107333e-10  44.9593  44.5682
0202-05-12_23:52:16.977000      6808.94        2.47403100e-01        3.66909733e-09  44.9593  44.5682
0202-05-12_23:52:17.176000      6809.14        2.96773800e-01        1.49986733e-09  44.9593  44.5682
0202-05-12_23:52:17.380000      6809.35        3.48557700e-01        3.48316733e-09  44.9444  44.5591
0202-05-12_23:52:17.570000      6809.54        3.97601900e-01        1.25195733e-09  44.9444  44.5591
0202-05-12_23:52:17.760000      6809.73        4.43174700e-01        1.31393733e-09  44.9444  44.5591
0202-05-12_23:52:17.970000      6809.94        4.96644600e-01       -4.21452667e-10  44.9444  44.5591
0202-05-12_23:52:18.160000      6810.13        5.46269100e-01        1.56184733e-09  44.9444  44.5591
0202-05-12_23:52:18.355000      6810.32        5.92481500e-01        2.98733733e-09  44.9601  44.5707
0202-05-12_23:52:18.562000      6810.53        6.45003100e-01        8.18107333e-10  44.9601  44.5707
0202-05-12_23:52:18.754000      6810.72        6.94960000e-01        1.62382733e-09  44.9601  44.5707
0202-05-12_23:52:18.945000      6810.92        7.39471600e-01       -1.10321267e-09  44.9601  44.5707
0202-05-12_23:52:19.152000      6811.12        7.93713300e-01       -2.65266267e-09  44.9601  44.5707
0202-05-12_23:52:19.348000      6811.31        8.43322900e-01       -4.94584267e-09  44.9453  44.5564
0202-05-12_23:52:19.540000      6811.51        8.88989200e-01       -3.08650267e-09  44.9453  44.5564
0202-05-12_23:52:19.746000      6811.71        9.41921500e-01       -1.66101267e-09  44.9453  44.5564
0202-05-12_23:52:19.938000      6811.91        9.92013500e-01       -2.15683267e-09  44.9453  44.5564
0202-05-12_23:52:20.130000      6812.10        1.03682800e+00        1.87182733e-09  44.9453  44.5564
0202-05-12_23:52:20.340000      6812.31        1.09087100e+00        3.48351733e-09  44.9615  44.5607
0202-05-12_23:52:20.540000      6812.51        1.14105300e+00        3.91771733e-09  44.9615  44.5607
0202-05-12_23:52:20.730000      6812.70        1.18659300e+00       -5.44522667e-10  44.9615  44.5607
0202-05-12_23:52:20.934000      6812.90        1.23974400e+00       -6.49442267e-09  44.9615  44.5607
0202-05-12_23:52:21.137000      6813.10        1.28971000e+00       -8.41574267e-09  44.9615  44.5607
0202-05-12_23:52:21.332000      6813.30        1.33596400e+00       -7.67200267e-09  44.9480  44.5706
0202-05-12_23:52:21.540000      6813.51        1.38869600e+00        3.23613733e-09  44.9480  44.5706
0202-05-12_23:52:21.734000      6813.70        1.43822800e+00        1.00492733e-09  44.9480  44.5706
0202-05-12_23:52:21.926000      6813.89        1.48287900e+00        7.38866733e-09  44.9480  44.5706
0202-05-12_23:52:22.130000      6814.10        1.53733300e+00        5.52931733e-09  44.9480  44.5706
0202-05-12_23:52:22.330000      6814.29        1.58707700e+00        1.04255873e-08  44.9545  44.5620
0202-05-12_23:52:22.520000      6814.49        1.63290900e+00        5.59129733e-09  44.9545  44.5620
0202-05-12_23:52:22.727000      6814.69        1.68626900e+00        1.06690733e-09  44.9545  44.5620
0202-05-12_23:52:22.918000      6814.88        1.73605500e+00       -1.28826267e-09  44.9545  44.5620
0202-05-12_23:52:23.120000      6815.09        1.78397600e+00        1.25283733e-09  44.9545  44.5620
0202-05-12_23:52:23.316000      6815.28        1.83365400e+00        6.58294733e-09  44.9591  44.5679
0202-05-12_23:52:23.510000      6815.48        1.88494100e+00        1.06734973e-08  44.9591  44.5679
0202-05-12_23:52:23.715000      6815.68        1.93274000e+00        1.27807573e-08  44.9591  44.5679
0202-05-12_23:52:23.910000      6815.88        1.98279000e+00        1.22229473e-08  44.9591  44.5679
0202-05-12_23:52:24.100000      6816.07        2.03352300e+00        1.30906473e-08  44.9591  44.5679
0202-05-12_23:52:24.297000      6816.26        2.08318300e+00        1.68093273e-08  44.9596  44.5600
0202-05-12_23:52:24.492000      6816.46        2.12872900e+00        1.91025173e-08  44.9596  44.5600
0202-05-12_23:52:24.684000      6816.65        2.18239600e+00        1.99082273e-08  44.9596  44.5600
0202-05-12_23:52:24.880000      6816.85        2.23193600e+00        1.12312973e-08  44.9596  44.5600
0202-05-12_23:52:25.082000      6817.05        2.27678000e+00        8.50426733e-09  44.9596  44.5600
0202-05-12_23:52:25.285000      6817.25        2.33157600e+00        4.97151733e-09  44.9484  44.5704
0202-05-12_23:52:25.496000      6817.46        2.38219500e+00        7.82250733e-09  44.9484  44.5704
0202-05-12_23:52:25.688000      6817.66        2.42932900e+00        9.18602733e-09  44.9484  44.5704
0202-05-12_23:52:25.883000      6817.85        2.48048600e+00        6.21107733e-09  44.9484  44.5704
0202-05-12_23:52:26.074000      6818.04        2.53007700e+00        7.26470733e-09  44.9484  44.5704
0202-05-12_23:52:26.277000      6818.25        2.57690200e+00        4.04131733e-09  44.9484  44.5704
0202-05-12_23:52:26.473000      6818.44        2.62926500e+00        7.13981733e-09  44.9597  44.5708
0202-05-12_23:52:26.664000      6818.63        2.67888200e+00        3.85457733e-09  44.9597  44.5708
0202-05-12_23:52:26.870000      6818.84        2.72405800e+00        5.58996733e-09  44.9597  44.5708
0202-05-12_23:52:27.062000      6819.03        2.77773500e+00        8.31699733e-09  44.9597  44.5708
0202-05-12_23:52:27.260000      6819.23        2.82863100e+00        1.29033673e-08  44.9597  44.5708
0202-05-12_23:52:27.457000      6819.42        2.87478800e+00        1.48246873e-08  44.9416  44.5642
0202-05-12_23:52:27.650000      6819.62        2.92693700e+00        1.81714973e-08  44.9416  44.5642
0202-05-12_23:52:27.840000      6819.81        2.97652600e+00        2.02787473e-08  44.9416  44.5642
0202-05-12_23:52:28.047000      6820.02        3.02459300e+00        2.26339173e-08  44.9416  44.5642
0202-05-12_23:52:28.290000      6820.26        3.07547500e+00        2.07745773e-08  44.9416  44.5642
0202-05-12_23:52:28.484000      6820.45        3.12436600e+00        1.30893073e-08  44.9581  44.5487
0202-05-12_23:52:28.684000      6820.65        3.17312100e+00        1.32752373e-08  44.9581  44.5487
0202-05-12_23:52:28.875000      6820.84        3.22481500e+00        1.11679873e-08  44.9581  44.5487
0202-05-12_23:52:29.070000      6821.04        3.27439800e+00        1.92871073e-08  44.9581  44.5487
0202-05-12_23:52:29.280000      6821.25        3.32084900e+00        1.78616073e-08  44.9581  44.5487
0202-05-12_23:52:29.477000      6821.44        3.37404500e+00        1.81095173e-08  44.9433  44.5525
0202-05-12_23:52:29.668000      6821.64        3.42372200e+00        1.23455673e-08  44.9433  44.5525
0202-05-12_23:52:29.870000      6821.84        3.47166100e+00        1.24695273e-08  44.9433  44.5525
0202-05-12_23:52:30.070000      6822.04        3.52109100e+00        1.22835873e-08  44.9433  44.5525
0202-05-12_23:52:30.297000      6822.27        3.57424900e+00        1.42668873e-08  44.9433  44.5525
0202-05-12_23:52:30.496000      6822.46        3.62081900e+00        1.76756773e-08  44.9610  44.5650
0202-05-12_23:52:30.695000      6822.66        3.67216600e+00        1.50106173e-08  44.9610  44.5650
0202-05-12_23:52:30.900000      6822.87        3.72023900e+00        8.25501733e-09  44.9610  44.5650
0202-05-12_23:52:31.100000      6823.07        3.76888400e+00        6.02380733e-09  44.9610  44.5650
0202-05-12_23:52:31.305000      6823.27        3.82098600e+00        5.89985733e-09  44.9494  44.5596
0202-05-12_23:52:31.500000      6823.47        3.86931900e+00        2.30512733e-09  44.9494  44.5596
0202-05-12_23:52:31.703000      6823.67        3.91787600e+00        1.12754733e-09  44.9494  44.5596
0202-05-12_23:52:31.906000      6823.87        3.96992900e+00        6.31727333e-10  44.9494  44.5596
0202-05-12_23:52:32.098000      6824.06        4.01973100e+00        7.51126733e-09  44.9494  44.5596
0202-05-12_23:52:32.305000      6824.27        4.06537000e+00        1.21595673e-08  44.9400  44.5451
0202-05-12_23:52:32.504000      6824.47        4.11889300e+00        1.74896073e-08  44.9400  44.5451
0202-05-12_23:52:32.700000      6824.67        4.16875500e+00        1.82952873e-08  44.9400  44.5451
0202-05-12_23:52:32.902000      6824.87        4.21403000e+00        1.15396873e-08  44.9400  44.5451
0202-05-12_23:52:33.100000      6825.07        4.26769300e+00        7.82100733e-09  44.9400  44.5451
0202-05-12_23:52:33.300000      6825.27        4.31785900e+00        3.60650733e-09  44.9511  44.5574
0202-05-12_23:52:33.504000      6825.47        4.36444400e+00        3.85441733e-09  44.9511  44.5574
0202-05-12_23:52:33.707000      6825.67        4.41732700e+00        8.00693733e-09  44.9511  44.5574
0202-05-12_23:52:33.900000      6825.87        4.46681400e+00        1.01141973e-08  44.9511  44.5574
0202-05-12_23:52:34.100000      6826.07        4.51199800e+00        1.68697973e-08  44.9511  44.5574
0202-05-12_23:52:34.312000      6826.28        4.56598000e+00        2.08983673e-08  44.9528  44.5637
0202-05-12_23:52:34.508000      6826.48        4.61458700e+00        2.59185873e-08  44.9528  44.5637
0202-05-12_23:52:34.707000      6826.68        4.66298700e+00        3.11247373e-08  44.9528  44.5637
0202-05-12_23:52:34.900000      6826.87        4.71498100e+00        3.36658373e-08  44.9528  44.5637
0202-05-12_23:52:35.100000      6827.07        4.76500100e+00        4.00495673e-08  44.9528  44.5637
0202-05-12_23:52:35.312000      6827.28        4.81329100e+00        4.90983573e-08  44.9446  44.5625
0202-05-12_23:52:35.516000      6827.49        4.86375300e+00        5.53581373e-08  44.9446  44.5625
0202-05-12_23:52:35.723000      6827.69        4.91371900e+00        7.39515373e-08  44.9446  44.5625
0202-05-12_23:52:35.920000      6827.89        4.96035600e+00        8.75866973e-08  44.9446  44.5625
0202-05-12_23:52:36.125000      6828.09        5.01311600e+00        1.12315917e-07  44.9446  44.5625
0202-05-12_23:52:36.324000      6828.29        5.06305100e+00        1.38470627e-07  44.9611  44.5540
0202-05-12_23:52:36.530000      6828.50        5.10995300e+00        1.85573907e-07  44.9611  44.5540
0202-05-12_23:52:36.723000      6828.69        5.16202500e+00        2.35404227e-07  44.9611  44.5540
0202-05-12_23:52:36.914000      6828.88        5.21202800e+00        2.87837607e-07  44.9611  44.5540
0202-05-12_23:52:37.120000      6829.09        5.25609000e+00        3.74606817e-07  44.9611  44.5540
0202-05-12_23:52:37.320000      6829.29        5.31121500e+00        4.53876677e-07  44.9403  44.5667
0202-05-12_23:52:37.510000      6829.48        5.36118700e+00        5.45170267e-07  44.9403  44.5667
0202-05-12_23:52:37.720000      6829.68        5.40577800e+00        6.97016367e-07  44.9403  44.5667
0202-05-12_23:52:37.910000      6829.88        5.46017600e+00        8.40681377e-07  44.9403  44.5667
0202-05-12_23:52:38.100000      6830.07        5.50977100e+00        1.00851790e-06  44.9403  44.5667
0202-05-12_23:52:38.316000      6830.28        5.55799000e+00        1.28741933e-06  44.9515  44.5667
0202-05-12_23:52:38.510000      6830.48        5.60959600e+00        1.52374180e-06  44.9515  44.5667
0202-05-12_23:52:38.703000      6830.67        5.65893400e+00        1.80208528e-06  44.9515  44.5667
0202-05-12_23:52:38.906000      6830.88        5.70420400e+00        2.23748086e-06  44.9515  44.5667
0202-05-12_23:52:39.100000      6831.07        5.75801900e+00        2.63953227e-06  44.9515  44.5667
0202-05-12_23:52:39.300000      6831.27        5.80788900e+00        3.09816960e-06  44.9486  44.5589
0202-05-12_23:52:39.504000      6831.47        5.85419400e+00        4.24178800e-06  44.9486  44.5589