# Ic = 0.56 A, n = 17.52 , Tavg = 71.01 K, f37-beamOnSet1-70K
#datetime                        t_s     iHTS_A                vHTS_V                tHTS_K  tTAR_K
0202-05-12_20:50:43.582000      2053.73        1.78774100e-02       -2.03701333e-09  70.9959  70.1181
0202-05-12_20:50:43.790000      2053.94        1.56185100e-02       -1.47921333e-09  70.9959  70.1181
0202-05-12_20:50:43.984000      2054.14        2.46184800e-02       -4.20624333e-09  71.0557  70.1660
0202-05-12_20:50:44.180000      2054.33        3.51174500e-02       -7.35473333e-10  71.0557  70.1660
0202-05-12_20:50:44.370000      2054.53        4.45834400e-02       -1.47921333e-09  71.0557  70.1660
0202-05-12_20:50:44.566000      2054.72        5.39786700e-02        5.04086667e-10  71.0557  70.1660
0202-05-12_20:50:44.785000      2054.94        6.46290200e-02        5.33837667e-09  71.0557  70.1660
0202-05-12_20:50:44.996000      2055.15        7.47881100e-02        7.87947667e-09  71.0211  70.1559
0202-05-12_20:50:45.190000      2055.34        8.45346000e-02        1.20939867e-08  71.0211  70.1559
0202-05-12_20:50:45.400000      2055.55        9.43271000e-02        1.22179467e-08  71.0211  70.1559
0202-05-12_20:50:45.598000      2055.75        1.03760400e-01        7.32167667e-09  71.0211  70.1559
0202-05-12_20:50:45.793000      2055.95        1.14452300e-01        9.18101667e-09  71.0127  70.1459
0202-05-12_20:50:46.010000      2056.16        1.24184000e-01        8.31332667e-09  71.0127  70.1459
0202-05-12_20:50:46.240000      2056.39        1.34480500e-01        1.16601467e-08  71.0127  70.1459
0202-05-12_20:50:46.445000      2056.60        1.44267100e-01        1.23418967e-08  71.0127  70.1459
0202-05-12_20:50:46.680000      2056.83        1.54160500e-01        1.64324567e-08  71.0127  70.1459
0202-05-12_20:50:46.887000      2057.04        1.63494400e-01        1.85397067e-08  71.0290  70.1510
0202-05-12_20:50:47.090000      2057.24        1.73908700e-01        1.68662967e-08  71.0290  70.1510
0202-05-12_20:50:47.293000      2057.44        1.83925300e-01        1.55027867e-08  71.0290  70.1510
0202-05-12_20:50:47.492000      2057.64        1.93691100e-01        1.86016867e-08  71.0290  70.1510
0202-05-12_20:50:47.734000      2057.89        2.03187000e-01        1.56887167e-08  71.0290  70.1510
0202-05-12_20:50:47.945000      2058.10        2.13009200e-01        1.98412467e-08  71.0440  70.1844
0202-05-12_20:50:48.150000      2058.30        2.23242500e-01        2.31880667e-08  71.0440  70.1844
0202-05-12_20:50:48.375000      2058.53        2.33924000e-01        2.28162167e-08  71.0440  70.1844
0202-05-12_20:50:48.570000      2058.72        2.43333600e-01        2.25063367e-08  71.0440  70.1844
0202-05-12_20:50:48.790000      2058.94        2.53555000e-01        1.84157867e-08  71.0440  70.1844
0202-05-12_20:50:48.990000      2059.14        2.62874000e-01        2.01511767e-08  70.9990  70.1273
0202-05-12_20:50:49.190000      2059.34        2.73166400e-01        2.39318367e-08  70.9990  70.1273
0202-05-12_20:50:49.390000      2059.54        2.83079100e-01        2.25683167e-08  70.9990  70.1273
0202-05-12_20:50:49.586000      2059.74        2.92646000e-01        2.29401867e-08  70.9990  70.1273
0202-05-12_20:50:49.805000      2059.96        3.03339400e-01        2.38698567e-08  70.9990  70.1273
0202-05-12_20:50:50.020000      2060.17        3.12851400e-01        2.52333767e-08  71.0477  70.1606
0202-05-12_20:50:50.223000      2060.37        3.22934800e-01        2.42417267e-08  71.0477  70.1606
0202-05-12_20:50:50.426000      2060.58        3.32990000e-01        2.44276667e-08  71.0477  70.1606
0202-05-12_20:50:50.625000      2060.78        3.42178400e-01        2.49234867e-08  71.0477  70.1606
0202-05-12_20:50:50.836000      2060.99        3.52723500e-01        2.41797467e-08  71.0477  70.1606
0202-05-12_20:50:51.035000      2061.19        3.62284400e-01        1.97793067e-08  71.0003  70.1257
0202-05-12_20:50:51.240000      2061.39        3.72085800e-01        1.87256767e-08  71.0003  70.1257
0202-05-12_20:50:51.440000      2061.59        3.82310200e-01        2.11428267e-08  71.0003  70.1257
0202-05-12_20:50:51.645000      2061.80        3.92208100e-01        2.25063467e-08  71.0003  70.1257
0202-05-12_20:50:51.860000      2062.01        4.01457400e-01        2.82703067e-08  71.0003  70.1257
0202-05-12_20:50:52.074000      2062.23        4.12309600e-01        3.31045967e-08  70.9987  70.1301
0202-05-12_20:50:52.293000      2062.45        4.21696900e-01        2.96957967e-08  70.9987  70.1301
0202-05-12_20:50:52.504000      2062.66        4.32228600e-01        2.80843667e-08  70.9987  70.1301
0202-05-12_20:50:52.707000      2062.86        4.42169500e-01        2.90760167e-08  70.9987  70.1301
0202-05-12_20:50:52.926000      2063.08        4.51702200e-01        2.96338267e-08  71.0263  70.1351
0202-05-12_20:50:53.137000      2063.29        4.62184900e-01        3.43441567e-08  71.0263  70.1351
0202-05-12_20:50:53.340000      2063.49        4.71946200e-01        3.71331667e-08  71.0263  70.1351
0202-05-12_20:50:53.543000      2063.69        4.81458200e-01        4.07898767e-08  71.0263  70.1351
0202-05-12_20:50:53.758000      2063.91        4.91646900e-01        4.22153767e-08  71.0263  70.1351
0202-05-12_20:50:53.965000      2064.12        5.01249500e-01        5.18839567e-08  71.0017  70.1134
0202-05-12_20:50:54.156000      2064.31        5.11728600e-01        5.94451867e-08  71.0017  70.1134
0202-05-12_20:50:54.350000      2064.50        5.21291100e-01        6.91756067e-08  71.0017  70.1134
0202-05-12_20:50:54.555000      2064.71        5.31024200e-01        9.35327967e-08  71.0017  70.1134
0202-05-12_20:50:54.766000      2064.92        5.41349500e-01        1.16216727e-07  71.0017  70.1134
0202-05-12_20:50:54.977000      2065.13        5.51710400e-01        1.78194787e-07  70.9695  70.1161
0202-05-12_20:50:55.180000      2065.33        5.60087000e-01        2.23872617e-07  70.9695  70.1161
0202-05-12_20:50:55.383000      2065.53        5.71056500e-01        3.26136427e-07  70.9695  70.1161
0202-05-12_20:50:55.574000      2065.73        5.81172500e-01        4.23627917e-07  70.9695  70.1161
0202-05-12_20:50:55.797000      2065.95        5.90511300e-01        6.13342777e-07  70.9695  70.1161
0202-05-12_20:50:56.010000      2066.17        6.01222500e-01        7.91405747e-07  71.0260  70.1541
0202-05-12_20:50:56.215000      2066.37        6.10556400e-01        1.09844508e-06  71.0260  70.1541
0202-05-12_20:50:56.406000      2066.56        6.20233100e-01        1.39327473e-06  71.0260  70.1541
0202-05-12_20:50:56.610000      2066.76        6.30858200e-01        1.78020378e-06  71.0260  70.1541
0202-05-12_20:50:56.812000      2066.96        6.40583900e-01        2.82087743e-06  70.9868  70.1108
0202-05-12_20:50:57.016000      2067.17        6.50199800e-01        4.15303391e-06  70.9868  70.1108
0202-05-12_20:50:57.207000      2067.36        6.60745400e-01        5.58367353e-06  70.9868  70.1108
0202-05-12_20:50:57.400000      2067.55        6.69982800e-01        5.71996329e-06  70.9868  70.1108
0202-05-12_20:50:57.594000      2067.75        6.79690700e-01        8.44086217e-06  70.9868  70.1108
0202-05-12_20:50:57.790000      2067.94        6.89812700e-01        9.63840229e-06  71.0089  70.1323
0202-05-12_20:50:57.980000      2068.13        7.00273100e-01        1.20566623e-05  71.0089  70.1323
0202-05-12_20:50:58.170000      2068.33        7.09078600e-01        1.44992176e-05  71.0089  70.1323
0202-05-12_20:50:58.367000      2068.52        7.20080700e-01        1.73892545e-05  71.0089  70.1323
0202-05-12_20:50:58.570000      2068.72        7.29905900e-01        1.95715019e-05  71.0089  70.1323
0202-05-12_20:50:58.790000      2068.94        7.39489200e-01        2.33261327e-05  71.0089  70.1323