# Ic = 4.02 A, n = 21.04 , Tavg = 49.97 K, f37-beamOnSet1-50K
#datetime                        t_s     iHTS_A                vHTS_V                tHTS_K  tTAR_K
0202-05-13_00:08:26.137000      7778.11        2.16831200e-02       -7.10165167e-09  49.9682  49.4962
0202-05-13_00:08:26.348000      7778.31        1.45027300e-02       -1.64780167e-09  49.9575  49.4767
0202-05-13_00:08:26.543000      7778.51        2.42729900e-02        4.48772833e-09  49.9575  49.4767
0202-05-13_00:08:26.740000      7778.70        3.41931500e-02        4.79739833e-09  49.9575  49.4767
0202-05-13_00:08:26.940000      7778.91        4.30788500e-02        2.00838833e-09  49.9575  49.4767
0202-05-13_00:08:27.137000      7779.10        5.39315100e-02       -1.77227167e-09  49.9575  49.4767
0202-05-13_00:08:27.330000      7779.30        6.34420400e-02       -2.33007167e-09  49.9647  49.5020
0202-05-13_00:08:27.540000      7779.51        7.28056400e-02        1.69849833e-09  49.9647  49.5020
0202-05-13_00:08:27.730000      7779.70        8.35242800e-02        2.44223833e-09  49.9647  49.5020
0202-05-13_00:08:27.926000      7779.89        9.33108700e-02        2.93805833e-09  49.9647  49.5020
0202-05-13_00:08:28.130000      7780.10        1.02733800e-01        2.50883333e-11  49.9647  49.5020
0202-05-13_00:08:28.330000      7780.30        1.13051700e-01        9.54758333e-10  49.9536  49.4986
0202-05-13_00:08:28.520000      7780.49        1.23242000e-01        2.19431833e-09  49.9536  49.4986
0202-05-13_00:08:28.723000      7780.69        1.32001600e-01        2.44223833e-09  49.9536  49.4986
0202-05-13_00:08:28.914000      7780.88        1.42795900e-01        4.85937833e-09  49.9536  49.4986
0202-05-13_00:08:29.110000      7781.08        1.52824400e-01        1.01673833e-09  49.9536  49.4986
0202-05-13_00:08:29.305000      7781.27        1.62412200e-01       -2.82590167e-09  49.9605  49.4903
0202-05-13_00:08:29.500000      7781.47        1.72035500e-01       -1.02853167e-09  49.9605  49.4903
0202-05-13_00:08:29.703000      7781.67        1.82310400e-01        1.45058833e-09  49.9605  49.4903
0202-05-13_00:08:29.900000      7781.86        1.92016800e-01        2.72998333e-10  49.9605  49.4903
0202-05-13_00:08:30.090000      7782.06        2.01988900e-01       -4.37535167e-09  49.9605  49.4903
0202-05-13_00:08:30.297000      7782.27        2.12620200e-01       -3.94150167e-09  49.9605  49.4903
0202-05-13_00:08:30.496000      7782.46        2.22233100e-01        2.11028333e-10  49.9438  49.4787
0202-05-13_00:08:30.688000      7782.65        2.31924700e-01        4.85937833e-09  49.9438  49.4787
0202-05-13_00:08:30.890000      7782.86        2.42175800e-01        4.48750833e-09  49.9438  49.4787
0202-05-13_00:08:31.086000      7783.05        2.51805100e-01        4.05365833e-09  49.9438  49.4787
0202-05-13_00:08:31.285000      7783.25        2.61228100e-01        2.87607833e-09  49.9661  49.4987
0202-05-13_00:08:31.490000      7783.46        2.71688500e-01        3.80574833e-09  49.9661  49.4987
0202-05-13_00:08:31.680000      7783.65        2.82001900e-01        6.47080833e-09  49.9661  49.4987
0202-05-13_00:08:31.875000      7783.84        2.90890300e-01        7.52442833e-09  49.9661  49.4987
0202-05-13_00:08:32.080000      7784.05        3.01870100e-01        7.40047833e-09  49.9661  49.4987
0202-05-13_00:08:32.277000      7784.24        3.11956500e-01        5.29308833e-09  49.9661  49.4987
0202-05-13_00:08:32.473000      7784.44        3.20576600e-01       -9.91416667e-11  49.9571  49.4847
0202-05-13_00:08:32.676000      7784.64        3.31326400e-01       -5.36745167e-09  49.9571  49.4847
0202-05-13_00:08:32.867000      7784.84        3.41325200e-01       -1.01397617e-08  49.9571  49.4847
0202-05-13_00:08:33.062000      7785.03        3.50326700e-01       -6.66899167e-09  49.9571  49.4847
0202-05-13_00:08:33.277000      7785.25        3.61144700e-01       -2.33053167e-09  49.9571  49.4847
0202-05-13_00:08:33.473000      7785.44        3.70715900e-01        1.82199833e-09  49.9773  49.5121
0202-05-13_00:08:33.664000      7785.63        3.80431300e-01        4.36309833e-09  49.9773  49.5121
0202-05-13_00:08:33.867000      7785.84        3.90931700e-01        6.90419833e-09  49.9773  49.5121
0202-05-13_00:08:34.062000      7786.03        4.00856300e-01        4.67298833e-09  49.9773  49.5121
0202-05-13_00:08:34.277000      7786.25        4.09709400e-01        3.34528333e-10  49.9773  49.5121
0202-05-13_00:08:34.480000      7786.45        4.20751600e-01       -5.11954167e-09  49.9517  49.4791
0202-05-13_00:08:34.688000      7786.66        4.30685100e-01       -7.16481167e-09  49.9517  49.4791
0202-05-13_00:08:34.883000      7786.85        4.39778600e-01       -1.15032717e-08  49.9517  49.4791
0202-05-13_00:08:35.086000      7787.05        4.50386000e-01       -1.18131617e-08  49.9517  49.4791
0202-05-13_00:08:35.297000      7787.26        4.60139900e-01       -1.31766817e-08  49.9614  49.5002
0202-05-13_00:08:35.490000      7787.46        4.70037800e-01       -1.50980017e-08  49.9614  49.5002
0202-05-13_00:08:35.690000      7787.66        4.80464100e-01       -1.83208517e-08  49.9614  49.5002
0202-05-13_00:08:35.887000      7787.85        4.89676300e-01       -1.46021717e-08  49.9614  49.5002
0202-05-13_00:08:36.080000      7788.05        4.99333700e-01       -8.09448167e-09  49.9614  49.5002
0202-05-13_00:08:36.290000      7788.26        5.09905500e-01       -4.71191667e-10  49.9614  49.5002
0202-05-13_00:08:36.484000      7788.45        5.19522900e-01       -4.00393167e-09  49.9422  49.4790
0202-05-13_00:08:36.676000      7788.64        5.29305900e-01       -4.18987167e-09  49.9422  49.4790
0202-05-13_00:08:36.880000      7788.85        5.39907300e-01       -7.53668167e-09  49.9422  49.4790
0202-05-13_00:08:37.074000      7789.04        5.49745800e-01       -5.61536167e-09  49.9422  49.4790
0202-05-13_00:08:37.280000      7789.25        5.59021800e-01       -2.88833167e-09  49.9422  49.4790
0202-05-13_00:08:37.473000      7789.44        5.69584600e-01        8.66183333e-11  49.9777  49.5166
0202-05-13_00:08:37.664000      7789.63        5.79213900e-01        2.46383333e-11  49.9777  49.5166
0202-05-13_00:08:37.860000      7789.83        5.88862500e-01       -5.18151167e-09  49.9777  49.5166
0202-05-13_00:08:38.062000      7790.03        5.98764800e-01       -3.69404167e-09  49.9777  49.5166
0202-05-13_00:08:38.266000      7790.23        6.09427300e-01       -1.21486167e-09  49.9777  49.5166
0202-05-13_00:08:38.460000      7790.43        6.19411300e-01        1.88408833e-09  49.9436  49.4838
0202-05-13_00:08:38.656000      7790.62        6.28089200e-01        6.71845833e-09  49.9436  49.4838
0202-05-13_00:08:38.848000      7790.82        6.38775200e-01        6.09867833e-09  49.9436  49.4838
0202-05-13_00:08:39.040000      7791.01        6.49099100e-01        8.08196833e-09  49.9436  49.4838
0202-05-13_00:08:39.290000      7791.26        6.58664500e-01        5.20648333e-10  49.9436  49.4838
0202-05-13_00:08:39.492000      7791.46        6.69003200e-01       -1.40066167e-09  49.9666  49.4973
0202-05-13_00:08:39.684000      7791.65        6.78934200e-01       -6.56931667e-10  49.9666  49.4973
0202-05-13_00:08:39.880000      7791.85        6.87938600e-01        3.49559833e-09  49.9666  49.4973
0202-05-13_00:08:40.082000      7792.05        6.98673600e-01        4.54921833e-09  49.9666  49.4973
0202-05-13_00:08:40.290000      7792.26        7.08461700e-01        1.07845833e-09  49.9479  49.4912
0202-05-13_00:08:40.484000      7792.45        7.17912900e-01       -4.00374167e-09  49.9479  49.4912
0202-05-13_00:08:40.688000      7792.66        7.28174400e-01       -8.28022167e-09  49.9479  49.4912
0202-05-13_00:08:40.880000      7792.85        7.38256300e-01       -1.77253167e-09  49.9479  49.4912
0202-05-13_00:08:41.080000      7793.04        7.47171700e-01       -2.02045167e-09  49.9479  49.4912
0202-05-13_00:08:41.280000      7793.25        7.58484000e-01       -3.47041667e-10  49.9479  49.4912
0202-05-13_00:08:41.473000      7793.44        7.68102900e-01       -3.94176167e-09  49.9633  49.5023
0202-05-13_00:08:41.668000      7793.63        7.76907000e-01        3.96698333e-10  49.9633  49.5023
0202-05-13_00:08:41.860000      7793.83        7.87526200e-01       -7.18911667e-10  49.9633  49.5023
0202-05-13_00:08:42.050000      7794.02        7.97765500e-01        1.20240833e-09  49.9633  49.5023
0202-05-13_00:08:42.258000      7794.23        8.07541700e-01       -4.87143167e-09  49.9633  49.5023
0202-05-13_00:08:42.453000      7794.42        8.17303100e-01       -5.18132167e-09  49.9414  49.4784
0202-05-13_00:08:42.650000      7794.62        8.27762000e-01       -4.80946167e-09  49.9414  49.4784
0202-05-13_00:08:42.850000      7794.82        8.37496700e-01       -1.61101667e-10  49.9414  49.4784
0202-05-13_00:08:43.047000      7795.01        8.47087400e-01       -6.56931667e-10  49.9414  49.4784
0202-05-13_00:08:43.310000      7795.28        8.57494400e-01       -1.33869167e-09  49.9414  49.4784
0202-05-13_00:08:43.520000      7795.49        8.67537700e-01        2.00812833e-09  49.9649  49.5017
0202-05-13_00:08:43.723000      7795.69        8.77502400e-01       -1.46264167e-09  49.9649  49.5017
0202-05-13_00:08:43.920000      7795.89        8.87017400e-01       -2.57825167e-09  49.9649  49.5017
0202-05-13_00:08:44.117000      7796.08        8.97042900e-01       -4.12776167e-09  49.9649  49.5017
0202-05-13_00:08:44.332000      7796.30        9.07180200e-01        2.37968833e-09  49.9520  49.4784
0202-05-13_00:08:44.530000      7796.50        9.16995000e-01       -1.58708167e-09  49.9520  49.4784
0202-05-13_00:08:44.734000      7796.70        9.27029500e-01       -4.25225167e-09  49.9520  49.4784
0202-05-13_00:08:44.926000      7796.90        9.36477700e-01       -5.24390167e-09  49.9520  49.4784
0202-05-13_00:08:45.120000      7797.09        9.46604100e-01       -5.42983167e-09  49.9520  49.4784
0202-05-13_00:08:45.312000      7797.28        9.57131300e-01       -9.05441667e-10  49.9517  49.4940
0202-05-13_00:08:45.508000      7797.48        9.66582500e-01       -1.58720167e-09  49.9517  49.4940
0202-05-13_00:08:45.703000      7797.67        9.75963900e-01        1.88356833e-09  49.9517  49.4940
0202-05-13_00:08:45.895000      7797.86        9.86552300e-01        2.75125833e-09  49.9517  49.4940
0202-05-13_00:08:46.098000      7798.07        9.96439800e-01        2.81323833e-09  49.9517  49.4940
0202-05-13_00:08:46.297000      7798.27        1.00535500e+00        4.98246833e-09  49.9445  49.4916
0202-05-13_00:08:46.492000      7798.46        1.01654700e+00        5.10642833e-09  49.9445  49.4916
0202-05-13_00:08:46.695000      7798.66        1.02652400e+00        5.23037833e-09  49.9445  49.4916
0202-05-13_00:08:46.887000      7798.85        1.03542600e+00        3.34118333e-10  49.9445  49.4916
0202-05-13_00:08:47.090000      7799.06        1.04599500e+00        2.50334833e-09  49.9445  49.4916
0202-05-13_00:08:47.285000      7799.25        1.05617300e+00        4.23872833e-09  49.9445  49.4916
0202-05-13_00:08:47.480000      7799.45        1.06507700e+00        7.02773833e-09  49.9796  49.5254
0202-05-13_00:08:47.684000      7799.65        1.07571400e+00        4.98246833e-09  49.9796  49.5254
0202-05-13_00:08:47.880000      7799.85        1.08564900e+00        3.37103833e-09  49.9796  49.5254
0202-05-13_00:08:48.070000      7800.04        1.09543600e+00        3.99081833e-09  49.9796  49.5254
0202-05-13_00:08:48.290000      7800.26        1.10561000e+00       -1.52522167e-09  49.9796  49.5254
0202-05-13_00:08:48.492000      7800.46        1.11507900e+00       -1.46324167e-09  49.9481  49.4810
0202-05-13_00:08:48.695000      7800.66        1.12562400e+00       -3.26060167e-09  49.9481  49.4810
0202-05-13_00:08:48.890000      7800.86        1.13522800e+00        2.68927833e-09  49.9481  49.4810
0202-05-13_00:08:49.094000      7801.06        1.14477600e+00        2.99916833e-09  49.9481  49.4810
0202-05-13_00:08:49.293000      7801.26        1.15489500e+00        9.01103833e-09  49.9481  49.4810
0202-05-13_00:08:49.490000      7801.46        1.16537100e+00        1.02505983e-08  49.9664  49.4892
0202-05-13_00:08:49.695000      7801.66        1.17490300e+00        7.77147833e-09  49.9664  49.4892
0202-05-13_00:08:49.890000      7801.86        1.18473100e+00        4.58078333e-10  49.9664  49.4892
0202-05-13_00:08:50.082000      7802.05        1.19497200e+00        1.01594833e-09  49.9664  49.4892
0202-05-13_00:08:50.290000      7802.26        1.20431600e+00        2.56567833e-09  49.9664  49.4892
0202-05-13_00:08:50.490000      7802.46        1.21469500e+00        5.72675833e-09  49.9385  49.4890
0202-05-13_00:08:50.680000      7802.65        1.22480500e+00        4.05349833e-09  49.9385  49.4890
0202-05-13_00:08:50.887000      7802.85        1.23457600e+00       -3.81771167e-09  49.9385  49.4890
0202-05-13_00:08:51.080000      7803.05        1.24444600e+00       -5.11925167e-09  49.9385  49.4890
0202-05-13_00:08:51.297000      7803.26        1.25427600e+00       -3.01200167e-09  49.9385  49.4890
0202-05-13_00:08:51.492000      7803.46        1.26420900e+00        4.42536833e-09  49.9819  49.5252
0202-05-13_00:08:51.684000      7803.65        1.27400300e+00        5.54096833e-09  49.9819  49.5252
0202-05-13_00:08:51.875000      7803.84        1.28439100e+00        4.11547833e-09  49.9819  49.5252
0202-05-13_00:08:52.082000      7804.05        1.29416900e+00        4.98316833e-09  49.9819  49.5252
0202-05-13_00:08:52.297000      7804.26        1.30432200e+00        7.89612833e-09  49.9819  49.5252
0202-05-13_00:08:52.504000      7804.47        1.31421600e+00        3.92953833e-09  49.9577  49.4918
0202-05-13_00:08:52.695000      7804.66        1.32397700e+00       -2.20628167e-09  49.9577  49.4918
0202-05-13_00:08:52.895000      7804.86        1.33338200e+00       -4.87134167e-09  49.9577  49.4918
0202-05-13_00:08:53.090000      7805.06        1.34404600e+00       -1.83441167e-09  49.9577  49.4918
0202-05-13_00:08:53.293000      7805.26        1.35418700e+00        2.31810833e-09  49.9577  49.4918
0202-05-13_00:08:53.496000      7805.46        1.36344200e+00        8.92618333e-10  49.9729  49.5112
0202-05-13_00:08:53.688000      7805.66        1.37371400e+00       -2.64013167e-09  49.9729  49.5112
0202-05-13_00:08:53.895000      7805.86        1.38381500e+00       -4.49947167e-09  49.9729  49.5112
0202-05-13_00:08:54.086000      7806.05        1.39276100e+00       -5.61507167e-09  49.9729  49.5112
0202-05-13_00:08:54.293000      7806.26        1.40385800e+00       -5.98694167e-09  49.9729  49.5112
0202-05-13_00:08:54.490000      7806.46        1.41394800e+00       -7.84628167e-09  49.9592  49.4816
0202-05-13_00:08:54.680000      7806.65        1.42283900e+00       -8.65200167e-09  49.9592  49.4816
0202-05-13_00:08:54.875000      7806.84        1.43358800e+00       -5.36716167e-09  49.9592  49.4816
0202-05-13_00:08:55.080000      7807.05        1.44318100e+00       -9.90316667e-11  49.9592  49.4816
0202-05-13_00:08:55.277000      7807.24        1.45291400e+00        3.24777833e-09  49.9592  49.4816
0202-05-13_00:08:55.470000      7807.44        1.46330300e+00        3.12382833e-09  49.9643  49.4999
0202-05-13_00:08:55.676000      7807.64        1.47336400e+00       -2.14430167e-09  49.9643  49.4999
0202-05-13_00:08:55.867000      7807.84        1.48232800e+00       -1.58650167e-09  49.9643  49.4999
0202-05-13_00:08:56.062000      7808.03        1.49285100e+00       -3.44575167e-09  49.9643  49.4999
0202-05-13_00:08:56.277000      7808.25        1.50295800e+00        7.07158333e-10  49.9643  49.4999
0202-05-13_00:08:56.473000      7808.44        1.51288000e+00        2.87667833e-09  49.9384  49.4687
0202-05-13_00:08:56.664000      7808.63        1.52251400e+00        6.22368833e-09  49.9384  49.4687
0202-05-13_00:08:56.860000      7808.83        1.53214700e+00       -2.22031667e-10  49.9384  49.4687
0202-05-13_00:08:57.055000      7809.02        1.54235600e+00       -2.26731167e-09  49.9384  49.4687
0202-05-13_00:08:57.266000      7809.23        1.55294600e+00       -2.82511167e-09  49.9384  49.4687
0202-05-13_00:08:57.460000      7809.43        1.56255100e+00       -1.08973167e-09  49.9605  49.4941
0202-05-13_00:08:57.652000      7809.62        1.57180300e+00       -1.08973167e-09  49.9605  49.4941
0202-05-13_00:08:57.844000      7809.81        1.58236500e+00       -3.75478167e-09  49.9605  49.4941
0202-05-13_00:08:58.050000      7810.02        1.59239900e+00        1.51334833e-09  49.9605  49.4941
0202-05-13_00:08:58.270000      7810.24        1.60166900e+00        2.73788333e-10  49.9605  49.4941
0202-05-13_00:08:58.484000      7810.45        1.61264400e+00        5.21698333e-10  49.9562  49.5045
0202-05-13_00:08:58.676000      7810.64        1.62210100e+00       -3.13500167e-09  49.9562  49.5045
0202-05-13_00:08:58.875000      7810.84        1.63161300e+00       -5.80006167e-09  49.9562  49.5045
0202-05-13_00:08:59.066000      7811.04        1.64231400e+00       -3.69280167e-09  49.9562  49.5045
0202-05-13_00:08:59.280000      7811.25        1.65209700e+00       -1.32994017e-08  49.9562  49.5045
0202-05-13_00:08:59.477000      7811.45        1.66163600e+00       -1.15020417e-08  49.9666  49.4926
0202-05-13_00:08:59.670000      7811.64        1.67211600e+00       -1.28655617e-08  49.9666  49.4926
0202-05-13_00:08:59.875000      7811.84        1.68136700e+00       -5.55215167e-09  49.9666  49.4926
0202-05-13_00:09:00.066000      7812.04        1.69145800e+00       -4.49852167e-09  49.9666  49.4926
0202-05-13_00:09:00.285000      7812.25        1.70209800e+00       -3.32094167e-09  49.9666  49.4926
0202-05-13_00:09:00.484000      7812.45        1.71091300e+00       -1.17499517e-08  49.9480  49.4710
0202-05-13_00:09:00.688000      7812.65        1.72148200e+00       -7.84533167e-09  49.9480  49.4710
0202-05-13_00:09:00.890000      7812.86        1.73156800e+00       -4.06467167e-09  49.9480  49.4710
0202-05-13_00:09:01.082000      7813.05        1.74099800e+00        8.78583333e-11  49.9480  49.4710
0202-05-13_00:09:01.290000      7813.26        1.75125800e+00       -5.80006167e-09  49.9480  49.4710
0202-05-13_00:09:01.484000      7813.45        1.76142100e+00       -7.65940167e-09  49.9833  49.5004
0202-05-13_00:09:01.680000      7813.65        1.76994500e+00       -4.06467167e-09  49.9833  49.5004
0202-05-13_00:09:01.883000      7813.85        1.78097600e+00       -2.82511167e-09  49.9833  49.5004
0202-05-13_00:09:02.074000      7814.04        1.79118200e+00        1.14115833e-09  49.9833  49.5004
0202-05-13_00:09:02.277000      7814.24        1.80070000e+00       -1.02856167e-09  49.9833  49.5004
0202-05-13_00:09:02.473000      7814.44        1.81094700e+00       -3.07448167e-09  49.9447  49.4926
0202-05-13_00:09:02.664000      7814.63        1.82102100e+00       -8.03288167e-09  49.9447  49.4926
0202-05-13_00:09:02.855000      7814.82        1.83005100e+00       -1.36109017e-08  49.9447  49.4926
0202-05-13_00:09:03.062000      7815.03        1.84081000e+00       -1.43546417e-08  49.9447  49.4926
0202-05-13_00:09:03.277000      7815.24        1.85115300e+00       -1.69577117e-08  49.9447  49.4926
0202-05-13_00:09:03.484000      7815.45        1.86035000e+00       -1.59660617e-08  49.9811  49.5093
0202-05-13_00:09:03.676000      7815.64        1.87056600e+00       -1.94988117e-08  49.9811  49.5093
0202-05-13_00:09:03.870000      7815.84        1.87971000e+00       -1.79493617e-08  49.9811  49.5093
0202-05-13_00:09:04.062000      7816.03        1.89037200e+00       -1.77014517e-08  49.9811  49.5093
0202-05-13_00:09:04.266000      7816.23        1.90048900e+00       -1.81972717e-08  49.9811  49.5093
0202-05-13_00:09:04.477000      7816.44        1.90977700e+00       -1.48504617e-08  49.9590  49.4816
0202-05-13_00:09:04.668000      7816.64        1.92009800e+00       -9.33442167e-09  49.9590  49.4816
0202-05-13_00:09:04.875000      7816.84        1.92978200e+00       -9.45837167e-09  49.9590  49.4816
0202-05-13_00:09:05.066000      7817.04        1.93945600e+00       -9.64431167e-09  49.9590  49.4816
0202-05-13_00:09:05.285000      7817.25        1.95010700e+00       -1.78254017e-08  49.9590  49.4816
0202-05-13_00:09:05.484000      7817.45        1.95974300e+00       -1.86311217e-08  49.9610  49.5017
0202-05-13_00:09:05.688000      7817.66        1.96922000e+00       -2.05524417e-08  49.9610  49.5017
0202-05-13_00:09:05.890000      7817.86        1.97962500e+00       -1.75155117e-08  49.9610  49.5017
0202-05-13_00:09:06.094000      7818.06        1.98928000e+00       -1.78873817e-08  49.9610  49.5017
0202-05-13_00:09:06.305000      7818.27        1.99968100e+00       -1.94368317e-08  49.9610  49.5017
0202-05-13_00:09:06.500000      7818.47        2.00942400e+00       -1.36109017e-08  49.9610  49.4846
0202-05-13_00:09:06.700000      7818.67        2.01880100e+00       -9.89222167e-09  49.9610  49.4846
0202-05-13_00:09:06.890000      7818.86        2.02896600e+00       -1.05739817e-08  49.9610  49.4846
0202-05-13_00:09:07.082000      7819.05        2.03905000e+00       -1.19994717e-08  49.9610  49.4846
0202-05-13_00:09:07.293000      7819.26        2.04898000e+00       -1.69577117e-08  49.9673  49.5091
0202-05-13_00:09:07.490000      7819.46        2.05872100e+00       -1.06979317e-08  49.9673  49.5091
0202-05-13_00:09:07.680000      7819.65        2.06884900e+00       -1.58421117e-08  49.9673  49.5091
0202-05-13_00:09:07.887000      7819.85        2.07883100e+00       -1.06359617e-08  49.9673  49.5091
0202-05-13_00:09:08.080000      7820.04        2.08854500e+00       -1.51597417e-08  49.9673  49.5091
0202-05-13_00:09:08.280000      7820.25        2.09878300e+00       -1.19362717e-08  49.9673  49.5091
0202-05-13_00:09:08.490000      7820.46        2.10840600e+00       -1.34849117e-08  49.9463  49.4794
0202-05-13_00:09:08.690000      7820.66        2.11817500e+00       -1.02000717e-08  49.9463  49.4794
0202-05-13_00:09:08.895000      7820.86        2.12863500e+00       -1.23073217e-08  49.9463  49.4794
0202-05-13_00:09:09.086000      7821.05        2.13830900e+00       -8.52666167e-09  49.9463  49.4794
0202-05-13_00:09:09.297000      7821.26        2.14771900e+00       -6.85325167e-09  49.9711  49.5180
0202-05-13_00:09:09.490000      7821.46        2.15832300e+00       -4.25018167e-09  49.9711  49.5180
0202-05-13_00:09:09.684000      7821.65        2.16833500e+00       -8.71260167e-09  49.9711  49.5180
0202-05-13_00:09:09.890000      7821.86        2.17753100e+00       -1.39807317e-08  49.9711  49.5180
0202-05-13_00:09:10.086000      7822.05        2.18781600e+00       -1.67697517e-08  49.9711  49.5180
0202-05-13_00:09:10.285000      7822.25        2.19812400e+00       -1.62119417e-08  49.9711  49.5180
0202-05-13_00:09:10.496000      7822.46        2.20790700e+00       -1.53442517e-08  49.9592  49.4974
0202-05-13_00:09:10.688000      7822.65        2.21786300e+00       -1.37948017e-08  49.9592  49.4974
0202-05-13_00:09:10.880000      7822.85        2.22767500e+00       -9.95216167e-09  49.9592  49.4974
0202-05-13_00:09:11.074000      7823.04        2.23748100e+00       -9.45633167e-09  49.9592  49.4974
0202-05-13_00:09:11.270000      7823.24        2.24720100e+00       -1.81952417e-08  49.9592  49.4974
0202-05-13_00:09:11.473000      7823.44        2.25769200e+00       -2.09842517e-08  49.9674  49.5061
0202-05-13_00:09:11.664000      7823.63        2.26741300e+00       -2.07983217e-08  49.9674  49.5061
0202-05-13_00:09:11.860000      7823.83        2.27639500e+00       -1.54682117e-08  49.9674  49.5061
0202-05-13_00:09:12.062000      7824.03        2.28698700e+00       -1.68937017e-08  49.9674  49.5061
0202-05-13_00:09:12.260000      7824.23        2.29708700e+00       -1.49104017e-08  49.9674  49.5061
0202-05-13_00:09:12.480000      7824.45        2.30681600e+00       -1.62739217e-08  49.9405  49.4813
0202-05-13_00:09:12.670000      7824.64        2.31732500e+00       -1.42286417e-08  49.9405  49.4813
0202-05-13_00:09:12.867000      7824.83        2.32712200e+00       -1.86290917e-08  49.9405  49.4813
0202-05-13_00:09:13.060000      7825.03        2.33583300e+00       -1.93108517e-08  49.9405  49.4813
0202-05-13_00:09:13.273000      7825.24        2.34717900e+00       -2.09222817e-08  49.9405  49.4813
0202-05-13_00:09:13.470000      7825.44        2.35607700e+00       -1.86290917e-08  49.9816  49.5163
0202-05-13_00:09:13.660000      7825.63        2.36610700e+00       -1.63978817e-08  49.9816  49.5163
0202-05-13_00:09:13.860000      7825.83        2.37653600e+00       -1.61499617e-08  49.9816  49.5163
0202-05-13_00:09:14.050000      7826.02        2.38637800e+00       -1.42908117e-08  49.9816  49.5163
0202-05-13_00:09:14.250000      7826.22        2.39618600e+00       -1.71419817e-08  49.9816  49.5163
0202-05-13_00:09:14.450000      7826.42        2.40630500e+00       -1.18740917e-08  49.9507  49.4739
0202-05-13_00:09:14.640000      7826.61        2.41655900e+00       -1.28037717e-08  49.9507  49.4739
0202-05-13_00:09:14.832000      7826.80        2.42530500e+00       -7.84552167e-09  49.9507  49.4739
0202-05-13_00:09:15.040000      7827.01        2.43622000e+00       -1.19360717e-08  49.9507  49.4739
0202-05-13_00:09:15.266000      7827.23        2.44627500e+00       -1.13782717e-08  49.9507  49.4739
0202-05-13_00:09:15.465000      7827.43        2.45609600e+00       -1.46011317e-08  49.9797  49.4939
0202-05-13_00:09:15.660000      7827.63        2.46592000e+00       -1.20600317e-08  49.9797  49.4939
0202-05-13_00:09:15.867000      7827.83        2.47529100e+00       -1.10683817e-08  49.9797  49.4939
0202-05-13_00:09:16.060000      7828.03        2.48601600e+00       -8.83717167e-09  49.9797  49.4939
0202-05-13_00:09:16.285000      7828.25        2.49598500e+00       -9.58091167e-09  49.9797  49.4939
0202-05-13_00:09:16.496000      7828.46        2.50626100e+00       -1.23079417e-08  49.9408  49.4792
0202-05-13_00:09:16.688000      7828.66        2.51586700e+00       -1.44771717e-08  49.9408  49.4792
0202-05-13_00:09:16.883000      7828.85        2.52475500e+00       -1.49730017e-08  49.9408  49.4792
0202-05-13_00:09:17.086000      7829.05        2.53573100e+00       -1.21839817e-08  49.9408  49.4792
0202-05-13_00:09:17.285000      7829.25        2.54584400e+00       -1.23079417e-08  49.9408  49.4792
0202-05-13_00:09:17.496000      7829.46        2.55522500e+00       -8.58926167e-09  49.9725  49.5111
0202-05-13_00:09:17.688000      7829.66        2.56545400e+00       -3.63101167e-09  49.9725  49.5111
0202-05-13_00:09:17.880000      7829.85        2.57526600e+00        1.51315833e-09  49.9725  49.5111
0202-05-13_00:09:18.070000      7830.04        2.58482200e+00       -1.27585167e-09  49.9725  49.5111
0202-05-13_00:09:18.266000      7830.24        2.59549600e+00       -8.21739167e-09  49.9725  49.5111
0202-05-13_00:09:18.460000      7830.43        2.60535100e+00       -1.08204717e-08  49.9528  49.4776
0202-05-13_00:09:18.652000      7830.62        2.61412400e+00       -8.34135167e-09  49.9528  49.4776
0202-05-13_00:09:18.860000      7830.83        2.62517700e+00       -3.81695167e-09  49.9528  49.4776
0202-05-13_00:09:19.050000      7831.02        2.63516100e+00       -5.67629167e-09  49.9528  49.4776
0202-05-13_00:09:19.270000      7831.24        2.64475800e+00       -8.65124167e-09  49.9528  49.4776
0202-05-13_00:09:19.465000      7831.43        2.65525100e+00       -1.39813517e-08  49.9657  49.4877
0202-05-13_00:09:19.656000      7831.62        2.66488100e+00       -1.23079417e-08  49.9657  49.4877
0202-05-13_00:09:19.848000      7831.82        2.67434000e+00       -1.24319017e-08  49.9657  49.4877
0202-05-13_00:09:20.050000      7832.02        2.68448000e+00       -1.13778117e-08  49.9657  49.4877
0202-05-13_00:09:20.273000      7832.24        2.69467300e+00       -1.62737417e-08  49.9657  49.4877
0202-05-13_00:09:20.484000      7832.45        2.70429200e+00       -1.47859217e-08  49.9437  49.4765
0202-05-13_00:09:20.688000      7832.66        2.71471300e+00       -9.88965167e-09  49.9437  49.4765
0202-05-13_00:09:20.883000      7832.85        2.72455700e+00       -8.34020167e-09  49.9437  49.4765
0202-05-13_00:09:21.074000      7833.04        2.73381100e+00       -1.34843817e-08  49.9437  49.4765
0202-05-13_00:09:21.285000      7833.25        2.74476700e+00       -1.94962617e-08  49.9437  49.4765
0202-05-13_00:09:21.484000      7833.45        2.75415700e+00       -1.68931817e-08  49.9732  49.5141
0202-05-13_00:09:21.676000      7833.64        2.76408500e+00       -1.43520817e-08  49.9732  49.5141
0202-05-13_00:09:21.875000      7833.84        2.77412400e+00       -1.33604317e-08  49.9732  49.5141
0202-05-13_00:09:22.066000      7834.03        2.78440200e+00       -1.59015317e-08  49.9732  49.5141
0202-05-13_00:09:22.280000      7834.25        2.79326900e+00       -1.56536217e-08  49.9732  49.5141
0202-05-13_00:09:22.477000      7834.44        2.80384800e+00       -1.62114217e-08  49.9546  49.4801
0202-05-13_00:09:22.676000      7834.65        2.81402300e+00       -1.36703217e-08  49.9546  49.4801
0202-05-13_00:09:22.880000      7834.85        2.82358000e+00       -1.24307517e-08  49.9546  49.4801
0202-05-13_00:09:23.082000      7835.05        2.83330700e+00       -1.10052617e-08  49.9546  49.4801
0202-05-13_00:09:23.285000      7835.25        2.84379400e+00       -1.06953717e-08  49.9546  49.4801
0202-05-13_00:09:23.480000      7835.45        2.85259100e+00       -1.32984517e-08  49.9692  49.5067
0202-05-13_00:09:23.688000      7835.66        2.86335000e+00       -1.36083417e-08  49.9692  49.5067
0202-05-13_00:09:23.880000      7835.85        2.87371200e+00       -1.50958117e-08  49.9692  49.5067
0202-05-13_00:09:24.070000      7836.04        2.88273700e+00       -1.37942717e-08  49.9692  49.5067
0202-05-13_00:09:24.280000      7836.25        2.89332700e+00       -1.28026217e-08  49.9692  49.5067
0202-05-13_00:09:24.480000      7836.45        2.90291500e+00       -1.15630617e-08  49.9408  49.4773
0202-05-13_00:09:24.670000      7836.64        2.91262600e+00       -9.33185167e-09  49.9408  49.4773
0202-05-13_00:09:24.867000      7836.84        2.92324900e+00       -1.47239417e-08  49.9408  49.4773
0202-05-13_00:09:25.062000      7837.03        2.93319800e+00       -1.43520817e-08  49.9408  49.4773
0202-05-13_00:09:25.258000      7837.23        2.94256700e+00       -2.20373617e-08  49.9408  49.4773
0202-05-13_00:09:25.465000      7837.43        2.95243000e+00       -1.78228517e-08  49.9710  49.5024
0202-05-13_00:09:25.656000      7837.63        2.96271600e+00       -1.76369117e-08  49.9710  49.5024
0202-05-13_00:09:25.850000      7837.82        2.97219100e+00       -1.60255217e-08  49.9710  49.5024
0202-05-13_00:09:26.060000      7838.03        2.98209400e+00       -1.59016617e-08  49.9710  49.5024
0202-05-13_00:09:26.273000      7838.24        2.99317900e+00       -1.55919017e-08  49.9710  49.5024
0202-05-13_00:09:26.492000      7838.46        3.00267000e+00       -1.08816317e-08  49.9462  49.4875
0202-05-13_00:09:26.688000      7838.65        3.01252900e+00       -1.44143817e-08  49.9462  49.4875
0202-05-13_00:09:26.887000      7838.86        3.02246700e+00       -1.59018617e-08  49.9462  49.4875
0202-05-13_00:09:27.090000      7839.06        3.03174300e+00       -1.46622917e-08  49.9462  49.4875
0202-05-13_00:09:27.290000      7839.26        3.04209300e+00       -1.11915217e-08  49.9621  49.5075
0202-05-13_00:09:27.496000      7839.46        3.05244200e+00       -1.42284517e-08  49.9621  49.5075
0202-05-13_00:09:27.688000      7839.66        3.06177200e+00       -1.52201017e-08  49.9621  49.5075
0202-05-13_00:09:27.880000      7839.85        3.07205900e+00       -1.65216417e-08  49.9621  49.5075
0202-05-13_00:09:28.082000      7840.05        3.08184200e+00       -1.55299917e-08  49.9621  49.5075
0202-05-13_00:09:28.285000      7840.25        3.09147300e+00       -1.57779017e-08  49.9621  49.5075
0202-05-13_00:09:28.484000      7840.45        3.10131300e+00       -2.01163617e-08  49.9502  49.4857
0202-05-13_00:09:28.680000      7840.65        3.11183400e+00       -2.24715317e-08  49.9502  49.4857
0202-05-13_00:09:28.875000      7840.84        3.12107700e+00       -2.13559317e-08  49.9502  49.4857
0202-05-13_00:09:29.074000      7841.04        3.13114400e+00       -1.99924117e-08  49.9502  49.4857
0202-05-13_00:09:29.277000      7841.25        3.14170900e+00       -1.98064717e-08  49.9502  49.4857
0202-05-13_00:09:29.473000      7841.44        3.15156500e+00       -1.65216417e-08  49.9651  49.5091
0202-05-13_00:09:29.670000      7841.64        3.16035400e+00       -1.42904317e-08  49.9651  49.5091
0202-05-13_00:09:29.875000      7841.84        3.17110400e+00       -1.15633917e-08  49.9651  49.5091
0202-05-13_00:09:30.066000      7842.04        3.18135900e+00       -1.52201017e-08  49.9651  49.5091
0202-05-13_00:09:30.280000      7842.25        3.19073700e+00       -1.00759217e-08  49.9651  49.5091
0202-05-13_00:09:30.477000      7842.44        3.20113200e+00       -9.88998167e-09  49.9544  49.4778
0202-05-13_00:09:30.668000      7842.64        3.21079900e+00       -4.31196167e-09  49.9544  49.4778
0202-05-13_00:09:30.870000      7842.84        3.22088500e+00       -8.27855167e-09  49.9544  49.4778
0202-05-13_00:09:31.066000      7843.03        3.23089900e+00       -5.86141167e-09  49.9544  49.4778
0202-05-13_00:09:31.270000      7843.24        3.24094100e+00       -5.48954167e-09  49.9544  49.4778
0202-05-13_00:09:31.477000      7843.44        3.25085900e+00       -2.08075167e-09  49.9760  49.4949
0202-05-13_00:09:31.668000      7843.64        3.26036300e+00       -1.83283167e-09  49.9760  49.4949
0202-05-13_00:09:31.863000      7843.83        3.27077600e+00       -1.21311167e-09  49.9760  49.4949
0202-05-13_00:09:32.066000      7844.03        3.28108500e+00       -1.08939167e-09  49.9760  49.4949
0202-05-13_00:09:32.305000      7844.27        3.29103400e+00       -5.42809167e-09  49.9760  49.4949
0202-05-13_00:09:32.500000      7844.47        3.30088500e+00       -7.72133167e-09  49.9471  49.4820
0202-05-13_00:09:32.690000      7844.66        3.30950600e+00       -6.91562167e-09  49.9471  49.4820
0202-05-13_00:09:32.890000      7844.86        3.32039900e+00       -2.51518167e-09  49.9471  49.4820
0202-05-13_00:09:33.082000      7845.05        3.33010800e+00       -2.08133167e-09  49.9471  49.4820
0202-05-13_00:09:33.277000      7845.25        3.33963400e+00       -1.08968167e-09  49.9471  49.4820
0202-05-13_00:09:33.477000      7845.44        3.35063900e+00       -1.02771167e-09  49.9676  49.5066
0202-05-13_00:09:33.668000      7845.64        3.36033500e+00       -3.01100167e-09  49.9676  49.5066
0202-05-13_00:09:33.863000      7845.83        3.36970800e+00       -6.10991167e-09  49.9676  49.5066
0202-05-13_00:09:34.070000      7846.04        3.38008500e+00       -7.34947167e-09  49.9676  49.5066
0202-05-13_00:09:34.277000      7846.25        3.39043600e+00       -1.15639717e-08  49.9676  49.5066
0202-05-13_00:09:34.470000      7846.44        3.39940500e+00       -9.14683167e-09  49.9453  49.4761
0202-05-13_00:09:34.668000      7846.64        3.41009700e+00       -8.77496167e-09  49.9453  49.4761
0202-05-13_00:09:34.860000      7846.83        3.42014800e+00       -9.89057167e-09  49.9453  49.4761
0202-05-13_00:09:35.062000      7847.03        3.42888100e+00       -5.42815167e-09  49.9453  49.4761
0202-05-13_00:09:35.266000      7847.23        3.43979600e+00       -6.79166167e-09  49.9453  49.4761
0202-05-13_00:09:35.460000      7847.43        3.45009300e+00       -5.11826167e-09  49.9657  49.5038
0202-05-13_00:09:35.668000      7847.64        3.45861800e+00       -9.58068167e-09  49.9657  49.5038
0202-05-13_00:09:35.867000      7847.83        3.46957900e+00       -1.37332117e-08  49.9657  49.5038
0202-05-13_00:09:36.060000      7848.03        3.47949300e+00       -1.35472717e-08  49.9657  49.5038
0202-05-13_00:09:36.277000      7848.25        3.48857300e+00       -1.29894717e-08  49.9657  49.5038
0202-05-13_00:09:36.490000      7848.46        3.49948800e+00       -9.14683167e-09  49.9538  49.5006
0202-05-13_00:09:36.690000      7848.66        3.50905500e+00       -7.84529167e-09  49.9538  49.5006
0202-05-13_00:09:36.883000      7848.85        3.51886300e+00       -4.31254167e-09  49.9538  49.5006
0202-05-13_00:09:37.094000      7849.06        3.52903700e+00       -7.03958167e-09  49.9538  49.5006
0202-05-13_00:09:37.293000      7849.26        3.53876800e+00       -1.02004617e-08  49.9739  49.5050
0202-05-13_00:09:37.490000      7849.45        3.54883200e+00       -1.36712317e-08  49.9739  49.5050
0202-05-13_00:09:37.690000      7849.66        3.55898300e+00       -1.53446417e-08  49.9739  49.5050
0202-05-13_00:09:37.883000      7849.85        3.56864500e+00       -1.42287417e-08  49.9739  49.5050
0202-05-13_00:09:38.074000      7850.04        3.57836000e+00       -8.52633167e-09  49.9739  49.5050
0202-05-13_00:09:38.285000      7850.25        3.58901700e+00       -7.34817167e-09  49.9739  49.5050
0202-05-13_00:09:38.484000      7850.45        3.59864100e+00       -6.60429167e-09  49.9379  49.4846
0202-05-13_00:09:38.676000      7850.64        3.60827400e+00       -7.65792167e-09  49.9379  49.4846
0202-05-13_00:09:38.880000      7850.85        3.61851200e+00       -7.41000167e-09  49.9379  49.4846
0202-05-13_00:09:39.074000      7851.04        3.62828500e+00       -8.27770167e-09  49.9379  49.4846
0202-05-13_00:09:39.270000      7851.24        3.63773100e+00       -1.34838617e-08  49.9379  49.4846
0202-05-13_00:09:39.473000      7851.44        3.64814200e+00       -1.05708917e-08  49.9769  49.5196
0202-05-13_00:09:39.668000      7851.64        3.65843700e+00       -9.45528167e-09  49.9769  49.5196
0202-05-13_00:09:39.860000      7851.83        3.66699600e+00       -7.84385167e-09  49.9769  49.5196
0202-05-13_00:09:40.066000      7852.03        3.67814400e+00       -7.28605167e-09  49.9769  49.5196
0202-05-13_00:09:40.277000      7852.25        3.68820900e+00       -7.10011167e-09  49.9769  49.5196
0202-05-13_00:09:40.473000      7852.44        3.69785900e+00       -1.58406167e-09  49.9546  49.5014
0202-05-13_00:09:40.676000      7852.65        3.70782400e+00       -2.38978167e-09  49.9546  49.5014
0202-05-13_00:09:40.880000      7852.85        3.71754400e+00        9.13814833e-09  49.9546  49.5014
0202-05-13_00:09:41.074000      7853.04        3.72746700e+00        1.34146383e-08  49.9546  49.5014
0202-05-13_00:09:41.285000      7853.25        3.73780700e+00        1.01917783e-08  49.9546  49.5014
0202-05-13_00:09:41.480000      7853.45        3.74711300e+00        1.15552983e-08  49.9726  49.5113
0202-05-13_00:09:41.670000      7853.64        3.75700000e+00        5.91528833e-09  49.9726  49.5113
0202-05-13_00:09:41.880000      7853.85        3.76764300e+00        6.59704833e-09  49.9726  49.5113
0202-05-13_00:09:42.070000      7854.04        3.77752600e+00        7.65067833e-09  49.9726  49.5113
0202-05-13_00:09:42.266000      7854.23        3.78653200e+00        1.70093683e-08  49.9527  49.4773
0202-05-13_00:09:42.473000      7854.44        3.79681300e+00        2.27733283e-08  49.9527  49.4773
0202-05-13_00:09:42.668000      7854.63        3.80707500e+00        2.48805883e-08  49.9527  49.4773
0202-05-13_00:09:42.860000      7854.83        3.81655200e+00        2.35790483e-08  49.9527  49.4773
0202-05-13_00:09:43.066000      7855.03        3.82699300e+00        2.48186083e-08  49.9527  49.4773
0202-05-13_00:09:43.260000      7855.23        3.83699300e+00        2.87232283e-08  49.9527  49.4773
0202-05-13_00:09:43.470000      7855.44        3.84674700e+00        2.98388383e-08  49.9540  49.4973
0202-05-13_00:09:43.660000      7855.63        3.85697000e+00        3.64085083e-08  49.9540  49.4973
0202-05-13_00:09:43.855000      7855.82        3.86675100e+00        4.08087483e-08  49.9540  49.4973
0202-05-13_00:09:44.047000      7856.01        3.87595600e+00        4.90515283e-08  49.9540  49.4973
0202-05-13_00:09:44.260000      7856.23        3.88693000e+00        5.15922183e-08  49.9540  49.4973
0202-05-13_00:09:44.460000      7856.43        3.89634600e+00        5.67362983e-08  49.9507  49.4889
0202-05-13_00:09:44.668000      7856.63        3.90621300e+00        6.00211383e-08  49.9507  49.4889
0202-05-13_00:09:44.860000      7856.83        3.91634500e+00        7.08053183e-08  49.9507  49.4889
0202-05-13_00:09:45.055000      7857.02        3.92619400e+00        7.30985083e-08  49.9507  49.4889
0202-05-13_00:09:45.270000      7857.24        3.93606600e+00        7.68171983e-08  49.9507  49.4889
0202-05-13_00:09:45.490000      7857.46        3.94624200e+00        8.71675283e-08  49.9801  49.5107
0202-05-13_00:09:45.688000      7857.66        3.95573800e+00        9.44189683e-08  49.9801  49.5107
0202-05-13_00:09:45.883000      7857.85        3.96539400e+00        1.00430838e-07  49.9801  49.5107
0202-05-13_00:09:46.086000      7858.05        3.97603900e+00        1.06256778e-07  49.9801  49.5107
0202-05-13_00:09:46.293000      7858.26        3.98563900e+00        1.20325798e-07  49.9801  49.5107
0202-05-13_00:09:46.500000      7858.47        3.99550700e+00        1.24912178e-07  49.9617  49.4740
0202-05-13_00:09:46.690000      7858.66        4.00539900e+00        1.30552178e-07  49.9617  49.4740
0202-05-13_00:09:46.887000      7858.85        4.01491400e+00        1.36316138e-07  49.9617  49.4740
0202-05-13_00:09:47.080000      7859.05        4.02556300e+00        1.46356588e-07  49.9617  49.4740
0202-05-13_00:09:47.273000      7859.24        4.03546500e+00        1.56520988e-07  49.9617  49.4740
0202-05-13_00:09:47.470000      7859.44        4.04530800e+00        1.67862978e-07  49.9624  49.5057
0202-05-13_00:09:47.664000      7859.63        4.05482500e+00        1.78089358e-07  49.9624  49.5057
0202-05-13_00:09:47.867000      7859.84        4.06557700e+00        1.99781678e-07  49.9624  49.5057
0202-05-13_00:09:48.060000      7860.03        4.07558600e+00        2.15152248e-07  49.9624  49.5057
0202-05-13_00:09:48.277000      7860.25        4.08539200e+00        2.29903028e-07  49.9624  49.5057
0202-05-13_00:09:48.473000      7860.44        4.09525800e+00        2.44715778e-07  49.9561  49.4812
0202-05-13_00:09:48.668000      7860.63        4.10472100e+00        2.53764578e-07  49.9561  49.4812
0202-05-13_00:09:48.860000      7860.83        4.11465300e+00        2.67895578e-07  49.9561  49.4812
0202-05-13_00:09:49.055000      7861.02        4.12415600e+00        2.94670108e-07  49.9561  49.4812
0202-05-13_00:09:49.280000      7861.25        4.13484200e+00        3.17168148e-07  49.9561  49.4812
0202-05-13_00:09:49.480000      7861.45        4.14438000e+00        3.47413438e-07  49.9494  49.4962
0202-05-13_00:09:49.680000      7861.65        4.15449000e+00        3.60986638e-07  49.9494  49.4962
0202-05-13_00:09:49.883000      7861.85        4.16497200e+00        3.82059908e-07  49.9494  49.4962
0202-05-13_00:09:50.080000      7862.05        4.17487800e+00        3.98608778e-07  49.9494  49.4962
0202-05-13_00:09:50.293000      7862.26        4.18386600e+00        4.30156598e-07  49.9494  49.4962
0202-05-13_00:09:50.492000      7862.46        4.19486900e+00        4.55071818e-07  49.9489  49.4622
0202-05-13_00:09:50.695000      7862.66        4.20466200e+00        4.75648558e-07  49.9489  49.4622
0202-05-13_00:09:50.887000      7862.85        4.21335400e+00        5.06575648e-07  49.9489  49.4622
0202-05-13_00:09:51.082000      7863.05        4.22426300e+00        5.27400298e-07  49.9489  49.4622
0202-05-13_00:09:51.280000      7863.25        4.23421400e+00        5.59009148e-07  49.9489  49.4622
0202-05-13_00:09:51.477000      7863.45        4.24356400e+00        5.97559548e-07  49.9595  49.4995
0202-05-13_00:09:51.670000      7863.64        4.25417900e+00        6.34374558e-07  49.9595  49.4995
0202-05-13_00:09:51.863000      7863.83        4.26410700e+00        6.62450648e-07  49.9595  49.4995
0202-05-13_00:09:52.060000      7864.03        4.27307400e+00        7.06269198e-07  49.9595  49.4995
0202-05-13_00:09:52.266000      7864.23        4.28411900e+00        7.42278488e-07  49.9595  49.4995
0202-05-13_00:09:52.477000      7864.44        4.29392000e+00        7.69672828e-07  49.9581  49.4914
0202-05-13_00:09:52.668000      7864.64        4.30363200e+00        8.25639078e-07  49.9581  49.4914
0202-05-13_00:09:52.860000      7864.83        4.31403300e+00        8.70759158e-07  49.9581  49.4914
0202-05-13_00:09:53.050000      7865.02        4.32378800e+00        9.15445398e-07  49.9581  49.4914
0202-05-13_00:09:53.300000      7865.27        4.33324700e+00        9.79468808e-07  49.9581  49.4914
0202-05-13_00:09:53.500000      7865.47        4.34393400e+00        1.04324431e-06  49.9704  49.4936
0202-05-13_00:09:53.690000      7865.66        4.35298600e+00        1.09040967e-06  49.9704  49.4936
0202-05-13_00:09:53.890000      7865.86        4.36341500e+00        1.15554869e-06  49.9704  49.4936
0202-05-13_00:09:54.082000      7866.05        4.37323600e+00        1.20562703e-06  49.9704  49.4936
0202-05-13_00:09:54.285000      7866.25        4.38278500e+00        1.26227504e-06  49.9704  49.4936
0202-05-13_00:09:54.480000      7866.45        4.39335300e+00        1.33819826e-06  49.9630  49.4884
0202-05-13_00:09:54.676000      7866.64        4.40324800e+00        1.40030035e-06  49.9630  49.4884
0202-05-13_00:09:54.867000      7866.83        4.41265800e+00        1.46271233e-06  49.9630  49.4884
0202-05-13_00:09:55.070000      7867.04        4.42297900e+00        1.55784876e-06  49.9630  49.4884
0202-05-13_00:09:55.277000      7867.25        4.43332300e+00        1.62992933e-06  49.9630  49.4884
0202-05-13_00:09:55.484000      7867.45        4.44269100e+00        1.70262969e-06  49.9801  49.5171
0202-05-13_00:09:55.676000      7867.64        4.45263400e+00        1.80322020e-06  49.9801  49.5171
0202-05-13_00:09:55.870000      7867.84        4.46279400e+00        1.88273798e-06  49.9801  49.5171
0202-05-13_00:09:56.062000      7868.03        4.47275400e+00        1.96770984e-06  49.9801  49.5171
0202-05-13_00:09:56.277000      7868.24        4.48250700e+00        2.08292696e-06  49.9801  49.5171
0202-05-13_00:09:56.470000      7868.44        4.49292000e+00        2.17942690e-06  49.9472  49.4796
0202-05-13_00:09:56.670000      7868.64        4.50254800e+00        2.27394354e-06  49.9472  49.4796
0202-05-13_00:09:56.867000      7868.83        4.51212500e+00        2.40230024e-06  49.9472  49.4796
0202-05-13_00:09:57.060000      7869.03        4.52238700e+00        2.49954392e-06  49.9472  49.4796
0202-05-13_00:09:57.273000      7869.24        4.53245300e+00        2.60881135e-06  49.9472  49.4796
0202-05-13_00:09:57.470000      7869.44        4.54176800e+00        2.75253863e-06  49.9986  49.5252
0202-05-13_00:09:57.660000      7869.63        4.55223300e+00        2.86719816e-06  49.9986  49.5252
0202-05-13_00:09:57.850000      7869.82        4.56223700e+00        2.98198165e-06  49.9986  49.5252
0202-05-13_00:09:58.050000      7870.02        4.57134100e+00        3.14492214e-06  49.9986  49.5252
0202-05-13_00:09:58.260000      7870.23        4.58203900e+00        3.27482829e-06  49.9986  49.5252
0202-05-13_00:09:58.460000      7870.43        4.59185200e+00        3.40690367e-06  49.9444  49.4858
0202-05-13_00:09:58.664000      7870.63        4.60164200e+00        3.55726260e-06  49.9444  49.4858
0202-05-13_00:09:58.863000      7870.83        4.61185200e+00        3.75807173e-06  49.9444  49.4858
0202-05-13_00:09:59.060000      7871.03        4.62153300e+00        3.91549617e-06  49.9444  49.4858
0202-05-13_00:09:59.273000      7871.24        4.63077800e+00        4.11450793e-06  49.9444  49.4858
0202-05-13_00:09:59.473000      7871.44        4.64172500e+00        4.27205632e-06  49.9730  49.5053
0202-05-13_00:09:59.664000      7871.63        4.65173400e+00        4.43877748e-06  49.9730  49.5053
0202-05-13_00:09:59.870000      7871.84        4.66127500e+00        4.67956249e-06  49.9730  49.5053
0202-05-13_00:10:00.062000      7872.03        4.67083300e+00        4.85917510e-06  49.9730  49.5053
0202-05-13_00:10:00.260000      7872.23        4.68158500e+00        5.04504749e-06  49.9730  49.5053
0202-05-13_00:10:00.465000      7872.43        4.69073800e+00        5.30343429e-06  49.9466  49.4823
0202-05-13_00:10:00.660000      7872.63        4.70116300e+00        5.50449133e-06  49.9466  49.4823
0202-05-13_00:10:00.850000      7872.82        4.71109800e+00        5.71639454e-06  49.9466  49.4823
0202-05-13_00:10:01.055000      7873.02        4.72113500e+00        6.01326975e-06  49.9466  49.4823
0202-05-13_00:10:01.260000      7873.23        4.73085600e+00        6.24215497e-06  49.9466  49.4823
0202-05-13_00:10:01.465000      7873.43        4.74127100e+00        6.46645380e-06  49.9638  49.5143
0202-05-13_00:10:01.656000      7873.62        4.75059800e+00        6.77690222e-06  49.9638  49.5143
0202-05-13_00:10:01.850000      7873.82        4.75954700e+00        7.01570256e-06  49.9638  49.5143
0202-05-13_00:10:02.043000      7874.01        4.77079700e+00        7.27470773e-06  49.9638  49.5143
0202-05-13_00:10:02.280000      7874.25        4.78090300e+00        7.64273187e-06  49.9638  49.5143
0202-05-13_00:10:02.504000      7874.47        4.79106900e+00        8.00425009e-06  49.9545  49.4846
0202-05-13_00:10:02.695000      7874.67        4.80035100e+00        8.26294665e-06  49.9545  49.4846
0202-05-13_00:10:02.890000      7874.86        4.81026500e+00        8.51550737e-06  49.9545  49.4846
0202-05-13_00:10:03.086000      7875.05        4.82045600e+00        8.91415047e-06  49.9545  49.4846
0202-05-13_00:10:03.285000      7875.25        4.83052500e+00        9.22788357e-06  49.9545  49.4846
0202-05-13_00:10:03.480000      7875.45        4.83960400e+00        9.55407427e-06  49.9598  49.5165
0202-05-13_00:10:03.676000      7875.64        4.85052100e+00        9.99926287e-06  49.9598  49.5165
0202-05-13_00:10:03.867000      7875.84        4.86040300e+00        1.03462783e-05  49.9598  49.5165
0202-05-13_00:10:04.062000      7876.03        4.86948300e+00        1.06981899e-05  49.9598  49.5165
0202-05-13_00:10:04.270000      7876.24        4.88027100e+00        1.11956880e-05  49.9598  49.5165
0202-05-13_00:10:04.496000      7876.46        4.89060400e+00        1.15811918e-05  49.9438  49.4754
0202-05-13_00:10:04.688000      7876.65        4.90000300e+00        1.19855368e-05  49.9438  49.4754
0202-05-13_00:10:04.895000      7876.86        4.90987100e+00        1.23947782e-05  49.9438  49.4754
0202-05-13_00:10:05.090000      7877.06        4.91916500e+00        1.29453296e-05  49.9438  49.4754
0202-05-13_00:10:05.290000      7877.26        4.92926500e+00        1.33705612e-05  49.9715  49.5150
0202-05-13_00:10:05.492000      7877.46        4.93952500e+00        1.39613984e-05  49.9715  49.5150
0202-05-13_00:10:05.688000      7877.65        4.94936700e+00        1.44220196e-05  49.9715  49.5150
0202-05-13_00:10:05.880000      7877.85        4.95870600e+00        1.48763190e-05  49.9715  49.5150
0202-05-13_00:10:06.082000      7878.05        4.96987900e+00        1.62337631e-05  49.9715  49.5150
0202-05-13_00:10:06.280000      7878.25        4.97937500e+00        1.63503439e-05  49.9362  49.4691
0202-05-13_00:10:06.473000      7878.44        4.98828900e+00        1.66117055e-05  49.9362  49.4691
0202-05-13_00:10:06.676000      7878.64        4.99909400e+00        1.80111708e-05  49.9362  49.4691
0202-05-13_00:10:06.870000      7878.84        5.00907200e+00        1.81476465e-05  49.9362  49.4691
0202-05-13_00:10:07.062000      7879.03        5.01864200e+00        1.84520209e-05  49.9362  49.4691
0202-05-13_00:10:07.270000      7879.24        5.02840000e+00        1.98721869e-05  49.9362  49.4691
0202-05-13_00:10:07.470000      7879.44        5.03934100e+00        2.00441761e-05  49.9669  49.5068