# Ic = 0.54 A, n = 17.68 , Tavg = 71.10 K, f37-beamOnSet1-70K
#datetime                        t_s     iHTS_A                vHTS_V                tHTS_K  tTAR_K
0202-05-12_20:50:05.105000      2015.26        5.24877100e-02       -4.05513957e-09  71.0902  70.3333
0202-05-12_20:50:05.310000      2015.46        1.52589700e-02        6.29520543e-09  71.0902  70.3333
0202-05-12_20:50:05.500000      2015.65        2.51716900e-02        3.44421243e-09  71.0902  70.3333
0202-05-12_20:50:05.720000      2015.87        3.46287800e-02       -4.24107357e-09  71.0902  70.3333
0202-05-12_20:50:05.940000      2016.09        4.54780100e-02       -5.10876757e-09  71.1312  70.3598
0202-05-12_20:50:06.140000      2016.30        5.46842700e-02       -1.69997057e-09  71.1312  70.3598
0202-05-12_20:50:06.336000      2016.49        6.45539500e-02        1.83278143e-09  71.1312  70.3598
0202-05-12_20:50:06.543000      2016.69        7.49861300e-02        7.16289943e-09  71.1312  70.3598
0202-05-12_20:50:06.770000      2016.92        8.45901500e-02        8.71226643e-09  71.1312  70.3598
0202-05-12_20:50:07.016000      2017.17        9.53755600e-02        1.10052844e-08  71.1193  70.3448
0202-05-12_20:50:07.207000      2017.36        1.04044600e-01        1.27405004e-08  71.1193  70.3448
0202-05-12_20:50:07.410000      2017.56        1.14775000e-01        1.49097334e-08  71.1193  70.3448
0202-05-12_20:50:07.613000      2017.76        1.24681800e-01        9.57961843e-09  71.1193  70.3448
0202-05-12_20:50:07.812000      2017.97        1.34021700e-01        1.18108294e-08  71.1193  70.3448
0202-05-12_20:50:08.020000      2018.17        1.44951600e-01        1.09431364e-08  71.0933  70.3398
0202-05-12_20:50:08.210000      2018.37        1.54362700e-01        1.61492954e-08  71.0933  70.3398
0202-05-12_20:50:08.406000      2018.56        1.63525900e-01        1.40420404e-08  71.0933  70.3398
0202-05-12_20:50:08.613000      2018.77        1.74295000e-01        1.46618214e-08  71.0933  70.3398
0202-05-12_20:50:08.832000      2018.98        1.84498700e-01        1.29884134e-08  71.0933  70.3398
0202-05-12_20:50:09.050000      2019.20        1.94068500e-01        1.85044634e-08  71.1166  70.3267
0202-05-12_20:50:09.250000      2019.40        2.04104400e-01        1.86903974e-08  71.1166  70.3267
0202-05-12_20:50:09.445000      2019.60        2.13475400e-01        1.70169894e-08  71.1166  70.3267
0202-05-12_20:50:09.637000      2019.79        2.24177300e-01        1.84424854e-08  71.1166  70.3267
0202-05-12_20:50:09.848000      2020.00        2.33825800e-01        1.38561064e-08  71.1104  70.3295
0202-05-12_20:50:10.043000      2020.19        2.43079600e-01        1.67690764e-08  71.1104  70.3295
0202-05-12_20:50:10.234000      2020.39        2.53709200e-01        1.13769824e-08  71.1104  70.3295
0202-05-12_20:50:10.440000      2020.59        2.63506100e-01        1.36081934e-08  71.1104  70.3295
0202-05-12_20:50:10.633000      2020.79        2.73179900e-01        1.23066544e-08  71.1104  70.3295
0202-05-12_20:50:10.840000      2020.99        2.83591300e-01        1.19967634e-08  71.1228  70.3252
0202-05-12_20:50:11.035000      2021.19        2.93472800e-01        9.39368343e-09  71.1228  70.3252
0202-05-12_20:50:11.234000      2021.39        3.02699200e-01        1.05712674e-08  71.1228  70.3252
0202-05-12_20:50:11.426000      2021.58        3.13272300e-01        1.14389604e-08  71.1228  70.3252
0202-05-12_20:50:11.633000      2021.78        3.22907500e-01        1.47237994e-08  71.1228  70.3252
0202-05-12_20:50:11.836000      2021.99        3.32686700e-01        1.59013834e-08  71.1228  70.3252
0202-05-12_20:50:12.043000      2022.20        3.42669100e-01        1.93101784e-08  71.0795  70.2835
0202-05-12_20:50:12.240000      2022.39        3.52532900e-01        1.81325944e-08  71.0795  70.2835
0202-05-12_20:50:12.430000      2022.58        3.62459000e-01        1.91862224e-08  71.0795  70.2835
0202-05-12_20:50:12.637000      2022.79        3.72278200e-01        2.03638064e-08  71.0795  70.2835
0202-05-12_20:50:12.844000      2023.00        3.82499400e-01        2.55079384e-08  71.1284  70.3071
0202-05-12_20:50:13.050000      2023.21        3.92333500e-01        2.94744864e-08  71.1284  70.3071
0202-05-12_20:50:13.258000      2023.41        4.02154200e-01        2.76151194e-08  71.1284  70.3071
0202-05-12_20:50:13.457000      2023.61        4.12694700e-01        2.86687474e-08  71.1284  70.3071
0202-05-12_20:50:13.652000      2023.80        4.22347700e-01        3.25113884e-08  71.1284  70.3071
0202-05-12_20:50:13.848000      2024.00        4.31974000e-01        3.50524904e-08  71.1284  70.3071
0202-05-12_20:50:14.055000      2024.21        4.42407600e-01        3.45566654e-08  71.0889  70.2989
0202-05-12_20:50:14.250000      2024.40        4.52351500e-01        3.12718264e-08  71.0889  70.2989
0202-05-12_20:50:14.453000      2024.61        4.62280300e-01        3.41847964e-08  71.0889  70.2989
0202-05-12_20:50:14.645000      2024.80        4.71594900e-01        4.01966714e-08  71.0889  70.2989
0202-05-12_20:50:14.844000      2025.00        4.81856400e-01        4.78819534e-08  71.0889  70.2989
0202-05-12_20:50:15.070000      2025.22        4.91856700e-01        5.81083384e-08  71.1063  70.3210
0202-05-12_20:50:15.312000      2025.47        5.01864400e-01        6.85206564e-08  71.1063  70.3210
0202-05-12_20:50:15.520000      2025.67        5.10969700e-01        8.97791364e-08  71.1063  70.3210
0202-05-12_20:50:15.740000      2025.89        5.21633400e-01        1.06575196e-07  71.1063  70.3210
0202-05-12_20:50:15.957000      2026.11        5.31319400e-01        1.42274576e-07  71.1277  70.3032
0202-05-12_20:50:16.164000      2026.32        5.41643200e-01        1.98302766e-07  71.1277  70.3032
0202-05-12_20:50:16.360000      2026.51        5.51610800e-01        2.58483486e-07  71.1277  70.3032
0202-05-12_20:50:16.550000      2026.70        5.60587000e-01        3.31183786e-07  71.1277  70.3032
0202-05-12_20:50:16.770000      2026.92        5.71212200e-01        4.89413836e-07  71.1277  70.3032
0202-05-12_20:50:17             2027.15        5.81386100e-01        6.98589876e-07  71.0682  70.2602
0202-05-12_20:50:17.210000      2027.36        5.91289100e-01        9.02373826e-07  71.0682  70.2602
0202-05-12_20:50:17.426000      2027.58        6.01198800e-01        1.22726295e-06  71.0682  70.2602
0202-05-12_20:50:17.640000      2027.79        6.11170900e-01        1.54886723e-06  71.0682  70.2602
0202-05-12_20:50:17.836000      2027.99        6.21061400e-01        3.03472985e-06  71.0636  70.2464
0202-05-12_20:50:18.060000      2028.21        6.30898400e-01        3.11610708e-06  71.0636  70.2464
0202-05-12_20:50:18.250000      2028.40        6.40880900e-01        4.44361567e-06  71.0636  70.2464
0202-05-12_20:50:18.440000      2028.60        6.50712000e-01        6.08591095e-06  71.0636  70.2464
0202-05-12_20:50:18.656000      2028.81        6.60071100e-01        7.65334210e-06  71.0636  70.2464
0202-05-12_20:50:18.850000      2029.01        6.70544900e-01        9.09185426e-06  71.0988  70.2833
0202-05-12_20:50:19.055000      2029.21        6.80742500e-01        1.08978348e-05  71.0988  70.2833
0202-05-12_20:50:19.246000      2029.40        6.89898300e-01        1.33336369e-05  71.0988  70.2833
0202-05-12_20:50:19.440000      2029.59        7.00335000e-01        1.56757901e-05  71.0988  70.2833
0202-05-12_20:50:19.640000      2029.79        7.10130400e-01        1.91440856e-05  71.0988  70.2833
0202-05-12_20:50:19.848000      2030.00        7.19905100e-01        2.16365976e-05  71.0988  70.2833