# Tc = 0.00 K, f37-beamOnSet1
#datetime                        t_s     iHTS_A                vHTS_V                tHTS_K  tTAR_K
0202-05-13_01:03:08.004000      11059.97        2.16553900e-03        5.39208500e-09  76.6574  76.8264
0202-05-13_01:03:09.277000      11061.24        2.12517000e-03        3.99786500e-09  76.7135  76.8500
0202-05-13_01:03:10.555000      11062.52        2.07285300e-03        1.82835000e-09  76.6826  76.8248
0202-05-13_01:03:11.836000      11063.80        1.94929600e-03        2.88197500e-09  76.7617  76.8129
0202-05-13_01:03:13.105000      11065.07        2.18587200e-03        4.24549000e-09  76.7675  76.8379
0202-05-13_01:03:14.383000      11066.35        2.06892000e-03        2.94395500e-09  76.8184  76.7933
0202-05-13_01:03:15.668000      11067.64        2.00999900e-03        4.09062000e-09  76.8016  76.7782
0202-05-13_01:03:16.938000      11068.91        1.96599300e-03        4.55537500e-09  76.7819  76.7578
0202-05-13_01:03:18.210000      11070.18        1.95738500e-03        8.24306000e-09  76.8344  76.7611
0202-05-13_01:03:19.480000      11071.45        2.03827200e-03        4.77230000e-09  76.8999  76.7881
0202-05-13_01:03:20.750000      11072.72        2.10387300e-03        1.48748500e-09  76.9034  76.7808
0202-05-13_01:03:22.030000      11074.00        2.25117600e-03        6.44570000e-09  76.9312  76.7871
0202-05-13_01:03:23.300000      11075.27        2.21414600e-03        2.23120450e-09  76.9142  76.7720
0202-05-13_01:03:24.570000      11076.54        2.30571900e-03        2.10724850e-09  76.9121  76.7472
0202-05-13_01:03:25.860000      11077.83        2.11893700e-03       -3.00592850e-09  76.9511  76.7462
0202-05-13_01:03:27.130000      11079.10        2.37963000e-03        3.74939600e-09  76.9484  76.7407
0202-05-13_01:03:28.410000      11080.38        2.58912000e-03       -1.67340400e-09  76.9919  76.7357
0202-05-13_01:03:29.680000      11081.65        2.05971800e-03        3.81164350e-09  77.0097  76.7499
0202-05-13_01:03:30.950000      11082.92        2.48114700e-03        2.81999650e-09  76.9650  76.7204
0202-05-13_01:03:32.234000      11084.20        2.19151200e-03        5.17515050e-09  77.0366  76.7424
0202-05-13_01:03:33.508000      11085.48        2.51721100e-03        3.12988650e-09  77.0508  76.7584
0202-05-13_01:03:34.777000      11086.75        2.28916900e-03       -1.85933500e-10  77.0397  76.7533
0202-05-13_01:03:36.050000      11088.02        2.33132000e-03       -1.82834950e-09  77.0618  76.7387
0202-05-13_01:03:37.320000      11089.29        2.40849700e-03        1.79736050e-09  77.0503  76.7478
0202-05-13_01:03:38.594000      11090.56        2.41191000e-03       -1.54958200e-09  77.0649  76.7162
0202-05-13_01:03:39.883000      11091.85        2.25503400e-03        1.48747100e-09  77.1154  76.7390
0202-05-13_01:03:41.152000      11093.12        2.44582300e-03       -6.19779500e-10  77.0910  76.7499
0202-05-13_01:03:42.420000      11094.39        2.12784100e-03        2.60307450e-09  77.1055  76.7164
0202-05-13_01:03:43.703000      11095.67        2.20561200e-03       -1.23955500e-10  77.1281  76.7073
0202-05-13_01:03:44.977000      11096.94        2.20576000e-03        6.50814500e-10  77.1053  76.7240
0202-05-13_01:03:46.258000      11098.23        2.07233400e-03        7.43735000e-10  77.1592  76.7314
0202-05-13_01:03:47.530000      11099.50        2.33555100e-03       -2.07626150e-09  77.1982  76.7604
0202-05-13_01:03:48.816000      11100.78        2.40797800e-03        2.94395250e-09  77.1549  76.7413
0202-05-13_01:03:50.090000      11102.06        2.14743300e-03       -8.98575500e-10  77.2015  76.7478
0202-05-13_01:03:51.360000      11103.33        2.10276000e-03        2.78900500e-10  77.1680  76.7424
0202-05-13_01:03:52.630000      11104.60        2.19767200e-03        3.06790750e-09  77.1616  76.7147
0202-05-13_01:03:53.902000      11105.87        2.19952800e-03       -2.75801750e-09  77.2192  76.7293
0202-05-13_01:03:55.170000      11107.14        1.85052500e-03        3.71867550e-09  77.1890  76.7373
0202-05-13_01:03:56.470000      11108.44        2.36011400e-03        2.35504550e-09  77.2545  76.7692
0202-05-13_01:03:57.740000      11109.70        2.24063900e-03       -3.09889500e-10  77.2438  76.7377
0202-05-13_01:03:59.004000      11110.97        2.19277400e-03        1.61142650e-09  77.2099  76.7317
0202-05-13_01:04:00.273000      11112.24        2.13407600e-03        4.64834600e-09  77.2848  76.7576
0202-05-13_01:04:01.543000      11113.51        2.18431500e-03        2.29317450e-09  77.2686  76.7290
0202-05-13_01:04:02.820000      11114.79        1.86848400e-03        5.57801500e-10  77.2648  76.7686
0202-05-13_01:04:04.090000      11116.06        1.99790300e-03        2.16922500e-10  77.3029  76.7336
0202-05-13_01:04:05.360000      11117.33        2.23559200e-03       -8.98680000e-10  77.2806  76.7626
0202-05-13_01:04:06.633000      11118.60        2.30920700e-03       -5.82592750e-09  77.2835  76.7602
0202-05-13_01:04:07.914000      11119.88        2.34616300e-03        1.05349450e-09  77.3345  76.7867
0202-05-13_01:04:09.203000      11121.17        2.22861700e-03        2.47912000e-10  77.2938  76.7458
0202-05-13_01:04:10.480000      11122.45        2.17904500e-03       -1.33252650e-09  77.3573  76.7881
0202-05-13_01:04:11.773000      11123.74        2.23143600e-03        1.11560300e-09  77.3712  76.7899
0202-05-13_01:04:13.055000      11125.02        2.05296500e-03        7.12747000e-10  77.3900  76.8175
0202-05-13_01:04:14.344000      11126.31        2.19989800e-03       -4.15252550e-09  77.3749  76.7897
0202-05-13_01:04:15.620000      11127.59        2.02239100e-03        2.47912000e-10  77.3974  76.7865
0202-05-13_01:04:16.914000      11128.88        2.29918800e-03        5.29911800e-09  77.3907  76.8045
0202-05-13_01:04:18.210000      11130.18        2.42333800e-03       -1.61142750e-09  77.3916  76.8180
0202-05-13_01:04:19.496000      11131.47        2.68388300e-03       -2.16894000e-10  77.4039  76.8023
0202-05-13_01:04:20.780000      11132.75        2.47135000e-03        6.19780000e-11  77.4032  76.8223
0202-05-13_01:04:22.050000      11134.02        2.34348900e-03        6.50768500e-10  77.4353  76.7982
0202-05-13_01:04:23.320000      11135.29        2.23017300e-03        4.33846000e-10  77.4154  76.8442
0202-05-13_01:04:24.594000      11136.56        2.18245800e-03        1.73538350e-09  77.4172  76.8273
0202-05-13_01:04:25.867000      11137.84        2.25050700e-03        3.84257600e-09  77.4515  76.8277
0202-05-13_01:04:27.140000      11139.11        2.23381000e-03        3.22285650e-09  77.4449  76.8507
0202-05-13_01:04:28.406000      11140.38        2.37599300e-03       -1.42549400e-09  77.5036  76.8486
0202-05-13_01:04:29.676000      11141.64        2.35076200e-03       -2.75802150e-09  77.5088  76.8322
0202-05-13_01:04:30.945000      11142.91        2.18334900e-03        2.16770000e-10  77.5058  76.8590
0202-05-13_01:04:32.240000      11144.21        2.50199900e-03       -2.16923000e-10  77.4889  76.8330
0202-05-13_01:04:33.508000      11145.48        2.02506300e-03        1.30153850e-09  77.5326  76.8815
0202-05-13_01:04:34.773000      11146.74        2.35996400e-03       -6.81758500e-10  77.5030  76.8803
0202-05-13_01:04:36.050000      11148.02        2.09979100e-03        5.26813500e-10  77.5482  76.8772
0202-05-13_01:04:37.330000      11149.30        2.17147600e-03        2.47946500e-10  77.5357  76.9078
0202-05-13_01:04:38.613000      11150.58        2.24509100e-03        8.98681500e-10  77.5453  76.9126
0202-05-13_01:04:39.883000      11151.85        2.31544000e-03       -1.82835200e-09  77.5507  76.8751
0202-05-13_01:04:41.180000      11153.15        2.56292500e-03        2.16923100e-09  77.5625  76.9223
0202-05-13_01:04:42.490000      11154.45        2.27774200e-03       -1.64234450e-09  77.6077  76.9262
0202-05-13_01:04:43.758000      11155.73        2.68722300e-03        5.57802000e-10  77.6006  76.9320
0202-05-13_01:04:45.035000      11157.00        2.30987400e-03       -5.36109650e-09  77.5714  76.9338
0202-05-13_01:04:46.312000      11158.28        2.36990900e-03        1.08461500e-09  77.5982  76.9169
0202-05-13_01:04:47.582000      11159.55        2.54511500e-03        1.51846100e-09  77.6324  76.9318
0202-05-13_01:04:48.870000      11160.84        2.37228400e-03       -1.95234800e-09  77.6074  76.9366
0202-05-13_01:04:50.140000      11162.11        2.21006400e-03       -1.02263700e-09  77.6499  76.9548
0202-05-13_01:04:51.410000      11163.38        2.26824400e-03        2.20021900e-09  77.6146  76.9679
0202-05-13_01:04:52.684000      11164.65        2.24353200e-03       -2.13824100e-09  77.6202  76.9482
0202-05-13_01:04:53.957000      11165.92        2.08383600e-03       -1.79736200e-09  77.6666  76.9563
0202-05-13_01:04:55.227000      11167.20        2.06817800e-03        6.19805000e-11  77.6302  76.9711
0202-05-13_01:04:56.516000      11168.48        2.11003100e-03       -1.70439500e-09  77.6632  76.9987
0202-05-13_01:04:57.810000      11169.78        2.10387200e-03       -8.36703000e-10  77.7190  77.0020
0202-05-13_01:04:59.094000      11171.06        2.07648900e-03       -3.53274600e-09  77.6685  77.0078
0202-05-13_01:05:00.380000      11172.35        2.60106700e-03       -1.54924500e-09  77.6995  77.0128
0202-05-13_01:05:01.652000      11173.62        2.73664600e-03       -4.95824000e-10  77.7137  77.0031
0202-05-13_01:05:02.934000      11174.90        2.37391500e-03       -1.23956000e-10  77.6909  77.0390
0202-05-13_01:05:04.207000      11176.18        2.07841800e-03        3.78065600e-09  77.7111  77.0397
0202-05-13_01:05:05.477000      11177.44        2.71994800e-03        1.51846050e-09  77.7292  77.0464
0202-05-13_01:05:06.758000      11178.72        2.41665900e-03       -1.85959500e-10  77.7187  77.0405
0202-05-13_01:05:08.023000      11179.99        2.15663400e-03        1.64241600e-09  77.7814  77.0544
0202-05-13_01:05:09.305000      11181.27        2.37131700e-03       -1.33252650e-09  77.7294  77.0729
0202-05-13_01:05:10.580000      11182.55        2.25473700e-03       -1.42549350e-09  77.7569  77.0814
0202-05-13_01:05:11.850000      11183.82        2.24182400e-03       -1.08447800e-09  77.8207  77.0865
0202-05-13_01:05:13.120000      11185.09        2.29013400e-03        4.77230100e-09  77.7802  77.0927
0202-05-13_01:05:14.390000      11186.36        1.82462600e-03       -5.76394800e-09  77.8281  77.1081
0202-05-13_01:05:15.656000      11187.63        2.35499300e-03       -1.51845950e-09  77.7833  77.0873
0202-05-13_01:05:16.930000      11188.90        2.14891600e-03        3.25384150e-09  77.7794  77.1372
0202-05-13_01:05:18.210000      11190.18        2.07760200e-03       -5.48491700e-09  77.8458  77.1257
0202-05-13_01:05:19.496000      11191.46        2.31002300e-03       -1.36351450e-09  77.8345  77.1443
0202-05-13_01:05:20.785000      11192.75        2.06780700e-03        1.85933750e-09  77.8114  77.1544
0202-05-13_01:05:22.066000      11194.03        1.85126700e-03       -3.71867500e-10  77.8614  77.1466
0202-05-13_01:05:23.350000      11195.32        2.40233800e-03        1.33252550e-09  77.7923  77.1326
0202-05-13_01:05:24.630000      11196.60        2.23455300e-03       -3.12988600e-09  77.8748  77.1843
0202-05-13_01:05:25.906000      11197.87        2.35380600e-03       -3.37779800e-09  77.8785  77.1599
0202-05-13_01:05:27.210000      11199.18        2.08984700e-03        9.60658000e-10  77.8312  77.1729
0202-05-13_01:05:28.504000      11200.47        2.07582200e-03       -1.30153650e-09  77.9066  77.2224
0202-05-13_01:05:29.770000      11201.74        2.47298500e-03       -9.60967000e-10  77.9230  77.2187
0202-05-13_01:05:31.062000      11203.03        2.29785300e-03       -1.54945000e-10  77.9024  77.2184
0202-05-13_01:05:32.332000      11204.30        2.09155300e-03       -2.51010800e-09  77.9322  77.2180
0202-05-13_01:05:33.605000      11205.58        2.02372700e-03       -6.81757500e-10  77.9482  77.2286
0202-05-13_01:05:34.890000      11206.86        2.22498000e-03        1.17758150e-09  77.8924  77.2456
0202-05-13_01:05:36.156000      11208.13        2.24902300e-03        4.49341200e-09  77.9422  77.2405
0202-05-13_01:05:37.450000      11209.42        2.24657400e-03       -4.46241350e-09  77.8925  77.2635
0202-05-13_01:05:38.740000      11210.71        2.21711400e-03       -3.19186500e-09  77.9667  77.2927
0202-05-13_01:05:40.008000      11211.98        2.34631000e-03       -3.09889850e-09  77.9839  77.2781
0202-05-13_01:05:41.300000      11213.27        2.17095600e-03        1.76624600e-09  77.9555  77.2702
0202-05-13_01:05:42.570000      11214.54        2.11708100e-03        1.08461450e-09  77.9869  77.3102
0202-05-13_01:05:43.880000      11215.85        2.14045600e-03        2.01428400e-09  78.0081  77.3216
0202-05-13_01:05:45.160000      11217.13        2.25481100e-03       -1.17758150e-09  77.9477  77.2872
0202-05-13_01:05:46.445000      11218.41        2.25800200e-03       -2.07626250e-09  78.0209  77.3489
0202-05-13_01:05:47.740000      11219.71        2.29028200e-03       -7.25141350e-09  78.0710  77.3815
0202-05-13_01:05:49.016000      11220.98        2.25265900e-03       -4.64835000e-10  77.9658  77.2955
0202-05-13_01:05:50.293000      11222.26        2.34185700e-03        3.84263450e-09  78.0534  77.3849
0202-05-13_01:05:51.566000      11223.53        1.75561300e-03       -2.78900000e-10  78.0932  77.3960
0202-05-13_01:05:52.844000      11224.81        2.13251600e-03        5.57805400e-09  78.0595  77.3862
0202-05-13_01:05:54.125000      11226.09        2.28249100e-03        3.68769150e-09  78.0742  77.4095
0202-05-13_01:05:55.395000      11227.36        2.44723300e-03        3.68768950e-09  78.0348  77.3972
0202-05-13_01:05:56.664000      11228.63        2.25533000e-03        3.90461250e-09  78.0617  77.4001
0202-05-13_01:05:57.950000      11229.92        2.23151000e-03        3.84263500e-09  78.1180  77.4193
0202-05-13_01:05:59.230000      11231.20        2.19603800e-03        1.17136510e-08  78.0777  77.3863
0202-05-13_01:06:00.508000      11232.48        2.02276200e-03        7.37538500e-09  78.1031  77.4398
0202-05-13_01:06:01.777000      11233.75        2.17333100e-03        1.17138410e-08  78.1366  77.4269
0202-05-13_01:06:03.043000      11235.01        2.19433100e-03        1.57114220e-08  78.1026  77.4373
0202-05-13_01:06:04.330000      11236.30        2.24175000e-03        2.50700990e-08  78.1708  77.4596
0202-05-13_01:06:05.613000      11237.58        2.15195900e-03        3.79925115e-08  78.1718  77.4676
0202-05-13_01:06:06.887000      11238.85        2.06877100e-03        3.94799850e-08  78.1447  77.4772
0202-05-13_01:06:08.164000      11240.13        2.52166500e-03        4.97373415e-08  78.1769  77.4811
0202-05-13_01:06:09.465000      11241.43        2.26765000e-03        6.21329400e-08  78.1418  77.4830
0202-05-13_01:06:10.734000      11242.70        2.18965700e-03        8.45691030e-08  78.1644  77.5188
0202-05-13_01:06:12.027000      11243.99        2.33399200e-03        1.12706958e-07  78.2209  77.5062
0202-05-13_01:06:13.297000      11245.26        2.35514200e-03        1.12954873e-07  78.1754  77.5308
0202-05-13_01:06:14.580000      11246.54        2.28917100e-03        1.55781655e-07  78.2070  77.5299
0202-05-13_01:06:15.855000      11247.82        2.39180100e-03        1.60275062e-07  78.2305  77.5519
0202-05-13_01:06:17.125000      11249.09        2.13637500e-03        1.81719492e-07  78.2269  77.5591
0202-05-13_01:06:18.406000      11250.37        2.23581500e-03        2.12677531e-07  78.2384  77.5955
0202-05-13_01:06:19.695000      11251.66        2.27573900e-03        1.91481052e-07  78.2993  77.5813
0202-05-13_01:06:20.980000      11252.95        2.18475900e-03        2.49864335e-07  78.2452  77.5701
0202-05-13_01:06:22.270000      11254.24        2.15515000e-03        2.87856709e-07  78.3177  77.6107
0202-05-13_01:06:23.543000      11255.51        2.07300100e-03        3.10509926e-07  78.3066  77.6345
0202-05-13_01:06:24.830000      11256.80        2.37169000e-03        3.24919820e-07  78.2825  77.6521
0202-05-13_01:06:26.098000      11258.07        2.50103400e-03        3.58790813e-07  78.3240  77.6363
0202-05-13_01:06:27.367000      11259.33        2.12190400e-03        3.70628618e-07  78.2858  77.6398
0202-05-13_01:06:28.652000      11260.62        2.06016300e-03        4.18010796e-07  78.3053  77.6801
0202-05-13_01:06:29.920000      11261.89        2.23536900e-03        4.45931800e-07  78.3676  77.6653
0202-05-13_01:06:31.210000      11263.18        2.06899400e-03        3.86866751e-07  78.3325  77.6501
0202-05-13_01:06:32.500000      11264.47        2.00784600e-03        4.36325204e-07  78.3597  77.6599
0202-05-13_01:06:33.785000      11265.75        1.82529400e-03        5.47203873e-07  78.3860  77.6790
0202-05-13_01:06:35.070000      11267.04        2.13882400e-03        5.78936594e-07  78.3426  77.6854
0202-05-13_01:06:36.340000      11268.31        1.86737000e-03        5.96817254e-07  78.4019  77.7018
0202-05-13_01:06:37.610000      11269.58        2.15737600e-03        6.19625163e-07  78.3974  77.7240
0202-05-13_01:06:38.883000      11270.85        2.21533200e-03        6.51264937e-07  78.3683  77.7052
0202-05-13_01:06:40.152000      11272.12        2.02343000e-03        6.70230215e-07  78.4267  77.7455
0202-05-13_01:06:41.426000      11273.39        2.27907700e-03        7.00506245e-07  78.4262  77.7877
0202-05-13_01:06:42.695000      11274.66        2.09563500e-03        7.24553705e-07  78.4455  77.7783
0202-05-13_01:06:43.984000      11275.95        2.08405900e-03        7.39707321e-07  78.4839  77.7587
0202-05-13_01:06:45.273000      11277.24        2.36011400e-03        7.41752609e-07  78.5119  77.8239
0202-05-13_01:06:46.555000      11278.52        2.49287200e-03        7.91613523e-07  78.5090  77.8575
0202-05-13_01:06:47.844000      11279.81        2.11864000e-03        7.70602995e-07  78.4723  77.7990
0202-05-13_01:06:49.113000      11281.08        2.49035000e-03        8.31992166e-07  78.5097  77.8643
0202-05-13_01:06:50.380000      11282.35        2.37169100e-03        8.51639183e-07  78.4893  77.8228
0202-05-13_01:06:51.650000      11283.62        2.30022800e-03        8.72215785e-07  78.5128  77.8498
0202-05-13_01:06:52.920000      11284.89        2.12057000e-03        8.89662967e-07  78.5657  77.9068
0202-05-13_01:06:54.200000      11286.17        2.22898900e-03        9.00880981e-07  78.5275  77.8578
0202-05-13_01:06:55.470000      11287.44        2.20405400e-03        9.28027337e-07  78.5615  77.9071
0202-05-13_01:06:56.740000      11288.71        2.14461300e-03        9.23564924e-07  78.6068  77.9516
0202-05-13_01:06:58.004000      11289.97        2.11589500e-03        9.48883244e-07  78.5866  77.9193
0202-05-13_01:06:59.290000      11291.26        2.57902900e-03        9.62518403e-07  78.5937  77.9285
0202-05-13_01:07:00.586000      11292.55        2.19411000e-03        9.94437076e-07  78.6215  77.9371
0202-05-13_01:07:01.870000      11293.84        2.22987800e-03        1.00233927e-06  78.5928  77.9322
0202-05-13_01:07:03.145000      11295.11        2.39684700e-03        1.00990054e-06  78.6386  77.9689
0202-05-13_01:07:04.420000      11296.39        2.32738700e-03        1.02390800e-06  78.6046  77.9381
0202-05-13_01:07:05.690000      11297.66        2.32382600e-03        1.03007481e-06  78.6015  77.9456
0202-05-13_01:07:06.980000      11298.95        2.65754000e-03        1.01076865e-06  78.6483  77.9710
0202-05-13_01:07:08.260000      11300.23        2.50222200e-03        1.06667283e-06  78.6074  77.9380
0202-05-13_01:07:09.547000      11301.52        2.39053800e-03        1.08315870e-06  78.6210  77.9499
0202-05-13_01:07:10.832000      11302.80        2.34319300e-03        1.09251724e-06  78.6759  77.9971
0202-05-13_01:07:12.100000      11304.07        2.12019800e-03        1.10057438e-06  78.6519  77.9767
0202-05-13_01:07:13.370000      11305.34        2.21191900e-03        1.10754691e-06  78.7137  78.0403
0202-05-13_01:07:14.637000      11306.60        2.32620000e-03        1.12273157e-06  78.7402  78.0824
0202-05-13_01:07:15.910000      11307.88        2.22676100e-03        1.09577013e-06  78.6786  78.0297
0202-05-13_01:07:17.203000      11309.17        2.32857500e-03        1.13599382e-06  78.7294  78.0896
0202-05-13_01:07:18.484000      11310.45        2.60136400e-03        1.11575802e-06  78.7709  78.1043
0202-05-13_01:07:19.773000      11311.74        2.46519200e-03        1.15303775e-06  78.7271  78.0814
0202-05-13_01:07:21.043000      11313.01        2.14231200e-03        1.16035113e-06  78.8148  78.0944
0202-05-13_01:07:22.330000      11314.29        2.28182400e-03        1.16211745e-06  78.7772  78.1312
0202-05-13_01:07:23.617000      11315.59        2.33213700e-03        1.17696117e-06  78.7581  78.0975
0202-05-13_01:07:24.914000      11316.88        2.53339000e-03        1.14380297e-06  78.8017  78.1239
0202-05-13_01:07:26.200000      11318.17        2.32597800e-03        1.18136160e-06  78.7680  78.1241
0202-05-13_01:07:27.480000      11319.45        2.27306700e-03        1.17528778e-06  78.7716  78.1230
0202-05-13_01:07:28.773000      11320.74        2.26958000e-03        1.19493479e-06  78.8178  78.1506
0202-05-13_01:07:30.047000      11322.01        2.39402700e-03        1.20528510e-06  78.7759  78.1345
0202-05-13_01:07:31.330000      11323.29        1.99367300e-03        1.19180490e-06  78.8643  78.1793
0202-05-13_01:07:32.610000      11324.58        2.37829500e-03        1.17627949e-06  78.8462  78.1951
0202-05-13_01:07:33.880000      11325.85        2.15477900e-03        1.18064933e-06  78.8294  78.2037
0202-05-13_01:07:35.150000      11327.12        2.34987300e-03        1.16580561e-06  78.9101  78.2408
0202-05-13_01:07:36.420000      11328.39        2.18483400e-03        1.20023437e-06  78.8245  78.1775
0202-05-13_01:07:37.688000      11329.66        2.71186100e-03        1.17231329e-06  78.8660  78.2073
0202-05-13_01:07:38.965000      11330.93        2.37874000e-03        1.20841596e-06  78.9080  78.2571
0202-05-13_01:07:40.234000      11332.20        2.14201500e-03        1.19016344e-06  78.8641  78.2195
0202-05-13_01:07:41.516000      11333.48        2.31135900e-03        1.22775310e-06  78.8885  78.2397
0202-05-13_01:07:42.785000      11334.75        2.24716800e-03        1.23385792e-06  78.9444  78.2865
0202-05-13_01:07:44.050000      11336.02        2.50214800e-03        1.20100961e-06  78.9104  78.2691
0202-05-13_01:07:45.320000      11337.29        2.45702900e-03        1.23283492e-06  78.9595  78.2841
0202-05-13_01:07:46.590000      11338.56        2.66985800e-03        1.16276882e-06  78.9909  78.3153
0202-05-13_01:07:47.860000      11339.83        2.53264600e-03        1.23924964e-06  78.9236  78.2979
0202-05-13_01:07:49.140000      11341.11        2.62882000e-03        1.19335495e-06  78.9637  78.3323
0202-05-13_01:07:50.414000      11342.38        2.43758600e-03        1.24405271e-06  78.9527  78.3232
0202-05-13_01:07:51.688000      11343.65        2.04858700e-03        1.17965751e-06  78.9372  78.3004
0202-05-13_01:07:52.960000      11344.93        2.30720200e-03        1.17538103e-06  79.0160  78.3432
0202-05-13_01:07:54.230000      11346.20        2.62859800e-03        1.21761901e-06  79.0192  78.3652
0202-05-13_01:07:55.500000      11347.47        2.01133400e-03        1.22344495e-06  79.0056  78.3364
0202-05-13_01:07:56.780000      11348.75        2.42155700e-03        1.25056000e-06  79.0688  78.3909
0202-05-13_01:07:58.050000      11350.02        2.37117000e-03        1.20351874e-06  79.0082  78.3611
0202-05-13_01:07:59.332000      11351.30        2.40218800e-03        1.25251231e-06  79.0966  78.4367
0202-05-13_01:08:00.600000      11352.57        2.36731000e-03        1.20853895e-06  79.0850  78.4197
0202-05-13_01:08:01.870000      11353.84        2.59231000e-03        1.24959929e-06  79.0613  78.4173
0202-05-13_01:08:03.150000      11355.12        2.53710000e-03        1.19149483e-06  79.1196  78.4649
0202-05-13_01:08:04.420000      11356.39        2.58867400e-03        1.25158243e-06  79.0831  78.4236
0202-05-13_01:08:05.688000      11357.66        2.53932600e-03        1.24885540e-06  79.0792  78.4285
0202-05-13_01:08:06.960000      11358.93        2.51327900e-03        1.23128466e-06  79.1504  78.4964
0202-05-13_01:08:08.270000      11360.24        2.25881900e-03        1.25384529e-06  79.0996  78.4498
0202-05-13_01:08:09.550000      11361.52        2.52003100e-03        1.24327805e-06  79.1420  78.4640
0202-05-13_01:08:10.830000      11362.79        2.13511300e-03        1.25561166e-06  79.2026  78.5324
0202-05-13_01:08:12.098000      11364.06        2.47558000e-03        1.22849630e-06  79.1887  78.5193
0202-05-13_01:08:13.375000      11365.34        1.94350800e-03        1.25173806e-06  79.2411  78.5693
0202-05-13_01:08:14.645000      11366.61        2.42304100e-03        1.25477456e-06  79.2367  78.5690
0202-05-13_01:08:15.930000      11367.90        2.54748800e-03        1.17129026e-06  79.2104  78.5474
0202-05-13_01:08:17.223000      11369.19        2.22965500e-03        1.25056005e-06  79.2700  78.5761
0202-05-13_01:08:18.500000      11370.47        2.13741400e-03        1.24845281e-06  79.2681  78.5991
0202-05-13_01:08:19.777000      11371.75        2.31343600e-03        1.25657152e-06  79.2299  78.5666
0202-05-13_01:08:21.062000      11373.03        2.37124400e-03        1.20770192e-06  79.2634  78.6119
0202-05-13_01:08:22.332000      11374.30        2.36827600e-03        1.20072941e-06  79.2322  78.5815
0202-05-13_01:08:23.600000      11375.57        2.13370400e-03        1.25561086e-06  79.2528  78.6033
0202-05-13_01:08:24.887000      11376.85        2.29169300e-03        1.21033599e-06  79.3061  78.6288
0202-05-13_01:08:26.176000      11378.15        2.40983200e-03        1.26029001e-06  79.3018  78.6408
0202-05-13_01:08:27.457000      11379.42        2.17169800e-03        1.25471200e-06  79.3163  78.6326
0202-05-13_01:08:28.727000      11380.69        2.02825400e-03        1.26323396e-06  79.3292  78.6711
0202-05-13_01:08:29.996000      11381.96        2.34638400e-03        1.26602297e-06  79.2709  78.6451
0202-05-13_01:08:31.273000      11383.24        2.06231500e-03        1.24405179e-06  79.3516  78.6795
0202-05-13_01:08:32.555000      11384.52        2.26905900e-03        1.26493835e-06  79.3643  78.7260
0202-05-13_01:08:33.848000      11385.82        2.27915100e-03        1.24711970e-06  79.3539  78.6935
0202-05-13_01:08:35.133000      11387.10        2.01934800e-03        1.24845222e-06  79.4035  78.7277
0202-05-13_01:08:36.414000      11388.38        2.19433100e-03        1.26196337e-06  79.3387  78.6699
0202-05-13_01:08:37.684000      11389.65        2.30519800e-03        1.24461066e-06  79.3702  78.6982
0202-05-13_01:08:38.953000      11390.92        2.25599800e-03        1.26673680e-06  79.4210  78.7603
0202-05-13_01:08:40.230000      11392.20        2.39996200e-03        1.25728516e-06  79.3780  78.7616
0202-05-13_01:08:41.500000      11393.47        2.24709300e-03        1.24523044e-06  79.3754  78.7349
0202-05-13_01:08:42.766000      11394.73        2.10854700e-03        1.26621055e-06  79.4546  78.7938
0202-05-13_01:08:44.047000      11396.02        2.29057900e-03        1.26425925e-06  79.4535  78.7687
0202-05-13_01:08:45.340000      11397.31        1.97000000e-03        1.17745899e-06  79.4954  78.8187
0202-05-13_01:08:46.617000      11398.58        2.23106500e-03        1.25195660e-06  79.4876  78.8650
0202-05-13_01:08:47.910000      11399.88        1.86878000e-03        1.26432120e-06  79.4524  78.7836
0202-05-13_01:08:49.184000      11401.15        2.23841200e-03        1.25629630e-06  79.5063  78.8470
0202-05-13_01:08:50.460000      11402.43        2.33391800e-03        1.26329983e-06  79.4594  78.8391
0202-05-13_01:08:51.750000      11403.72        2.38326600e-03        1.27123303e-06  79.4514  78.8212
0202-05-13_01:08:53.023000      11404.99        2.52025400e-03        1.26726643e-06  79.5433  78.8725
0202-05-13_01:08:54.312000      11406.28        2.43877400e-03        1.26633669e-06  79.5154  78.8652
0202-05-13_01:08:55.582000      11407.55        2.57450100e-03        1.24833165e-06  79.5224  78.8674
0202-05-13_01:08:56.855000      11408.82        2.31098800e-03        1.25902287e-06  79.5837  78.9189
0202-05-13_01:08:58.125000      11410.09        2.31818600e-03        1.27055079e-06  79.5396  78.8647
0202-05-13_01:08:59.390000      11411.36        2.79512200e-03        1.24371428e-06  79.5800  78.9012
0202-05-13_01:09:00.660000      11412.63        2.60114200e-03        1.26927956e-06  79.6343  78.9357
0202-05-13_01:09:01.930000      11413.90        2.64885700e-03        1.26989935e-06  79.5630  78.9018
0202-05-13_01:09:03.215000      11415.18        2.26297400e-03        1.27206858e-06  79.6129  78.9616
0202-05-13_01:09:04.508000      11416.48        2.16301600e-03        1.26763715e-06  79.6366  78.9743
0202-05-13_01:09:05.793000      11417.76        2.38326500e-03        1.26853585e-06  79.6128  78.9382
0202-05-13_01:09:07.080000      11419.05        2.45398600e-03        1.27526002e-06  79.6596  79.0198
0202-05-13_01:09:08.348000      11420.32        2.32471600e-03        1.27504310e-06  79.6180  78.9637
0202-05-13_01:09:09.637000      11421.61        2.16680100e-03        1.26215166e-06  79.6010  78.9679
0202-05-13_01:09:10.918000      11422.89        2.17281200e-03        1.27538397e-06  79.6537  79.0196
0202-05-13_01:09:12.190000      11424.16        2.54897400e-03        1.22202017e-06  79.6684  79.0049
0202-05-13_01:09:13.470000      11425.44        2.46853200e-03        1.27225328e-06  79.7024  79.0255
0202-05-13_01:09:14.758000      11426.73        2.20598300e-03        1.18170343e-06  79.7680  79.0858
0202-05-13_01:09:16.043000      11428.01        2.38549300e-03        1.23407483e-06  79.6763  79.0277
0202-05-13_01:09:17.330000      11429.29        2.28969000e-03        1.27439148e-06  79.7076  79.0704
0202-05-13_01:09:18.605000      11430.57        2.01192800e-03        1.27513624e-06  79.7207  79.0624
0202-05-13_01:09:19.890000      11431.86        2.17904600e-03        1.18842896e-06  79.7395  79.0614
0202-05-13_01:09:21.176000      11433.14        2.50830800e-03        1.27129360e-06  79.7639  79.1181
0202-05-13_01:09:22.457000      11434.43        2.56507800e-03        1.22406633e-06  79.7253  79.0821
0202-05-13_01:09:23.727000      11435.69        1.97920300e-03        1.23639969e-06  79.7251  79.1191
0202-05-13_01:09:24.996000      11436.97        2.18268200e-03        1.27433011e-06  79.8110  79.1523
0202-05-13_01:09:26.293000      11438.26        2.20657700e-03        1.27377231e-06  79.7456  79.1108
0202-05-13_01:09:27.574000      11439.54        2.14335200e-03        1.25338154e-06  79.8114  79.1390
0202-05-13_01:09:28.860000      11440.83        1.94892600e-03        1.27253276e-06  79.8157  79.1626
0202-05-13_01:09:30.125000      11442.09        2.01029600e-03        1.21541983e-06  79.7883  79.1365
0202-05-13_01:09:31.402000      11443.37        2.11767500e-03        1.25127411e-06  79.8133  79.1892
0202-05-13_01:09:32.695000      11444.66        2.11715600e-03        1.27885432e-06  79.8753  79.1966
0202-05-13_01:09:33.980000      11445.95        1.96502900e-03        1.26974356e-06  79.8153  79.1805
0202-05-13_01:09:35.266000      11447.23        2.19923000e-03        1.27572459e-06  79.9300  79.2746
0202-05-13_01:09:36.535000      11448.50        2.15952900e-03        1.27584872e-06  79.9169  79.2379
0202-05-13_01:09:37.830000      11449.80        2.03092600e-03        1.27941246e-06  79.9056  79.2242
0202-05-13_01:09:39.117000      11451.08        2.18579800e-03        1.22955113e-06  79.9190  79.2307
0202-05-13_01:09:40.400000      11452.37        2.45042500e-03        1.27925753e-06  79.9149  79.2579
0202-05-13_01:09:41.680000      11453.65        2.44597200e-03        1.21907646e-06  79.8824  79.2521
0202-05-13_01:09:42.957000      11454.93        2.36560500e-03        1.27773865e-06  79.9520  79.2764
0202-05-13_01:09:44.227000      11456.19        2.40738400e-03        1.24014898e-06  79.9322  79.2635
0202-05-13_01:09:45.504000      11457.47        2.17815500e-03        1.27888524e-06  79.9913  79.2997
0202-05-13_01:09:46.773000      11458.74        2.22089900e-03        1.25815370e-06  80.0269  79.3336
0202-05-13_01:09:48.043000      11460.01        2.15336900e-03        1.27144855e-06  79.9695  79.3103
0202-05-13_01:09:49.320000      11461.29        2.34260100e-03        1.28406108e-06  80.0180  79.3423
0202-05-13_01:09:50.590000      11462.56        2.46623200e-03        1.24290767e-06  80.0487  79.3595
0202-05-13_01:09:51.855000      11463.82        2.32531000e-03        1.26181097e-06  80.0248  79.3742
0202-05-13_01:09:53.137000      11465.10        2.28828000e-03        1.23770143e-06  80.0395  79.3818
0202-05-13_01:09:54.414000      11466.38        2.20605700e-03        1.28207770e-06  80.0019  79.3422
0202-05-13_01:09:55.690000      11467.66        2.19997200e-03        1.25307198e-06  80.0401  79.3462
0202-05-13_01:09:56.965000      11468.93        2.07196300e-03        1.27767726e-06  80.1237  79.4380
0202-05-13_01:09:58.242000      11470.21        2.45821700e-03        1.25638780e-06  80.0464  79.3675
0202-05-13_01:09:59.510000      11471.48        2.15670900e-03        1.28272857e-06  80.0423  79.3900
0202-05-13_01:10:00.780000      11472.75        2.34341700e-03        1.25301010e-06  80.0980  79.4465
0202-05-13_01:10:02.047000      11474.02        2.26817000e-03        1.26667626e-06  80.0874  79.4285
0202-05-13_01:10:03.320000      11475.29        2.40812600e-03        1.28148901e-06  80.1085  79.4634
0202-05-13_01:10:04.590000      11476.56        2.41391400e-03        1.25403260e-06  80.1281  79.4990
0202-05-13_01:10:05.880000      11477.85        2.49235200e-03        1.28489760e-06  80.1252  79.4657
0202-05-13_01:10:07.170000      11479.14        2.43075900e-03        1.26308133e-06  80.1382  79.4925
0202-05-13_01:10:08.453000      11480.42        2.09904800e-03        1.24411605e-06  80.1235  79.4681
0202-05-13_01:10:09.730000      11481.70        2.55639400e-03        1.28557937e-06  80.1183  79.4625
0202-05-13_01:10:11.016000      11482.98        2.39328400e-03        1.28468007e-06  80.1840  79.5297
0202-05-13_01:10:12.293000      11484.26        2.02907000e-03        1.28198403e-06  80.1616  79.5033
0202-05-13_01:10:13.598000      11485.56        2.18075200e-03        1.25939305e-06  80.1815  79.5213
0202-05-13_01:10:14.870000      11486.84        2.37577100e-03        1.28037260e-06  80.2265  79.5766
0202-05-13_01:10:16.140000      11488.11        2.17696700e-03        1.28455582e-06  80.1890  79.5237
0202-05-13_01:10:17.410000      11489.38        2.28724100e-03        1.24244145e-06  80.2364  79.5783
0202-05-13_01:10:18.700000      11490.67        2.39922100e-03        1.23512804e-06  80.2556  79.5976
0202-05-13_01:10:19.990000      11491.96        2.69375300e-03        1.28275812e-06  80.1799  79.5493
0202-05-13_01:10:21.277000      11493.24        2.58429500e-03        1.27352341e-06  80.2601  79.6031
0202-05-13_01:10:22.547000      11494.52        2.46534000e-03        1.28722012e-06  80.2973  79.6357
0202-05-13_01:10:23.860000      11495.83        2.44114700e-03        1.25805949e-06  80.2506  79.5928
0202-05-13_01:10:25.133000      11497.10        2.44916200e-03        1.29103177e-06  80.3381  79.6431
0202-05-13_01:10:26.418000      11498.39        2.16464800e-03        1.25158280e-06  80.2876  79.6069
0202-05-13_01:10:27.695000      11499.66        2.21948800e-03        1.28526791e-06  80.2906  79.6619
0202-05-13_01:10:28.980000      11500.95        2.34141200e-03        1.28170445e-06  80.3468  79.6756
0202-05-13_01:10:30.273000      11502.24        2.43691800e-03        1.28387368e-06  80.3365  79.6652
0202-05-13_01:10:31.560000      11503.53        2.07619200e-03        1.25443414e-06  80.2985  79.6691
0202-05-13_01:10:32.844000      11504.81        2.12776700e-03        1.28787126e-06  80.3724  79.6821
0202-05-13_01:10:34.113000      11506.08        2.19247700e-03        1.26016752e-06  80.3141  79.6577
0202-05-13_01:10:35.383000      11507.35        2.25703800e-03        1.29019585e-06  80.4056  79.7341
0202-05-13_01:10:36.650000      11508.62        2.12465100e-03        1.29062970e-06  80.4212  79.7497
0202-05-13_01:10:37.920000      11509.89        2.32968800e-03        1.26803872e-06  80.3724  79.7279
0202-05-13_01:10:39.200000      11511.17        2.16999200e-03        1.28759275e-06  80.4405  79.7569
0202-05-13_01:10:40.470000      11512.44        2.16227500e-03        1.24935297e-06  80.4114  79.7576
0202-05-13_01:10:41.746000      11513.72        2.67787500e-03        1.17473143e-06  80.4248  79.7678
0202-05-13_01:10:43.035000      11515.00        2.79156200e-03        1.28976264e-06  80.5162  79.8418
0202-05-13_01:10:44.320000      11516.29        2.42274600e-03        1.27442308e-06  80.4333  79.7849
0202-05-13_01:10:45.600000      11517.57        2.28486700e-03        1.28796563e-06  80.4356  79.7851
0202-05-13_01:10:46.875000      11518.84        2.17251500e-03        1.26797771e-06  80.5127  79.8312
0202-05-13_01:10:48.164000      11520.13        2.28813200e-03        1.29531003e-06  80.4755  79.7823
0202-05-13_01:10:49.460000      11521.43        2.11967900e-03        1.28954607e-06  80.4981  79.8424
0202-05-13_01:10:50.734000      11522.70        2.21384900e-03        1.22843575e-06  80.5506  79.8809
0202-05-13_01:10:52.016000      11523.98        2.44827300e-03        1.29670402e-06  80.5026  79.8469
0202-05-13_01:10:53.290000      11525.26        2.01267000e-03        1.22242337e-06  80.5389  79.8616
0202-05-13_01:10:54.582000      11526.55        2.41495400e-03        1.29679698e-06  80.5650  79.8705
0202-05-13_01:10:55.870000      11527.84        2.39469500e-03        1.23264974e-06  80.5661  79.8876
0202-05-13_01:10:57.156000      11529.12        1.98877500e-03        1.29546432e-06  80.6039  79.9355
0202-05-13_01:10:58.445000      11530.41        2.05333700e-03        1.22065683e-06  80.5317  79.8594
0202-05-13_01:10:59.715000      11531.68        1.81037900e-03        1.28192209e-06  80.5917  79.9095
0202-05-13_01:11:01.010000      11532.98        2.15040100e-03        1.29422472e-06  80.5932  79.9191
0202-05-13_01:11:02.297000      11534.27        1.96829400e-03        1.26379352e-06  80.5736  79.9090
0202-05-13_01:11:03.566000      11535.54        1.93000200e-03        1.29314009e-06  80.6438  79.9815
0202-05-13_01:11:04.844000      11536.81        1.70960400e-03        1.28000075e-06  80.6650  79.9798
0202-05-13_01:11:06.110000      11538.08        2.10461500e-03        1.29338801e-06  80.6257  79.9616
0202-05-13_01:11:07.380000      11539.35        2.27588800e-03        1.29171460e-06  80.6932  79.9915
0202-05-13_01:11:08.656000      11540.62        2.14350000e-03        1.24637762e-06  80.6988  80.0068
0202-05-13_01:11:09.926000      11541.89        1.94840600e-03        1.29729246e-06  80.6559  79.9902
0202-05-13_01:11:11.215000      11543.18        2.07530200e-03        1.20169140e-06  80.6807  80.0123
0202-05-13_01:11:12.520000      11544.49        2.24138100e-03        1.29772631e-06  80.7382  80.0690
0202-05-13_01:11:13.785000      11545.75        2.35625500e-03        1.25486853e-06  80.6796  80.0056
0202-05-13_01:11:15.055000      11547.02        2.14327700e-03        1.27497998e-06  80.7440  80.0847
0202-05-13_01:11:16.324000      11548.29        2.26475600e-03        1.29871755e-06  80.7209  80.0462
0202-05-13_01:11:17.594000      11549.56        2.49138800e-03        1.29825271e-06  80.7389  80.0523
0202-05-13_01:11:18.867000      11550.83        2.34586600e-03        1.28055800e-06  80.7765  80.0928
0202-05-13_01:11:20.133000      11552.10        2.12739700e-03        1.29831462e-06  80.7525  80.0847
0202-05-13_01:11:21.402000      11553.37        2.20717100e-03        1.25716090e-06  80.7561  80.1151
0202-05-13_01:11:22.695000      11554.66        2.24479400e-03        1.29915097e-06  80.7886  80.1475
0202-05-13_01:11:23.970000      11555.94        2.31128500e-03        1.26500112e-06  80.8149  80.1063
0202-05-13_01:11:25.258000      11557.22        2.08687900e-03        1.29719866e-06  80.8028  80.1428
0202-05-13_01:11:26.530000      11558.50        2.44107500e-03        1.27386379e-06  80.8553  80.1732
0202-05-13_01:11:27.832000      11559.80        2.27188000e-03        1.29911980e-06  80.7975  80.1027
0202-05-13_01:11:29.110000      11561.08        2.24776200e-03        1.24544690e-06  80.8373  80.1654
0202-05-13_01:11:30.383000      11562.35        2.46875400e-03        1.29781827e-06  80.8230  80.1699
0202-05-13_01:11:31.664000      11563.63        1.85638800e-03        1.25483662e-06  80.8444  80.1826
0202-05-13_01:11:32.945000      11564.91        2.11559700e-03        1.25195350e-06  80.8673  80.2043
0202-05-13_01:11:34.220000      11566.19        2.34490100e-03        1.21197776e-06  80.7922  80.1463
0202-05-13_01:11:35.492000      11567.46        2.12650600e-03        1.30200065e-06  80.8745  80.1962
0202-05-13_01:11:36.760000      11568.73        2.78250800e-03        1.28498772e-06  80.9099  80.2590
0202-05-13_01:11:38.027000      11570.00        2.85664200e-03        1.28102217e-06  80.8980  80.2052
0202-05-13_01:11:39.312000      11571.28        2.23559200e-03        1.27801625e-06  80.9389  80.2538
0202-05-13_01:11:40.600000      11572.57        2.58793300e-03        1.30200171e-06  80.9239  80.2572
0202-05-13_01:11:41.890000      11573.86        2.17540900e-03        1.29942962e-06  80.8859  80.2500
0202-05-13_01:11:43.180000      11575.15        2.37992700e-03        1.24454814e-06  80.9365  80.2847
0202-05-13_01:11:44.450000      11576.42        2.10506000e-03        1.29664095e-06  80.9203  80.2655
0202-05-13_01:11:45.720000      11577.69        2.09073800e-03        1.22843420e-06  80.9487  80.2945
0202-05-13_01:11:46.990000      11578.96        2.09088600e-03        1.28362558e-06  81.0164  80.2950
0202-05-13_01:11:48.258000      11580.23        2.33844500e-03        1.30110336e-06  80.9776  80.3349
0202-05-13_01:11:49.527000      11581.49        1.99567700e-03        1.22514933e-06  80.9945  80.3473
0202-05-13_01:11:50.844000      11582.81        2.17377600e-03        1.30401625e-06  81.0207  80.3446
0202-05-13_01:11:52.113000      11584.08        2.20976700e-03        1.30302460e-06  80.9956  80.3314
0202-05-13_01:11:53.387000      11585.35        2.11633900e-03        1.26196421e-06  81.0805  80.3924
0202-05-13_01:11:54.656000      11586.62        2.24004400e-03        1.29657888e-06  81.0788  80.3921
0202-05-13_01:11:55.945000      11587.91        2.24850300e-03        1.29986455e-06  81.0544  80.3843
0202-05-13_01:11:57.230000      11589.20        2.19017600e-03        1.30135202e-06  81.1020  80.4322
0202-05-13_01:11:58.520000      11590.49        2.19900700e-03        1.30658916e-06  81.0657  80.4141
0202-05-13_01:11:59.790000      11591.76        2.21444200e-03        1.25384589e-06  81.0840  80.4383
0202-05-13_01:12:01.060000      11593.02        2.10654300e-03        1.30079397e-06  81.0913  80.4245
0202-05-13_01:12:02.344000      11594.31        2.26386500e-03        1.27999993e-06  81.0856  80.4400
0202-05-13_01:12:03.637000      11595.60        2.34015100e-03        1.29952300e-06  81.0809  80.4233
0202-05-13_01:12:04.920000      11596.89        2.10624700e-03        1.29806651e-06  81.1443  80.4768
0202-05-13_01:12:06.223000      11598.19        2.42408000e-03        1.24854612e-06  81.1178  80.4892
0202-05-13_01:12:07.523000      11599.49        2.23269700e-03        1.30717737e-06  81.1840  80.5114
0202-05-13_01:12:08.805000      11600.77        2.63802200e-03        1.23020074e-06  81.1855  80.4923
0202-05-13_01:12:10.098000      11602.06        2.65063800e-03        1.26729455e-06  81.1294  80.4742
0202-05-13_01:12:11.383000      11603.35        2.43150100e-03        1.28216927e-06  81.2379  80.5644
0202-05-13_01:12:12.656000      11604.62        2.47580400e-03        1.29639330e-06  81.2114  80.5754
0202-05-13_01:12:13.930000      11605.90        2.37495400e-03        1.30488455e-06  81.1991  80.5284
0202-05-13_01:12:15.223000      11607.19        2.64002600e-03        1.30342807e-06  81.2090  80.5249
0202-05-13_01:12:16.504000      11608.47        2.68388300e-03        1.28591929e-06  81.2761  80.5790
0202-05-13_01:12:17.790000      11609.76        2.02877300e-03        1.29270588e-06  81.2182  80.5417
0202-05-13_01:12:19.060000      11611.03        2.54110700e-03        1.28232437e-06  81.2941  80.6195
0202-05-13_01:12:20.332000      11612.30        2.24375400e-03        1.30891292e-06  81.2256  80.5678
0202-05-13_01:12:21.620000      11613.59        2.19403500e-03        1.27547581e-06  81.2451  80.5904
0202-05-13_01:12:22.902000      11614.87        2.28827900e-03        1.25675845e-06  81.2747  80.6198
0202-05-13_01:12:24.190000      11616.16        2.30920600e-03        1.26968086e-06  81.2827  80.5990
0202-05-13_01:12:25.465000      11617.43        1.89727600e-03        1.28511344e-06  81.3007  80.6422
0202-05-13_01:12:26.730000      11618.70        2.01385700e-03        1.30742552e-06  81.3431  80.6696
0202-05-13_01:12:28.008000      11619.98        2.16160600e-03        1.26410291e-06  81.2823  80.6385
0202-05-13_01:12:29.290000      11621.26        2.17592800e-03        1.30900595e-06  81.3426  80.6564
0202-05-13_01:12:30.562000      11622.53        2.44968200e-03        1.23407480e-06  81.3534  80.6926
0202-05-13_01:12:31.840000      11623.81        2.35929700e-03        1.31188817e-06  81.3532  80.7114
0202-05-13_01:12:33.130000      11625.10        2.12754500e-03        1.25889698e-06  81.3912  80.7267
0202-05-13_01:12:34.418000      11626.39        2.13667200e-03        1.30906817e-06  81.3323  80.6927
0202-05-13_01:12:35.703000      11627.67        2.18572400e-03        1.28108513e-06  81.3786  80.7182
0202-05-13_01:12:36.990000      11628.95        2.15960300e-03        1.30584457e-06  81.4178  80.7400
0202-05-13_01:12:38.266000      11630.23        1.88406700e-03        1.27274834e-06  81.4011  80.7412
0202-05-13_01:12:39.550000      11631.52        2.27699900e-03        1.25864835e-06  81.4293  80.7643
0202-05-13_01:12:40.840000      11632.81        2.09652500e-03        1.30705313e-06  81.4429  80.7666
0202-05-13_01:12:42.110000      11634.08        2.38593700e-03        1.27724218e-06  81.4304  80.7518
0202-05-13_01:12:43.383000      11635.35        2.58459200e-03        1.30798336e-06  81.5063  80.8228
0202-05-13_01:12:44.668000      11636.64        2.66896700e-03        1.30832424e-06  81.4778  80.8084
0202-05-13_01:12:45.940000      11637.91        2.43409800e-03        1.31129918e-06  81.4421  80.7466
0202-05-13_01:12:47.215000      11639.18        2.25414300e-03        1.30773542e-06  81.5058  80.8312
0202-05-13_01:12:48.490000      11640.45        1.97949900e-03        1.30999860e-06  81.5235  80.8522
0202-05-13_01:12:49.754000      11641.72        2.39306100e-03        1.30879003e-06  81.4682  80.8384
0202-05-13_01:12:51.043000      11643.01        2.57197700e-03        1.31879948e-06  81.5416  80.8601
0202-05-13_01:12:52.324000      11644.29        2.52322200e-03        1.25620167e-06  81.4982  80.8472
0202-05-13_01:12:53.613000      11645.58        2.42267000e-03        1.27361749e-06  81.5277  80.8289
0202-05-13_01:12:54.883000      11646.85        2.40270800e-03        1.26593222e-06  81.5730  80.9084
0202-05-13_01:12:56.160000      11648.13        2.62993300e-03        1.26444474e-06  81.5116  80.8592
0202-05-13_01:12:57.465000      11649.43        2.51283300e-03        1.28548628e-06  81.5717  80.8948
0202-05-13_01:12:58.734000      11650.70        2.48775100e-03        1.25945549e-06  81.6011  80.9171
0202-05-13_01:13:00.023000      11651.99        2.36122600e-03        1.28356597e-06  81.5676  80.8982
0202-05-13_01:13:01.293000      11653.26        2.35766400e-03        1.25359957e-06  81.6084  80.9504
0202-05-13_01:13:02.562000      11654.53        2.16680000e-03        1.29537279e-06  81.6247  80.9389
0202-05-13_01:13:03.836000      11655.80        2.24041500e-03        1.25657451e-06  81.5408  80.9081
0202-05-13_01:13:05.105000      11657.08        1.97912800e-03        1.31244777e-06  81.6283  80.9526
0202-05-13_01:13:06.387000      11658.36        2.03849500e-03        1.25861986e-06  81.6162  80.9411
0202-05-13_01:13:07.656000      11659.63        1.90863000e-03        1.31250980e-06  81.6825  80.9889
0202-05-13_01:13:08.950000      11660.92        2.31440100e-03        1.31452408e-06  81.6991  81.0349
0202-05-13_01:13:10.260000      11662.23        2.05452300e-03        1.30250034e-06  81.6630  80.9869
0202-05-13_01:13:11.550000      11663.52        2.11604200e-03        1.31563803e-06  81.6872  81.0101
0202-05-13_01:13:12.844000      11664.81        2.10424300e-03        1.31281803e-06  81.7206  81.0437