# Ic = 4.92 A, n = 26.58 , Tavg = 19.98 K, f33-150keV-0nA-20K
#datetime                        t_s     iHTS_A                vHTS_V                tHTS_K  tTAR_K
0202-12-20_16:24:31.105000      80086.26        1.59264100e-02       -1.08462700e-09  19.9806  19.7423
0202-12-20_16:24:31.297000      80086.45        4.85385800e-02       -3.43981700e-09  19.9806  19.7423
0202-12-20_16:24:31.490000      80086.64        9.37227600e-02       -2.13826700e-09  19.9806  19.7423
0202-12-20_16:24:31.695000      80086.85        1.47804300e-01        5.26823000e-10  19.9806  19.7423
0202-12-20_16:24:31.890000      80087.04        1.97342900e-01        2.01430300e-09  19.9806  19.7423
0202-12-20_16:24:32.082000      80087.23        2.43488400e-01       -2.51013700e-09  19.9638  19.7006
0202-12-20_16:24:32.290000      80087.44        2.96407900e-01       -4.30751700e-09  19.9638  19.7006
0202-12-20_16:24:32.480000      80087.63        3.46059300e-01       -4.80334700e-09  19.9638  19.7006
0202-12-20_16:24:32.670000      80087.83        3.90979300e-01       -3.19189700e-09  19.9638  19.7006
0202-12-20_16:24:32.895000      80088.05        4.45132100e-01       -9.14184700e-09  19.9638  19.7006
0202-12-20_16:24:33.098000      80088.25        4.92869000e-01       -5.36114700e-09  19.9620  19.9417
0202-12-20_16:24:33.316000      80088.47        5.42472900e-01       -6.29084700e-09  19.9620  19.9417
0202-12-20_16:24:33.530000      80088.68        5.94102700e-01       -4.74141700e-09  19.9620  19.9417
0202-12-20_16:24:33.746000      80088.90        6.40920900e-01       -1.06294270e-08  19.9620  19.9417
0202-12-20_16:24:33.953000      80089.11        6.92696100e-01       -1.37283770e-08  19.9838  19.5956
0202-12-20_16:24:34.152000      80089.31        7.37997600e-01       -1.50919070e-08  19.9838  19.5956
0202-12-20_16:24:34.363000      80089.52        7.92453100e-01       -1.51538870e-08  19.9838  19.5956
0202-12-20_16:24:34.560000      80089.71        8.41813600e-01       -1.26127670e-08  19.9838  19.5956
0202-12-20_16:24:34.758000      80089.91        8.87432700e-01       -1.07534070e-08  19.9838  19.5956
0202-12-20_16:24:34.957000      80090.11        9.40212600e-01       -1.13112070e-08  19.9838  19.5956
0202-12-20_16:24:35.152000      80090.30        9.90060000e-01       -1.16211070e-08  19.9466  19.9371
0202-12-20_16:24:35.344000      80090.50        1.03479600e+00       -9.76174700e-09  19.9466  19.9371
0202-12-20_16:24:35.550000      80090.70        1.08869000e+00       -8.33623700e-09  19.9466  19.9371
0202-12-20_16:24:35.746000      80090.90        1.13887500e+00       -4.36960700e-09  19.9466  19.9371
0202-12-20_16:24:35.940000      80091.09        1.18348600e+00       -1.09393370e-08  19.9466  19.9371
0202-12-20_16:24:36.137000      80091.29        1.23757200e+00       -6.72479700e-09  19.9700  19.7376
0202-12-20_16:24:36.332000      80091.49        1.28748200e+00       -1.10013170e-08  19.9700  19.7376
0202-12-20_16:24:36.547000      80091.70        1.33286500e+00       -7.15864700e-09  19.9700  19.7376
0202-12-20_16:24:36.742000      80091.90        1.38702000e+00       -9.01800700e-09  19.9700  19.7376
0202-12-20_16:24:36.950000      80092.10        1.43607200e+00       -8.39821700e-09  19.9578  19.7079
0202-12-20_16:24:37.152000      80092.31        1.48565200e+00       -1.39762970e-08  19.9578  19.7079
0202-12-20_16:24:37.363000      80092.51        1.53601900e+00       -1.55257570e-08  19.9578  19.7079
0202-12-20_16:24:37.555000      80092.71        1.58521600e+00       -1.51538870e-08  19.9578  19.7079
0202-12-20_16:24:37.754000      80092.90        1.63108800e+00       -1.14351670e-08  19.9578  19.7079
0202-12-20_16:24:37.957000      80093.11        1.68441100e+00       -8.02634700e-09  19.9448  19.9424
0202-12-20_16:24:38.156000      80093.31        1.73445700e+00       -7.03468700e-09  19.9448  19.9424
0202-12-20_16:24:38.355000      80093.51        1.78167400e+00       -3.81179700e-09  19.9448  19.9424
0202-12-20_16:24:38.555000      80093.71        1.83359200e+00       -3.93575700e-09  19.9448  19.9424
0202-12-20_16:24:38.750000      80093.90        1.88348600e+00       -1.02575770e-08  19.9448  19.9424
0202-12-20_16:24:38.945000      80094.10        1.92811800e+00       -1.50299270e-08  19.9700  19.6002
0202-12-20_16:24:39.140000      80094.29        1.98176000e+00       -1.80668870e-08  19.9700  19.6002
0202-12-20_16:24:39.348000      80094.50        2.03156700e+00       -1.39754070e-08  19.9700  19.6002
0202-12-20_16:24:39.555000      80094.71        2.07911300e+00       -1.95521570e-08  19.9700  19.6002
0202-12-20_16:24:39.754000      80094.91        2.13167900e+00       -1.32285670e-08  19.9700  19.6002
0202-12-20_16:24:39.957000      80095.11        2.18046700e+00       -1.05010570e-08  19.9538  19.9454
0202-12-20_16:24:40.164000      80095.31        2.22897000e+00       -9.57137700e-09  19.9538  19.9454
0202-12-20_16:24:40.367000      80095.52        2.27948400e+00       -1.08729370e-08  19.9538  19.9454
0202-12-20_16:24:40.566000      80095.72        2.32424300e+00       -1.36619770e-08  19.9538  19.9454
0202-12-20_16:24:40.760000      80095.91        2.37748500e+00       -1.00052270e-08  19.9538  19.9454
0202-12-20_16:24:40.970000      80096.12        2.42847400e+00       -9.81929700e-09  19.9678  19.7315
0202-12-20_16:24:41.168000      80096.32        2.47445800e+00       -6.03859700e-09  19.9678  19.7315
0202-12-20_16:24:41.360000      80096.51        2.52816800e+00       -6.47244700e-09  19.9678  19.7315
0202-12-20_16:24:41.570000      80096.72        2.57867900e+00       -9.81929700e-09  19.9678  19.7315
0202-12-20_16:24:41.770000      80096.92        2.62635000e+00       -1.49635270e-08  19.9678  19.7315
0202-12-20_16:24:41.984000      80097.14        2.67753600e+00       -1.72567370e-08  19.9638  19.7181
0202-12-20_16:24:42.188000      80097.34        2.72474300e+00       -1.75046470e-08  19.9638  19.7181
0202-12-20_16:24:42.390000      80097.54        2.77442700e+00       -1.75666270e-08  19.9638  19.7181
0202-12-20_16:24:42.582000      80097.73        2.82559100e+00       -1.96119270e-08  19.9638  19.7181
0202-12-20_16:24:42.793000      80097.94        2.87388000e+00       -1.81244370e-08  19.9638  19.7181
0202-12-20_16:24:42.992000      80098.14        2.92382400e+00       -2.02317170e-08  19.9681  19.6937
0202-12-20_16:24:43.184000      80098.34        2.97469800e+00       -1.57072670e-08  19.9681  19.6937
0202-12-20_16:24:43.380000      80098.53        3.02291900e+00       -1.96739070e-08  19.9681  19.6937
0202-12-20_16:24:43.570000      80098.72        3.07112900e+00       -1.41578070e-08  19.9681  19.6937
0202-12-20_16:24:43.760000      80098.92        3.12382200e+00       -2.08514970e-08  19.9681  19.6937
0202-12-20_16:24:43.973000      80099.12        3.17349700e+00       -2.30207570e-08  19.9915  19.6002
0202-12-20_16:24:44.164000      80099.32        3.22159800e+00       -3.20076570e-08  19.9915  19.6002
0202-12-20_16:24:44.360000      80099.51        3.27270600e+00       -3.26894270e-08  19.9915  19.6002
0202-12-20_16:24:44.566000      80099.72        3.32288200e+00       -2.96524670e-08  19.9915  19.6002
0202-12-20_16:24:44.760000      80099.91        3.37048800e+00       -2.69873870e-08  19.9915  19.6002
0202-12-20_16:24:44.970000      80100.12        3.42152600e+00       -2.97144470e-08  19.9609  19.9444
0202-12-20_16:24:45.164000      80100.32        3.47146800e+00       -3.41769170e-08  19.9609  19.9444
0202-12-20_16:24:45.363000      80100.51        3.51823500e+00       -3.88252670e-08  19.9609  19.9444
0202-12-20_16:24:45.562000      80100.72        3.57135900e+00       -3.58502470e-08  19.9609  19.9444
0202-12-20_16:24:45.760000      80100.92        3.62084700e+00       -3.29371870e-08  19.9609  19.9444
0202-12-20_16:24:45.957000      80101.11        3.66712100e+00       -2.87226370e-08  19.9797  19.7294
0202-12-20_16:24:46.152000      80101.31        3.71956400e+00       -3.12637670e-08  19.9797  19.7294
0202-12-20_16:24:46.360000      80101.51        3.77017600e+00       -3.33090570e-08  19.9797  19.7294
0202-12-20_16:24:46.574000      80101.73        3.81247300e+00       -3.85152670e-08  19.9797  19.7294
0202-12-20_16:24:46.777000      80101.93        3.86857000e+00       -3.47345670e-08  19.9797  19.7294
0202-12-20_16:24:46.992000      80102.15        3.91654100e+00       -3.83293270e-08  19.9776  19.7168
0202-12-20_16:24:47.188000      80102.34        3.96762000e+00       -4.10563970e-08  19.9776  19.7168
0202-12-20_16:24:47.380000      80102.53        4.01717700e+00       -4.55188570e-08  19.9776  19.7168
0202-12-20_16:24:47.574000      80102.73        4.06590100e+00       -4.75021770e-08  19.9776  19.7168
0202-12-20_16:24:47.773000      80102.92        4.11513800e+00       -4.40933470e-08  19.9776  19.7168
0202-12-20_16:24:47.970000      80103.12        4.16652700e+00       -4.36594970e-08  19.9600  19.9377
0202-12-20_16:24:48.168000      80103.32        4.21654300e+00       -4.30397070e-08  19.9600  19.9377
0202-12-20_16:24:48.367000      80103.52        4.26235700e+00       -4.42792870e-08  19.9600  19.9377
0202-12-20_16:24:48.580000      80103.73        4.31601700e+00       -4.35975170e-08  19.9600  19.9377
0202-12-20_16:24:48.773000      80103.92        4.36514800e+00       -4.05605670e-08  19.9600  19.9377
0202-12-20_16:24:48.977000      80104.13        4.41109800e+00       -3.82053770e-08  19.9737  19.6005
0202-12-20_16:24:49.184000      80104.34        4.46491800e+00       -3.08299070e-08  19.9737  19.6005
0202-12-20_16:24:49.380000      80104.53        4.51423700e+00       -2.46320470e-08  19.9737  19.6005
0202-12-20_16:24:49.590000      80104.74        4.56051400e+00       -1.26701570e-08  19.9737  19.6005
0202-12-20_16:24:49.780000      80104.93        4.61346500e+00       -4.86084700e-09  19.9737  19.6005
0202-12-20_16:24:49.977000      80105.13        4.66285100e+00        6.97708300e-09  19.9576  19.9479
0202-12-20_16:24:50.184000      80105.34        4.70918400e+00        2.45790230e-08  19.9576  19.9479
0202-12-20_16:24:50.380000      80105.53        4.76241300e+00        4.90606030e-08  19.9576  19.9479
0202-12-20_16:24:50.570000      80105.72        4.81179200e+00        7.29223930e-08  19.9576  19.9479
0202-12-20_16:24:50.777000      80105.93        4.86042400e+00        1.12650723e-07  19.9576  19.9479
0202-12-20_16:24:50.977000      80106.13        4.91015400e+00        1.52379053e-07  19.9921  19.7311
0202-12-20_16:24:51.170000      80106.32        4.96126700e+00        2.06858303e-07  19.9921  19.7311
0202-12-20_16:24:51.370000      80106.53        5.00954300e+00        2.93938783e-07  19.9921  19.7311
0202-12-20_16:24:51.570000      80106.72        5.05831800e+00        3.78787933e-07  19.9921  19.7311
0202-12-20_16:24:51.760000      80106.92        5.11011000e+00        4.81301003e-07  19.9921  19.7311
0202-12-20_16:24:51.973000      80107.12        5.15988300e+00        6.70335993e-07  19.9650  19.7213
0202-12-20_16:24:52.164000      80107.32        5.20781700e+00        8.35137313e-07  19.9650  19.7213
0202-12-20_16:24:52.375000      80107.53        5.25892300e+00        1.11404140e-06  19.9650  19.7213
0202-12-20_16:24:52.590000      80107.74        5.30915200e+00        1.36617069e-06  19.9650  19.7213
0202-12-20_16:24:52.790000      80107.94        5.35664600e+00        1.78675804e-06  19.9650  19.7213
0202-12-20_16:24:52.992000      80108.15        5.40798600e+00        2.16247283e-06  19.9864  19.6929
0202-12-20_16:24:53.195000      80108.35        5.45589100e+00        3.70326293e-06  19.9864  19.6929
0202-12-20_16:24:53.387000      80108.54        5.50505900e+00        3.82244790e-06  19.9864  19.6929
0202-12-20_16:24:53.582000      80108.74        5.55690500e+00        5.42255160e-06  19.9864  19.6929
0202-12-20_16:24:53.777000      80108.93        5.60515700e+00        6.71170820e-06  19.9864  19.6929
0202-12-20_16:24:53.992000      80109.14        5.65483400e+00        7.97880040e-06  19.9796  19.5994
0202-12-20_16:24:54.190000      80109.34        5.70648900e+00        9.80878300e-06  19.9796  19.5994
0202-12-20_16:24:54.387000      80109.54        5.75436200e+00        1.11209957e-05  19.9796  19.5994