# Ic = 0.61 A, n = 16.48 , Tavg = 69.94 K, f37-beamOnSet1-70K
#datetime                        t_s     iHTS_A                vHTS_V                tHTS_K  tTAR_K
0202-05-13_00:47:10.176000      10102.14        5.10820000e-02       -5.51603167e-09  69.9271  69.1224
0202-05-13_00:47:10.387000      10102.36        6.49470100e-03       -2.04527167e-09  69.9127  69.1104
0202-05-13_00:47:10.580000      10102.55        7.13882900e-03        2.29318833e-09  69.9127  69.1104
0202-05-13_00:47:10.773000      10102.74        7.84974400e-03       -3.03692167e-09  69.9127  69.1104
0202-05-13_00:47:10.970000      10102.94        8.86788200e-03       -4.64834167e-09  69.9127  69.1104
0202-05-13_00:47:11.160000      10103.13        9.65894200e-03       -5.02021167e-09  69.9127  69.1104
0202-05-13_00:47:11.370000      10103.34        1.05924800e-02       -5.26812167e-09  69.8903  69.0855
0202-05-13_00:47:11.566000      10103.53        1.20778400e-02        4.33848333e-10  69.8903  69.0855
0202-05-13_00:47:11.758000      10103.73        1.29267800e-02        1.61152833e-09  69.8903  69.0855
0202-05-13_00:47:11.960000      10103.93        1.37341600e-02        5.82632833e-09  69.8903  69.0855
0202-05-13_00:47:12.170000      10104.14        1.45786500e-02        2.41793833e-09  69.8903  69.0855
0202-05-13_00:47:12.402000      10104.37        1.58431600e-02        5.02120833e-09  69.9541  69.1490
0202-05-13_00:47:12.598000      10104.56        1.64457300e-02        2.78999833e-09  69.9541  69.1490
0202-05-13_00:47:12.805000      10104.77        1.76345500e-02        5.64098833e-09  69.9541  69.1490
0202-05-13_00:47:13             10104.97        1.86630100e-02        4.21549833e-09  69.9541  69.1490
0202-05-13_00:47:13.200000      10105.17        1.95312400e-02        6.57065833e-09  69.9541  69.1490
0202-05-13_00:47:13.406000      10105.37        2.06636600e-02        4.21549833e-09  69.9152  69.0910
0202-05-13_00:47:13.600000      10105.57        2.17100000e-02        1.79835833e-09  69.9152  69.0910
0202-05-13_00:47:13.793000      10105.76        2.22784300e-02       -1.67241167e-09  69.9152  69.0910
0202-05-13_00:47:13.990000      10105.96        2.38056400e-02        1.11659833e-09  69.9152  69.0910
0202-05-13_00:47:14.188000      10106.15        2.43622000e-02        4.83527833e-09  69.9152  69.0910
0202-05-13_00:47:14.400000      10106.37        2.55346900e-02        6.75658833e-09  69.9518  69.1275
0202-05-13_00:47:14.594000      10106.56        2.67736800e-02        6.19878833e-09  69.9518  69.1275
0202-05-13_00:47:14.793000      10106.76        2.76953500e-02        5.88889833e-09  69.9518  69.1275
0202-05-13_00:47:14.990000      10106.96        2.84968000e-02        2.48010833e-09  69.9518  69.1275
0202-05-13_00:47:15.184000      10107.15        2.96114000e-02        2.60406833e-09  69.9518  69.1275
0202-05-13_00:47:15.390000      10107.36        3.03178700e-02        4.58736833e-09  69.8799  69.0886
0202-05-13_00:47:15.586000      10107.55        3.16625200e-02        9.29768833e-09  69.8799  69.0886
0202-05-13_00:47:15.777000      10107.75        3.23407900e-02        6.38472833e-09  69.8799  69.0886
0202-05-13_00:47:15.970000      10107.94        3.35266300e-02        3.28582833e-09  69.8799  69.0886
0202-05-13_00:47:16.176000      10108.14        3.47524900e-02        4.34838333e-10  69.8799  69.0886
0202-05-13_00:47:16.414000      10108.38        3.53194400e-02       -2.78801167e-09  69.9421  69.1267
0202-05-13_00:47:16.610000      10108.58        3.63806200e-02       -3.03592167e-09  69.9421  69.1267
0202-05-13_00:47:16.800000      10108.77        3.72666700e-02       -7.80823167e-09  69.9421  69.1267
0202-05-13_00:47:17.004000      10108.97        3.85415700e-02       -5.88691167e-09  69.9421  69.1267
0202-05-13_00:47:17.223000      10109.19        3.94647200e-02       -9.60559167e-09  69.9421  69.1267
0202-05-13_00:47:17.440000      10109.41        4.06826400e-02       -6.01087167e-09  69.9475  69.0943
0202-05-13_00:47:17.650000      10109.62        4.16844500e-02       -5.88691167e-09  69.9475  69.0943
0202-05-13_00:47:17.848000      10109.82        4.25972100e-02       -7.37469167e-09  69.9475  69.0943
0202-05-13_00:47:18.043000      10110.01        4.33897600e-02       -9.97807167e-09  69.9475  69.0943
0202-05-13_00:47:18.277000      10110.24        4.44078900e-02       -6.50772167e-09  69.9475  69.0943
0202-05-13_00:47:18.480000      10110.45        4.54972700e-02       -5.39211167e-09  69.9333  69.1337
0202-05-13_00:47:18.680000      10110.65        4.64545600e-02       -5.20618167e-09  69.9333  69.1337
0202-05-13_00:47:18.875000      10110.84        4.73376400e-02       -1.61146167e-09  69.9333  69.1337
0202-05-13_00:47:19.082000      10111.05        4.85108800e-02       -3.47080167e-09  69.9333  69.1337
0202-05-13_00:47:19.277000      10111.25        4.94162200e-02       -4.27651167e-09  69.9333  69.1337
0202-05-13_00:47:19.480000      10111.45        5.05857500e-02       -9.73057167e-09  69.9126  69.0956
0202-05-13_00:47:19.684000      10111.65        5.10948200e-02       -7.43738167e-09  69.9126  69.0956
0202-05-13_00:47:19.880000      10111.85        5.24246300e-02       -9.85452167e-09  69.9126  69.0956
0202-05-13_00:47:20.070000      10112.04        5.31845200e-02       -8.55299167e-09  69.9126  69.0956
0202-05-13_00:47:20.290000      10112.26        5.45321500e-02       -1.04123217e-08  69.9126  69.0956
0202-05-13_00:47:20.504000      10112.47        5.47460100e-02       -6.32178167e-09  69.9596  69.1331
0202-05-13_00:47:20.700000      10112.67        5.63414900e-02       -5.51607167e-09  69.9596  69.1331
0202-05-13_00:47:20.902000      10112.87        5.72972900e-02       -5.20618167e-09  69.9596  69.1331
0202-05-13_00:47:21.098000      10113.07        5.81863100e-02       -7.43738167e-09  69.9596  69.1331
0202-05-13_00:47:21.293000      10113.26        5.94152000e-02       -9.91650167e-09  69.9028  69.1038
0202-05-13_00:47:21.496000      10113.47        6.02329800e-02       -1.13419917e-08  69.9028  69.1038
0202-05-13_00:47:21.688000      10113.66        6.15034200e-02       -1.32013317e-08  69.9028  69.1038
0202-05-13_00:47:21.883000      10113.85        6.25215600e-02       -1.15279317e-08  69.9028  69.1038
0202-05-13_00:47:22.086000      10114.05        6.32771500e-02       -1.55564917e-08  69.9028  69.1038
0202-05-13_00:47:22.285000      10114.25        6.46321900e-02       -1.72918717e-08  69.9471  69.1191
0202-05-13_00:47:22.477000      10114.45        6.54514500e-02       -2.01428617e-08  69.9471  69.1191
0202-05-13_00:47:22.676000      10114.64        6.63271100e-02       -1.29534217e-08  69.9471  69.1191
0202-05-13_00:47:22.870000      10114.84        6.74728900e-02       -1.48127617e-08  69.9471  69.1191
0202-05-13_00:47:23.062000      10115.03        6.88145700e-02       -1.09701317e-08  69.9471  69.1191
0202-05-13_00:47:23.285000      10115.25        6.93444200e-02       -1.82215417e-08  69.9471  69.1191
0202-05-13_00:47:23.496000      10115.46        7.07009500e-02       -1.77257217e-08  69.8959  69.0753
0202-05-13_00:47:23.700000      10115.67        7.13477300e-02       -2.30557217e-08  69.8959  69.0753
0202-05-13_00:47:23.902000      10115.87        7.22753400e-02       -1.49363217e-08  69.8959  69.0753
0202-05-13_00:47:24.105000      10116.07        7.32103600e-02       -1.17750617e-08  69.8959  69.0753
0202-05-13_00:47:24.305000      10116.27        7.42626400e-02       -1.35102417e-08  69.9229  69.1148
0202-05-13_00:47:24.510000      10116.48        7.49379300e-02       -2.44183617e-08  69.9229  69.1148
0202-05-13_00:47:24.703000      10116.67        7.63360200e-02       -2.59678117e-08  69.9229  69.1148
0202-05-13_00:47:24.900000      10116.86        7.71656700e-02       -2.78891317e-08  69.9229  69.1148
0202-05-13_00:47:25.100000      10117.07        7.83010500e-02       -2.73933117e-08  69.9229  69.1148
0202-05-13_00:47:25.305000      10117.27        7.92283100e-02       -2.91906717e-08  69.9217  69.0968
0202-05-13_00:47:25.496000      10117.46        8.04735300e-02       -2.86948417e-08  69.9217  69.0968
0202-05-13_00:47:25.703000      10117.67        8.14308200e-02       -2.32407817e-08  69.9217  69.0968
0202-05-13_00:47:25.900000      10117.87        8.23064700e-02       -2.39225417e-08  69.9217  69.0968
0202-05-13_00:47:26.094000      10118.06        8.32593100e-02       -2.21251817e-08  69.9217  69.0968
0202-05-13_00:47:26.305000      10118.27        8.39271800e-02       -2.57199017e-08  69.9217  69.0968
0202-05-13_00:47:26.496000      10118.46        8.52748000e-02       -2.57818817e-08  69.9216  69.1009
0202-05-13_00:47:26.700000      10118.67        8.66031300e-02       -2.45423217e-08  69.9216  69.1009
0202-05-13_00:47:26.895000      10118.86        8.75448000e-02       -2.46662817e-08  69.9216  69.1009
0202-05-13_00:47:27.086000      10119.05        8.85451300e-02       -2.75172617e-08  69.9216  69.1009
0202-05-13_00:47:27.285000      10119.25        8.94816400e-02       -3.09880317e-08  69.9216  69.1009
0202-05-13_00:47:27.480000      10119.45        9.06511600e-02       -3.16078117e-08  69.8956  69.0656
0202-05-13_00:47:27.676000      10119.64        9.10578200e-02       -2.99963817e-08  69.8956  69.0656
0202-05-13_00:47:27.867000      10119.83        9.24084100e-02       -2.70214417e-08  69.8956  69.0656
0202-05-13_00:47:28.062000      10120.03        9.33597600e-02       -2.59678117e-08  69.8956  69.0656
0202-05-13_00:47:28.266000      10120.23        9.42873700e-02       -2.76412217e-08  69.8956  69.0656
0202-05-13_00:47:28.457000      10120.42        9.50761400e-02       -2.55959517e-08  69.9587  69.1185
0202-05-13_00:47:28.652000      10120.62        9.63777600e-02       -2.36746317e-08  69.9587  69.1185
0202-05-13_00:47:28.844000      10120.81        9.72652900e-02       -2.41704517e-08  69.9587  69.1185
0202-05-13_00:47:29.040000      10121.01        9.81928900e-02       -2.54100117e-08  69.9587  69.1185
0202-05-13_00:47:29.266000      10121.23        9.90626100e-02       -3.02442917e-08  69.9587  69.1185
0202-05-13_00:47:29.490000      10121.46        9.98165700e-02       -3.12979217e-08  69.8936  69.1110
0202-05-13_00:47:29.688000      10121.65        1.01171600e-01       -3.27853617e-08  69.8936  69.1110
0202-05-13_00:47:29.890000      10121.86        1.01785700e-01       -3.56982217e-08  69.8936  69.1110
0202-05-13_00:47:30.090000      10122.06        1.03071000e-01       -3.83011617e-08  69.8936  69.1110
0202-05-13_00:47:30.293000      10122.26        1.04077300e-01       -3.78052717e-08  69.9339  69.1126
0202-05-13_00:47:30.500000      10122.47        1.05387800e-01       -3.13595617e-08  69.9339  69.1126
0202-05-13_00:47:30.690000      10122.66        1.06088300e-01       -2.65252817e-08  69.9339  69.1126
0202-05-13_00:47:30.887000      10122.85        1.07205900e-01       -2.40461617e-08  69.9339  69.1126
0202-05-13_00:47:31.086000      10123.06        1.08186900e-01       -2.20008917e-08  69.9339  69.1126
0202-05-13_00:47:31.293000      10123.26        1.08816200e-01       -2.49758317e-08  69.9211  69.0913
0202-05-13_00:47:31.490000      10123.45        1.09735000e-01       -2.71450617e-08  69.9211  69.0913
0202-05-13_00:47:31.695000      10123.66        1.11174600e-01       -3.01200017e-08  69.9211  69.0913
0202-05-13_00:47:31.890000      10123.86        1.12029500e-01       -3.37147217e-08  69.9211  69.0913
0202-05-13_00:47:32.082000      10124.05        1.12802700e-01       -3.35287917e-08  69.9211  69.0913
0202-05-13_00:47:32.293000      10124.26        1.14082100e-01       -3.03679117e-08  69.9211  69.0913
0202-05-13_00:47:32.490000      10124.45        1.14810800e-01       -3.27850517e-08  69.9236  69.1285
0202-05-13_00:47:32.688000      10124.66        1.15788900e-01       -3.17934117e-08  69.9236  69.1285
0202-05-13_00:47:32.883000      10124.85        1.17016300e-01       -3.47683517e-08  69.9236  69.1285
0202-05-13_00:47:33.074000      10125.04        1.17678500e-01       -3.41485717e-08  69.9236  69.1285
0202-05-13_00:47:33.273000      10125.24        1.19066200e-01       -3.53261517e-08  69.9083  69.0952
0202-05-13_00:47:33.465000      10125.43        1.19875100e-01       -3.31569217e-08  69.9083  69.0952
0202-05-13_00:47:33.660000      10125.63        1.21004600e-01       -3.09257217e-08  69.9083  69.0952
0202-05-13_00:47:33.850000      10125.82        1.21684300e-01       -2.85085817e-08  69.9083  69.0952
0202-05-13_00:47:34.055000      10126.02        1.22842000e-01       -2.78888017e-08  69.9083  69.0952
0202-05-13_00:47:34.285000      10126.25        1.23949100e-01       -2.66492417e-08  69.9083  69.0952
0202-05-13_00:47:34.500000      10126.47        1.25034400e-01       -3.05538517e-08  69.9032  69.1049
0202-05-13_00:47:34.690000      10126.66        1.25835800e-01       -2.77648417e-08  69.9032  69.1049
0202-05-13_00:47:34.895000      10126.86        1.26938600e-01       -2.80127517e-08  69.9032  69.1049
0202-05-13_00:47:35.098000      10127.06        1.27987900e-01       -2.66492417e-08  69.9032  69.1049
0202-05-13_00:47:35.305000      10127.27        1.29017900e-01       -2.88184617e-08  69.8951  69.0867
0202-05-13_00:47:35.504000      10127.47        1.30000400e-01       -3.23512117e-08  69.8951  69.0867
0202-05-13_00:47:35.700000      10127.67        1.30703900e-01       -2.76409417e-08  69.8951  69.0867
0202-05-13_00:47:35.900000      10127.87        1.32143500e-01       -2.91285617e-08  69.8951  69.0867
0202-05-13_00:47:36.100000      10128.07        1.32855800e-01       -2.96865717e-08  69.8951  69.0867
0202-05-13_00:47:36.305000      10128.27        1.33921400e-01       -3.53266617e-08  69.9619  69.1291
0202-05-13_00:47:36.508000      10128.48        1.34820800e-01       -3.43350117e-08  69.9619  69.1291
0202-05-13_00:47:36.703000      10128.67        1.35905700e-01       -3.10501817e-08  69.9619  69.1291
0202-05-13_00:47:36.895000      10128.86        1.36748700e-01       -2.83231517e-08  69.9619  69.1291
0202-05-13_00:47:37.100000      10129.07        1.37907900e-01       -2.68976617e-08  69.9619  69.1291
0202-05-13_00:47:37.305000      10129.27        1.38528300e-01       -2.65257917e-08  69.8855  69.0963
0202-05-13_00:47:37.496000      10129.47        1.39794300e-01       -2.81372217e-08  69.8855  69.0963
0202-05-13_00:47:37.690000      10129.66        1.40691300e-01       -3.40251217e-08  69.8855  69.0963
0202-05-13_00:47:37.883000      10129.85        1.42040500e-01       -3.40871017e-08  69.8855  69.0963
0202-05-13_00:47:38.080000      10130.04        1.42769200e-01       -3.41490817e-08  69.8855  69.0963
0202-05-13_00:47:38.290000      10130.26        1.43981700e-01       -3.20418317e-08  69.9257  69.0973
0202-05-13_00:47:38.496000      10130.46        1.44649600e-01       -3.25996317e-08  69.9257  69.0973
0202-05-13_00:47:38.695000      10130.66        1.45560900e-01       -3.71240217e-08  69.9257  69.0973
0202-05-13_00:47:38.900000      10130.87        1.46552300e-01       -3.84875417e-08  69.9257  69.0973
0202-05-13_00:47:39.100000      10131.07        1.47793100e-01       -4.56150017e-08  69.9257  69.0973
0202-05-13_00:47:39.297000      10131.26        1.48615800e-01       -4.31358817e-08  69.9175  69.0994
0202-05-13_00:47:39.504000      10131.47        1.49953100e-01       -4.24541317e-08  69.9175  69.0994
0202-05-13_00:47:39.695000      10131.66        1.50699600e-01       -3.63183117e-08  69.9175  69.0994
0202-05-13_00:47:39.890000      10131.86        1.51787500e-01       -3.83635817e-08  69.9175  69.0994
0202-05-13_00:47:40.094000      10132.06        1.52945100e-01       -4.02849017e-08  69.9175  69.0994
0202-05-13_00:47:40.290000      10132.26        1.53902400e-01       -4.30119317e-08  69.9306  69.1212
0202-05-13_00:47:40.490000      10132.45        1.54732100e-01       -4.15864317e-08  69.9306  69.1212
0202-05-13_00:47:40.684000      10132.65        1.55704200e-01       -3.74958917e-08  69.9306  69.1212
0202-05-13_00:47:40.875000      10132.84        1.56653100e-01       -3.57605117e-08  69.9306  69.1212
0202-05-13_00:47:41.070000      10133.04        1.57386200e-01       -3.44589717e-08  69.9306  69.1212
0202-05-13_00:47:41.290000      10133.26        1.59039600e-01       -3.75578717e-08  69.9306  69.1212
0202-05-13_00:47:41.500000      10133.47        1.59890000e-01       -3.55126017e-08  69.8985  69.0700
0202-05-13_00:47:41.703000      10133.67        1.60712300e-01       -3.78056217e-08  69.8985  69.0700
0202-05-13_00:47:41.895000      10133.86        1.61832800e-01       -3.31570517e-08  69.8985  69.0700
0202-05-13_00:47:42.100000      10134.07        1.62883600e-01       -3.54499217e-08  69.8985  69.0700
0202-05-13_00:47:42.300000      10134.27        1.63561900e-01       -3.68133617e-08  69.9358  69.1132
0202-05-13_00:47:42.492000      10134.46        1.64691700e-01       -4.03461117e-08  69.9358  69.1132
0202-05-13_00:47:42.688000      10134.66        1.65751400e-01       -4.34450017e-08  69.9358  69.1132
0202-05-13_00:47:42.883000      10134.85        1.66570600e-01       -3.89206117e-08  69.9358  69.1132
0202-05-13_00:47:43.074000      10135.04        1.67584300e-01       -3.59456717e-08  69.9358  69.1132
0202-05-13_00:47:43.293000      10135.26        1.68529700e-01       -2.94999617e-08  69.9358  69.1132
0202-05-13_00:47:43.492000      10135.46        1.69478100e-01       -3.25988617e-08  69.8930  69.0803
0202-05-13_00:47:43.695000      10135.66        1.70554100e-01       -3.55738017e-08  69.8930  69.0803
0202-05-13_00:47:43.887000      10135.86        1.71662800e-01       -3.91065517e-08  69.8930  69.0803
0202-05-13_00:47:44.082000      10136.05        1.72369700e-01       -4.09039117e-08  69.8930  69.0803
0202-05-13_00:47:44.280000      10136.25        1.73665300e-01       -3.97883017e-08  69.8930  69.0803
0202-05-13_00:47:44.473000      10136.44        1.74334700e-01       -3.81768817e-08  69.9144  69.1115
0202-05-13_00:47:44.664000      10136.63        1.75685300e-01       -3.87346817e-08  69.9144  69.1115
0202-05-13_00:47:44.863000      10136.83        1.76529800e-01       -3.99742417e-08  69.9144  69.1115
0202-05-13_00:47:45.055000      10137.02        1.77881800e-01       -4.22674217e-08  69.9144  69.1115
0202-05-13_00:47:45.258000      10137.23        1.78883700e-01       -4.04080817e-08  69.9144  69.1115
0202-05-13_00:47:45.460000      10137.43        1.79498100e-01       -3.56977617e-08  69.8819  69.0927
0202-05-13_00:47:45.656000      10137.62        1.80710200e-01       -3.63175417e-08  69.8819  69.0927
0202-05-13_00:47:45.848000      10137.82        1.81818900e-01       -3.68133617e-08  69.8819  69.0927
0202-05-13_00:47:46.050000      10138.02        1.82740600e-01       -4.42507217e-08  69.8819  69.0927
0202-05-13_00:47:46.250000      10138.22        1.83488600e-01       -4.61720417e-08  69.8819  69.0927
0202-05-13_00:47:46.450000      10138.42        1.84199500e-01       -4.36309417e-08  69.9530  69.1290
0202-05-13_00:47:46.645000      10138.61        1.85659900e-01       -3.71232517e-08  69.9530  69.1290
0202-05-13_00:47:46.836000      10138.80        1.86415400e-01       -3.37764417e-08  69.9530  69.1290
0202-05-13_00:47:47.030000      10139.00        1.87958900e-01       -3.60696217e-08  69.9530  69.1290
0202-05-13_00:47:47.246000      10139.21        1.88677800e-01       -3.70612717e-08  69.9530  69.1290
0202-05-13_00:47:47.460000      10139.43        1.89768700e-01       -3.50779817e-08  69.9127  69.0766
0202-05-13_00:47:47.660000      10139.63        1.90773500e-01       -3.60076817e-08  69.9127  69.0766
0202-05-13_00:47:47.855000      10139.82        1.91754500e-01       -3.53879417e-08  69.9127  69.0766
0202-05-13_00:47:48.062000      10140.03        1.92805300e-01       -3.78671117e-08  69.9127  69.0766
0202-05-13_00:47:48.270000      10140.24        1.93908000e-01       -4.13379017e-08  69.9127  69.0766
0202-05-13_00:47:48.460000      10140.43        1.94280600e-01       -4.40029517e-08  69.9314  69.0878
0202-05-13_00:47:48.660000      10140.63        1.95641500e-01       -4.27633917e-08  69.9314  69.0878
0202-05-13_00:47:48.850000      10140.82        1.96475300e-01       -3.89827417e-08  69.9314  69.0878
0202-05-13_00:47:49.043000      10141.01        1.97462300e-01       -3.37146117e-08  69.9314  69.0878
0202-05-13_00:47:49.270000      10141.24        1.98725300e-01       -3.82390017e-08  69.9314  69.0878
0202-05-13_00:47:49.480000      10141.45        1.99188400e-01       -3.90447217e-08  69.8926  69.0798
0202-05-13_00:47:49.684000      10141.65        2.00598300e-01       -3.97264717e-08  69.8926  69.0798
0202-05-13_00:47:49.887000      10141.86        2.01172700e-01       -3.55119717e-08  69.8926  69.0798
0202-05-13_00:47:50.090000      10142.06        2.02348100e-01       -3.30948317e-08  69.8926  69.0798
0202-05-13_00:47:50.290000      10142.26        2.03245300e-01       -3.10495617e-08  69.9249  69.1087
0202-05-13_00:47:50.484000      10142.45        2.04738300e-01       -3.52640617e-08  69.9249  69.1087
0202-05-13_00:47:50.676000      10142.64        2.05378000e-01       -3.55119717e-08  69.9249  69.1087
0202-05-13_00:47:50.867000      10142.84        2.06375400e-01       -3.56979117e-08  69.9249  69.1087
0202-05-13_00:47:51.074000      10143.04        2.07478100e-01       -3.63176917e-08  69.9249  69.1087
0202-05-13_00:47:51.277000      10143.25        2.08267700e-01       -4.15238417e-08  69.9249  69.1087
0202-05-13_00:47:51.480000      10143.45        2.09207100e-01       -4.41888917e-08  69.9187  69.0997
0202-05-13_00:47:51.676000      10143.64        2.10631900e-01       -4.09660317e-08  69.9187  69.0997
0202-05-13_00:47:51.867000      10143.83        2.11390000e-01       -3.56979117e-08  69.9187  69.0997
0202-05-13_00:47:52.060000      10144.03        2.12157300e-01       -3.29708817e-08  69.9187  69.0997
0202-05-13_00:47:52.258000      10144.23        2.13546400e-01       -3.34047217e-08  69.9187  69.0997
0202-05-13_00:47:52.453000      10144.42        2.14352300e-01       -3.29089017e-08  69.9292  69.1070
0202-05-13_00:47:52.645000      10144.61        2.15346700e-01       -2.98719817e-08  69.9292  69.1070
0202-05-13_00:47:52.850000      10144.82        2.16189700e-01       -3.28469217e-08  69.9292  69.1070
0202-05-13_00:47:53.043000      10145.01        2.17697600e-01       -3.10495617e-08  69.9292  69.1070
0202-05-13_00:47:53.285000      10145.25        2.18275000e-01       -3.12354917e-08  69.9292  69.1070
0202-05-13_00:47:53.492000      10145.46        2.19478300e-01       -2.81365917e-08  69.8982  69.0988
0202-05-13_00:47:53.684000      10145.65        2.20416300e-01       -2.91281817e-08  69.8982  69.0988
0202-05-13_00:47:53.875000      10145.84        2.21032200e-01       -2.75786717e-08  69.8982  69.0988
0202-05-13_00:47:54.080000      10146.05        2.22538600e-01       -2.73926817e-08  69.8982  69.0988
0202-05-13_00:47:54.290000      10146.26        2.23268800e-01       -3.19790317e-08  69.8982  69.0988
0202-05-13_00:47:54.484000      10146.45        2.24321100e-01       -3.56977117e-08  69.9313  69.1092
0202-05-13_00:47:54.680000      10146.65        2.25392700e-01       -3.30326517e-08  69.9313  69.1092
0202-05-13_00:47:54.875000      10146.84        2.25989600e-01       -3.24748517e-08  69.9313  69.1092
0202-05-13_00:47:55.066000      10147.03        2.27135400e-01       -3.27227617e-08  69.9313  69.1092
0202-05-13_00:47:55.277000      10147.25        2.28098600e-01       -3.62555117e-08  69.9313  69.1092
0202-05-13_00:47:55.473000      10147.44        2.29030700e-01       -3.63794617e-08  69.9190  69.0996
0202-05-13_00:47:55.664000      10147.63        2.29888500e-01       -3.58836417e-08  69.9190  69.0996
0202-05-13_00:47:55.870000      10147.84        2.30885900e-01       -3.37144117e-08  69.9190  69.0996
0202-05-13_00:47:56.062000      10148.03        2.32451700e-01       -3.60695717e-08  69.9190  69.0996
0202-05-13_00:47:56.273000      10148.24        2.32990400e-01       -3.65654017e-08  69.9190  69.0996
0202-05-13_00:47:56.470000      10148.43        2.34293800e-01       -3.95403417e-08  69.9530  69.1111
0202-05-13_00:47:56.660000      10148.63        2.35127900e-01       -3.69372717e-08  69.9530  69.1111
0202-05-13_00:47:56.850000      10148.82        2.36217300e-01       -4.10897917e-08  69.9530  69.1111
0202-05-13_00:47:57.047000      10149.02        2.37284400e-01       -3.94163817e-08  69.9530  69.1111
0202-05-13_00:47:57.280000      10149.25        2.38194200e-01       -3.92304517e-08  69.9530  69.1111
0202-05-13_00:47:57.496000      10149.46        2.39288100e-01       -3.92304517e-08  69.9270  69.1132
0202-05-13_00:47:57.688000      10149.66        2.40009400e-01       -4.15236417e-08  69.9270  69.1132
0202-05-13_00:47:57.883000      10149.85        2.41045200e-01       -4.15856117e-08  69.9270  69.1132
0202-05-13_00:47:58.074000      10150.04        2.42458100e-01       -3.78669317e-08  69.9270  69.1132
0202-05-13_00:47:58.280000      10150.25        2.43112700e-01       -3.34665017e-08  69.9255  69.1086
0202-05-13_00:47:58.477000      10150.44        2.44326700e-01       -3.49539717e-08  69.9255  69.1086
0202-05-13_00:47:58.668000      10150.63        2.44890700e-01       -3.68752917e-08  69.9255  69.1086
0202-05-13_00:47:58.870000      10150.84        2.46030500e-01       -3.85486917e-08  69.9255  69.1086
0202-05-13_00:47:59.066000      10151.03        2.47149600e-01       -3.86106717e-08  69.9255  69.1086
0202-05-13_00:47:59.273000      10151.24        2.47967400e-01       -4.18955017e-08  69.9255  69.1086
0202-05-13_00:47:59.473000      10151.44        2.49125300e-01       -4.36928617e-08  69.8983  69.0865
0202-05-13_00:47:59.664000      10151.63        2.50101800e-01       -4.65437217e-08  69.8983  69.0865
0202-05-13_00:47:59.855000      10151.82        2.51192700e-01       -4.80310617e-08  69.8983  69.0865
0202-05-13_00:48:00.060000      10152.03        2.52028300e-01       -4.82168217e-08  69.8983  69.0865
0202-05-13_00:48:00.260000      10152.23        2.53184500e-01       -4.79069317e-08  69.8983  69.0865
0202-05-13_00:48:00.453000      10152.42        2.53991800e-01       -4.26388017e-08  69.9387  69.0874
0202-05-13_00:48:00.656000      10152.63        2.54989200e-01       -3.81763817e-08  69.9387  69.0874
0202-05-13_00:48:00.848000      10152.82        2.55909400e-01       -3.45816617e-08  69.9387  69.0874
0202-05-13_00:48:01.043000      10153.01        2.56961400e-01       -3.42717717e-08  69.9387  69.0874
0202-05-13_00:48:01.277000      10153.25        2.57989900e-01       -3.96018817e-08  69.9387  69.0874
0202-05-13_00:48:01.484000      10153.45        2.58702300e-01       -4.54278117e-08  69.9084  69.1108
0202-05-13_00:48:01.680000      10153.65        2.59665500e-01       -4.80308917e-08  69.9084  69.1108
0202-05-13_00:48:01.870000      10153.84        2.60654000e-01       -4.78449517e-08  69.9084  69.1108
0202-05-13_00:48:02.074000      10154.04        2.61832400e-01       -4.38163817e-08  69.9084  69.1108
0202-05-13_00:48:02.290000      10154.26        2.62997500e-01       -3.82383617e-08  69.9084  69.1108
0202-05-13_00:48:02.484000      10154.45        2.64309500e-01       -3.71227617e-08  69.9249  69.1172
0202-05-13_00:48:02.676000      10154.64        2.65186000e-01       -3.63790217e-08  69.9249  69.1172
0202-05-13_00:48:02.880000      10154.85        2.65913200e-01       -4.07174817e-08  69.9249  69.1172
0202-05-13_00:48:03.070000      10155.04        2.66705800e-01       -4.04695717e-08  69.9249  69.1172
0202-05-13_00:48:03.270000      10155.24        2.67900500e-01       -4.43741817e-08  69.9249  69.1172
0202-05-13_00:48:03.477000      10155.44        2.69044800e-01       -4.44361617e-08  69.8972  69.0928
0202-05-13_00:48:03.668000      10155.64        2.69812100e-01       -4.27627617e-08  69.8972  69.0928
0202-05-13_00:48:03.860000      10155.83        2.71027700e-01       -4.42502317e-08  69.8972  69.0928
0202-05-13_00:48:04.055000      10156.02        2.71793500e-01       -4.42502317e-08  69.8972  69.0928
0202-05-13_00:48:04.260000      10156.23        2.72902500e-01       -4.62955017e-08  69.8972  69.0928
0202-05-13_00:48:04.460000      10156.43        2.73861300e-01       -4.96423117e-08  69.9303  69.1055
0202-05-13_00:48:04.652000      10156.62        2.74820100e-01       -4.77829717e-08  69.9303  69.1055
0202-05-13_00:48:04.848000      10156.82        2.75609600e-01       -5.74515417e-08  69.9303  69.1055
0202-05-13_00:48:05.040000      10157.01        2.76746500e-01       -5.49724217e-08  69.9303  69.1055
0202-05-13_00:48:05.260000      10157.23        2.78085200e-01       -5.69557217e-08  69.9303  69.1055
0202-05-13_00:48:05.457000      10157.42        2.78793200e-01       -5.18115417e-08  69.8913  69.0849
0202-05-13_00:48:05.656000      10157.63        2.79892900e-01       -5.02621217e-08  69.8913  69.0849
0202-05-13_00:48:05.860000      10157.83        2.80573100e-01       -4.81549117e-08  69.8913  69.0849
0202-05-13_00:48:06.050000      10158.02        2.81669900e-01       -4.12753817e-08  69.8913  69.0849
0202-05-13_00:48:06.266000      10158.23        2.82603400e-01       -4.11514217e-08  69.8913  69.0849
0202-05-13_00:48:06.465000      10158.43        2.84035700e-01       -4.41883417e-08  69.9155  69.0997
0202-05-13_00:48:06.656000      10158.63        2.84936600e-01       -5.24934017e-08  69.9155  69.0997
0202-05-13_00:48:06.863000      10158.83        2.85916100e-01       -5.42287817e-08  69.9155  69.0997
0202-05-13_00:48:07.055000      10159.02        2.86699700e-01       -5.48485617e-08  69.9155  69.0997
0202-05-13_00:48:07.254000      10159.22        2.88050300e-01       -5.02002117e-08  69.9155  69.0997
0202-05-13_00:48:07.457000      10159.43        2.88751300e-01       -4.69773517e-08  69.9011  69.1003
0202-05-13_00:48:07.652000      10159.62        2.89672900e-01       -5.04481217e-08  69.9011  69.1003
0202-05-13_00:48:07.844000      10159.81        2.90756400e-01       -4.91465817e-08  69.9011  69.1003
0202-05-13_00:48:08.047000      10160.01        2.91985300e-01       -5.11298817e-08  69.9011  69.1003
0202-05-13_00:48:08.254000      10160.22        2.92826800e-01       -5.37949317e-08  69.9011  69.1003
0202-05-13_00:48:08.465000      10160.43        2.93812300e-01       -5.63360317e-08  69.9326  69.1308
0202-05-13_00:48:08.660000      10160.63        2.94756200e-01       -5.45386717e-08  69.9326  69.1308
0202-05-13_00:48:08.850000      10160.82        2.95412200e-01       -5.19355917e-08  69.9326  69.1308
0202-05-13_00:48:09.047000      10161.01        2.97055800e-01       -4.80309817e-08  69.9326  69.1308
0202-05-13_00:48:09.250000      10161.22        2.97789000e-01       -4.64195517e-08  69.9326  69.1308
0202-05-13_00:48:09.440000      10161.41        2.98942200e-01       -4.45602117e-08  69.8881  69.0695
0202-05-13_00:48:09.637000      10161.60        2.99482400e-01       -4.51799917e-08  69.8881  69.0695
0202-05-13_00:48:09.830000      10161.80        3.01116500e-01       -4.82788917e-08  69.8881  69.0695
0202-05-13_00:48:10.020000      10161.99        3.02139100e-01       -4.76591117e-08  69.8881  69.0695
0202-05-13_00:48:10.258000      10162.22        3.02970200e-01       -5.10059217e-08  69.8881  69.0695
0202-05-13_00:48:10.470000      10162.44        3.03608800e-01       -4.92705417e-08  69.9177  69.1117
0202-05-13_00:48:10.660000      10162.63        3.04684800e-01       -5.41668017e-08  69.9177  69.1117
0202-05-13_00:48:10.850000      10162.82        3.05559000e-01       -5.17496617e-08  69.9177  69.1117
0202-05-13_00:48:11.060000      10163.03        3.06915500e-01       -5.29272417e-08  69.9177  69.1117
0202-05-13_00:48:11.285000      10163.25        3.07822300e-01       -5.18116417e-08  69.9177  69.1117
0202-05-13_00:48:11.492000      10163.46        3.08806300e-01       -4.99523317e-08  69.8923  69.1024
0202-05-13_00:48:11.700000      10163.67        3.09641900e-01       -4.96425317e-08  69.8923  69.1024
0202-05-13_00:48:11.895000      10163.86        3.10787700e-01       -4.92707917e-08  69.8923  69.1024
0202-05-13_00:48:12.086000      10164.05        3.11429900e-01       -5.47249117e-08  69.8923  69.1024
0202-05-13_00:48:12.297000      10164.27        3.12614200e-01       -5.40431617e-08  69.8923  69.1024
0202-05-13_00:48:12.492000      10164.46        3.13598200e-01       -5.59024917e-08  69.9467  69.1298
0202-05-13_00:48:12.684000      10164.65        3.14960700e-01       -5.52827217e-08  69.9467  69.1298
0202-05-13_00:48:12.887000      10164.86        3.15554400e-01       -6.17904017e-08  69.9467  69.1298
0202-05-13_00:48:13.082000      10165.05        3.16695700e-01       -5.93112817e-08  69.9467  69.1298
0202-05-13_00:48:13.277000      10165.25        3.17811800e-01       -5.93112817e-08  69.9467  69.1298
0202-05-13_00:48:13.480000      10165.45        3.18778000e-01       -5.68941417e-08  69.8987  69.0838
0202-05-13_00:48:13.676000      10165.64        3.19542000e-01       -5.75759017e-08  69.8987  69.0838
0202-05-13_00:48:13.867000      10165.84        3.20453200e-01       -5.63363417e-08  69.8987  69.0838
0202-05-13_00:48:14.074000      10166.04        3.21236900e-01       -5.65222717e-08  69.8987  69.0838
0202-05-13_00:48:14.277000      10166.25        3.22244600e-01       -6.14805117e-08  69.8987  69.0838
0202-05-13_00:48:14.484000      10166.45        3.23469100e-01       -6.63767717e-08  69.9502  69.1272
0202-05-13_00:48:14.676000      10166.64        3.24372900e-01       -6.36497417e-08  69.9502  69.1272
0202-05-13_00:48:14.867000      10166.84        3.25570600e-01       -6.30299617e-08  69.9502  69.1272
0202-05-13_00:48:15.060000      10167.03        3.26717900e-01       -6.02409517e-08  69.9502  69.1272
0202-05-13_00:48:15.266000      10167.23        3.27525300e-01       -6.16664517e-08  69.9502  69.1272
0202-05-13_00:48:15.460000      10167.43        3.28789800e-01       -6.23482017e-08  69.9274  69.0903
0202-05-13_00:48:15.664000      10167.63        3.29181600e-01       -6.30299617e-08  69.9274  69.0903
0202-05-13_00:48:15.860000      10167.83        3.30323000e-01       -6.30919417e-08  69.9274  69.0903
0202-05-13_00:48:16.050000      10168.02        3.31614200e-01       -6.21622717e-08  69.9274  69.0903
0202-05-13_00:48:16.277000      10168.24        3.32393400e-01       -6.19143617e-08  69.9274  69.0903
0202-05-13_00:48:16.496000      10168.46        3.33093900e-01       -6.00550217e-08  69.9064  69.1038
0202-05-13_00:48:16.688000      10168.66        3.34624300e-01       -6.14805117e-08  69.9064  69.1038
0202-05-13_00:48:16.883000      10168.85        3.35499900e-01       -6.79882017e-08  69.9064  69.1038
0202-05-13_00:48:17.086000      10169.06        3.36469100e-01       -6.95996317e-08  69.9064  69.1038
0202-05-13_00:48:17.285000      10169.25        3.37499100e-01       -6.75543617e-08  69.8873  69.0994
0202-05-13_00:48:17.480000      10169.45        3.38202600e-01       -6.50752117e-08  69.8873  69.0994
0202-05-13_00:48:17.676000      10169.64        3.39597700e-01       -6.80500617e-08  69.8873  69.0994
0202-05-13_00:48:17.870000      10169.84        3.40307200e-01       -6.95374517e-08  69.8873  69.0994
0202-05-13_00:48:18.062000      10170.03        3.41239200e-01       -7.21404817e-08  69.8873  69.0994
0202-05-13_00:48:18.290000      10170.26        3.42335900e-01       -6.59426817e-08  69.8873  69.0994
0202-05-13_00:48:18.496000      10170.46        3.43288700e-01       -6.66864217e-08  69.9320  69.1335
0202-05-13_00:48:18.700000      10170.67        3.44271300e-01       -6.70582817e-08  69.9320  69.1335
0202-05-13_00:48:18.890000      10170.86        3.45375500e-01       -7.00332317e-08  69.9320  69.1335
0202-05-13_00:48:19.098000      10171.07        3.46326800e-01       -6.96613617e-08  69.9320  69.1335
0202-05-13_00:48:19.297000      10171.27        3.47330100e-01       -7.05910317e-08  69.8879  69.0874
0202-05-13_00:48:19.492000      10171.46        3.48409100e-01       -6.84837817e-08  69.8879  69.0874
0202-05-13_00:48:19.700000      10171.67        3.49455600e-01       -7.02811417e-08  69.8879  69.0874
0202-05-13_00:48:19.890000      10171.86        3.49951300e-01       -6.58807017e-08  69.8879  69.0874
0202-05-13_00:48:20.082000      10172.05        3.51299000e-01       -6.36494917e-08  69.8879  69.0874
0202-05-13_00:48:20.280000      10172.25        3.52125600e-01       -5.94349917e-08  69.8879  69.0874
0202-05-13_00:48:20.477000      10172.44        3.53354500e-01       -6.57567517e-08  69.9141  69.1202
0202-05-13_00:48:20.684000      10172.65        3.54176800e-01       -6.69343317e-08  69.9141  69.1202
0202-05-13_00:48:20.880000      10172.85        3.55058400e-01       -7.16446617e-08  69.9141  69.1202
0202-05-13_00:48:21.074000      10173.04        3.56128400e-01       -7.33800417e-08  69.9141  69.1202
0202-05-13_00:48:21.297000      10173.27        3.57014700e-01       -7.39998217e-08  69.9141  69.1202
0202-05-13_00:48:21.492000      10173.46        3.57948200e-01       -7.22024617e-08  69.9060  69.1011
0202-05-13_00:48:21.695000      10173.66        3.59286900e-01       -6.95374017e-08  69.9060  69.1011
0202-05-13_00:48:21.887000      10173.86        3.60104700e-01       -6.60666417e-08  69.9060  69.1011
0202-05-13_00:48:22.082000      10174.05        3.61382600e-01       -6.87316917e-08  69.9060  69.1011
0202-05-13_00:48:22.277000      10174.24        3.62115800e-01       -7.08389417e-08  69.9060  69.1011
0202-05-13_00:48:22.473000      10174.44        3.63058200e-01       -7.43097117e-08  69.9270  69.1122
0202-05-13_00:48:22.664000      10174.63        3.64267800e-01       -7.15207017e-08  69.9270  69.1122
0202-05-13_00:48:22.860000      10174.83        3.65123300e-01       -7.31941117e-08  69.9270  69.1122
0202-05-13_00:48:23.062000      10175.03        3.66203800e-01       -7.25123517e-08  69.9270  69.1122
0202-05-13_00:48:23.273000      10175.24        3.67029000e-01       -7.12727917e-08  69.9270  69.1122
0202-05-13_00:48:23.484000      10175.45        3.68159900e-01       -6.89794317e-08  69.8931  69.0993
0202-05-13_00:48:23.676000      10175.64        3.69112700e-01       -7.15202817e-08  69.8931  69.0993
0202-05-13_00:48:23.883000      10175.85        3.70363900e-01       -7.35652217e-08  69.8931  69.0993
0202-05-13_00:48:24.074000      10176.04        3.71122300e-01       -7.86473417e-08  69.8931  69.0993
0202-05-13_00:48:24.273000      10176.24        3.72269600e-01       -7.44328317e-08  69.8931  69.0993
0202-05-13_00:48:24.480000      10176.45        3.73257400e-01       -7.32552517e-08  69.9346  69.1226
0202-05-13_00:48:24.670000      10176.64        3.74624300e-01       -6.91027217e-08  69.9346  69.1226
0202-05-13_00:48:24.863000      10176.83        3.75151200e-01       -6.91647017e-08  69.9346  69.1226
0202-05-13_00:48:25.070000      10177.04        3.76086200e-01       -6.69334917e-08  69.9346  69.1226
0202-05-13_00:48:25.293000      10177.26        3.77292800e-01       -6.67475617e-08  69.9346  69.1226
0202-05-13_00:48:25.496000      10177.46        3.78242700e-01       -6.32148117e-08  69.9017  69.1012
0202-05-13_00:48:25.700000      10177.67        3.79078300e-01       -6.69334917e-08  69.9017  69.1012
0202-05-13_00:48:25.902000      10177.87        3.80163200e-01       -6.69334917e-08  69.9017  69.1012
0202-05-13_00:48:26.094000      10178.06        3.81289300e-01       -6.76772317e-08  69.9017  69.1012
0202-05-13_00:48:26.293000      10178.26        3.82331200e-01       -7.10860217e-08  69.9313  69.1512
0202-05-13_00:48:26.490000      10178.45        3.82947100e-01       -6.92266817e-08  69.9313  69.1512
0202-05-13_00:48:26.680000      10178.65        3.84541100e-01       -6.99704117e-08  69.9313  69.1512
0202-05-13_00:48:26.875000      10178.84        3.85232700e-01       -6.80491017e-08  69.9313  69.1512
0202-05-13_00:48:27.066000      10179.04        3.85911000e-01       -7.00323917e-08  69.9313  69.1512
0202-05-13_00:48:27.285000      10179.25        3.87084900e-01       -7.06521717e-08  69.9313  69.1512
0202-05-13_00:48:27.500000      10179.47        3.88046700e-01       -6.98464617e-08  69.9037  69.1102
0202-05-13_00:48:27.703000      10179.67        3.89513900e-01       -6.86688817e-08  69.9037  69.1102
0202-05-13_00:48:27.895000      10179.86        3.90486000e-01       -6.60038217e-08  69.9037  69.1102
0202-05-13_00:48:28.098000      10180.07        3.91048500e-01       -6.74912917e-08  69.9037  69.1102
0202-05-13_00:48:28.310000      10180.28        3.91973200e-01       -7.12099817e-08  69.9417  69.1368
0202-05-13_00:48:28.500000      10180.47        3.93415800e-01       -7.15198717e-08  69.9417  69.1368
0202-05-13_00:48:28.707000      10180.67        3.94267700e-01       -7.28214017e-08  69.9417  69.1368
0202-05-13_00:48:28.900000      10180.87        3.94914800e-01       -7.17058017e-08  69.9417  69.1368
0202-05-13_00:48:29.094000      10181.06        3.96220800e-01       -7.52385517e-08  69.9417  69.1368
0202-05-13_00:48:29.305000      10181.27        3.96556200e-01       -7.07761317e-08  69.8882  69.0992
0202-05-13_00:48:29.500000      10181.47        3.97768800e-01       -7.57343817e-08  69.8882  69.0992
0202-05-13_00:48:29.690000      10181.66        3.98819500e-01       -7.24495617e-08  69.8882  69.0992
0202-05-13_00:48:29.890000      10181.86        4.00032100e-01       -7.28214417e-08  69.8882  69.0992
0202-05-13_00:48:30.082000      10182.05        4.01118500e-01       -6.82350717e-08  69.8882  69.0992
0202-05-13_00:48:30.280000      10182.25        4.01733000e-01       -6.50122117e-08  69.8882  69.0992
0202-05-13_00:48:30.484000      10182.45        4.03123600e-01       -6.28429817e-08  69.9120  69.1056
0202-05-13_00:48:30.676000      10182.64        4.03592600e-01       -6.55080417e-08  69.9120  69.1056
0202-05-13_00:48:30.870000      10182.84        4.04850200e-01       -7.17058417e-08  69.9120  69.1056
0202-05-13_00:48:31.074000      10183.04        4.06237900e-01       -7.85234217e-08  69.9120  69.1056
0202-05-13_00:48:31.280000      10183.25        4.07017100e-01       -7.61682617e-08  69.9120  69.1056
0202-05-13_00:48:31.473000      10183.44        4.08121300e-01       -7.12100117e-08  69.8705  69.0675
0202-05-13_00:48:31.668000      10183.64        4.08890100e-01       -6.22851817e-08  69.8705  69.0675
0202-05-13_00:48:31.863000      10183.83        4.10035900e-01       -5.89383717e-08  69.8705  69.0675
0202-05-13_00:48:32.066000      10184.03        4.10996200e-01       -5.76368317e-08  69.8705  69.0675
0202-05-13_00:48:32.266000      10184.23        4.12029100e-01       -5.94341917e-08  69.8705  69.0675
0202-05-13_00:48:32.473000      10184.44        4.12876900e-01       -6.35247417e-08  69.9188  69.1208
0202-05-13_00:48:32.676000      10184.64        4.14086500e-01       -7.31933117e-08  69.9188  69.1208
0202-05-13_00:48:32.880000      10184.85        4.14698000e-01       -7.59203417e-08  69.9188  69.1208
0202-05-13_00:48:33.082000      10185.05        4.15968400e-01       -7.36271617e-08  69.9188  69.1208
0202-05-13_00:48:33.277000      10185.25        4.16844100e-01       -7.04043017e-08  69.9188  69.1208
0202-05-13_00:48:33.490000      10185.46        4.17869600e-01       -7.34412217e-08  69.8892  69.0945
0202-05-13_00:48:33.684000      10185.65        4.18599800e-01       -6.97225417e-08  69.8892  69.0945
0202-05-13_00:48:33.875000      10185.84        4.19733700e-01       -6.86689217e-08  69.8892  69.0945
0202-05-13_00:48:34.080000      10186.05        4.20923200e-01       -6.55700117e-08  69.8892  69.0945
0202-05-13_00:48:34.280000      10186.25        4.21840500e-01       -7.12719917e-08  69.8892  69.0945
0202-05-13_00:48:34.473000      10186.44        4.22961000e-01       -7.38130917e-08  69.9189  69.1244
0202-05-13_00:48:34.670000      10186.64        4.23936100e-01       -7.22016617e-08  69.9189  69.1244
0202-05-13_00:48:34.863000      10186.83        4.25050700e-01       -7.23256217e-08  69.9189  69.1244
0202-05-13_00:48:35.060000      10187.02        4.25933800e-01       -7.07141917e-08  69.9189  69.1244
0202-05-13_00:48:35.273000      10187.24        4.26957800e-01       -7.16438617e-08  69.9189  69.1244
0202-05-13_00:48:35.470000      10187.44        4.27694000e-01       -7.39368017e-08  69.8708  69.0856
0202-05-13_00:48:35.660000      10187.63        4.28698600e-01       -7.61057717e-08  69.8708  69.0856
0202-05-13_00:48:35.867000      10187.83        4.29480700e-01       -7.89564317e-08  69.8708  69.0856
0202-05-13_00:48:36.060000      10188.03        4.30789800e-01       -8.16214817e-08  69.8708  69.0856
0202-05-13_00:48:36.297000      10188.27        4.31819800e-01       -7.95762117e-08  69.8708  69.0856
0202-05-13_00:48:36.516000      10188.48        4.33235700e-01       -7.92043417e-08  69.9439  69.1233
0202-05-13_00:48:36.710000      10188.68        4.33666100e-01       -7.66012617e-08  69.9439  69.1233
0202-05-13_00:48:36.902000      10188.87        4.34614500e-01       -7.72210417e-08  69.9439  69.1233
0202-05-13_00:48:37.094000      10189.06        4.35828300e-01       -7.88324717e-08  69.9439  69.1233
0202-05-13_00:48:37.297000      10189.26        4.36390700e-01       -7.97621417e-08  69.9439  69.1233
0202-05-13_00:48:37.490000      10189.46        4.37683500e-01       -7.62293917e-08  69.9044  69.0922
0202-05-13_00:48:37.684000      10189.65        4.38578400e-01       -7.59195017e-08  69.9044  69.0922
0202-05-13_00:48:37.887000      10189.85        4.39721200e-01       -7.55476317e-08  69.9044  69.0922
0202-05-13_00:48:38.080000      10190.05        4.40780900e-01       -7.87085117e-08  69.9044  69.0922
0202-05-13_00:48:38.290000      10190.26        4.41971200e-01       -8.33568717e-08  69.9044  69.0922
0202-05-13_00:48:38.490000      10190.46        4.42599000e-01       -8.38526917e-08  69.9558  69.1316
0202-05-13_00:48:38.680000      10190.65        4.43403100e-01       -8.36667617e-08  69.9558  69.1316
0202-05-13_00:48:38.875000      10190.84        4.44960000e-01       -7.92663217e-08  69.9558  69.1316
0202-05-13_00:48:39.070000      10191.04        4.45944000e-01       -8.29850017e-08  69.9558  69.1316
0202-05-13_00:48:39.277000      10191.25        4.46706800e-01       -8.47823617e-08  69.9558  69.1316
0202-05-13_00:48:39.490000      10191.46        4.47454900e-01       -8.78192917e-08  69.9164  69.0768
0202-05-13_00:48:39.690000      10191.66        4.48470000e-01       -8.78812717e-08  69.9164  69.0768
0202-05-13_00:48:39.890000      10191.86        4.49069600e-01       -8.52781917e-08  69.9164  69.0768
0202-05-13_00:48:40.086000      10192.05        4.50699200e-01       -8.43485217e-08  69.9164  69.0768
0202-05-13_00:48:40.293000      10192.26        4.51677300e-01       -8.00720317e-08  69.9164  69.0768
0202-05-13_00:48:40.484000      10192.45        4.52415000e-01       -7.81507117e-08  69.9740  69.1491
0202-05-13_00:48:40.680000      10192.65        4.53292100e-01       -7.63533517e-08  69.9740  69.1491
0202-05-13_00:48:40.883000      10192.85        4.54488400e-01       -7.92043417e-08  69.9740  69.1491
0202-05-13_00:48:41.080000      10193.04        4.55246800e-01       -7.90803817e-08  69.9740  69.1491
0202-05-13_00:48:41.280000      10193.25        4.56612200e-01       -8.13115917e-08  69.9740  69.1491
0202-05-13_00:48:41.477000      10193.44        4.57327600e-01       -8.05057317e-08  69.9060  69.0925
0202-05-13_00:48:41.668000      10193.64        4.58669200e-01       -8.16832017e-08  69.9060  69.0925
0202-05-13_00:48:41.860000      10193.83        4.59419400e-01       -8.26127617e-08  69.9060  69.0925
0202-05-13_00:48:42.066000      10194.03        4.60507300e-01       -8.60835317e-08  69.9060  69.0925
0202-05-13_00:48:42.277000      10194.24        4.61381400e-01       -8.78189217e-08  69.9060  69.0925
0202-05-13_00:48:42.480000      10194.45        4.62470800e-01       -8.35424317e-08  69.9091  69.1038
0202-05-13_00:48:42.676000      10194.64        4.63600300e-01       -7.52993517e-08  69.9091  69.1038
0202-05-13_00:48:42.867000      10194.83        4.64556100e-01       -7.13947317e-08  69.9091  69.1038
0202-05-13_00:48:43.060000      10195.03        4.65437700e-01       -7.35019917e-08  69.9091  69.1038
0202-05-13_00:48:43.266000      10195.23        4.66718500e-01       -7.80263917e-08  69.9091  69.1038
0202-05-13_00:48:43.460000      10195.43        4.67429400e-01       -8.12492517e-08  69.8923  69.0707
0202-05-13_00:48:43.668000      10195.63        4.68325800e-01       -7.98237517e-08  69.8923  69.0707
0202-05-13_00:48:43.860000      10195.83        4.69407800e-01       -7.97617717e-08  69.8923  69.0707
0202-05-13_00:48:44.062000      10196.03        4.70650000e-01       -8.07534217e-08  69.8923  69.0707
0202-05-13_00:48:44.270000      10196.24        4.71404000e-01       -8.03195717e-08  69.8923  69.0707
0202-05-13_00:48:44.477000      10196.44        4.72675900e-01       -7.61050717e-08  69.9490  69.1243
0202-05-13_00:48:44.668000      10196.64        4.73557500e-01       -7.08369317e-08  69.9490  69.1243
0202-05-13_00:48:44.863000      10196.83        4.74278800e-01       -7.15186917e-08  69.9490  69.1243
0202-05-13_00:48:45.070000      10197.04        4.75532800e-01       -7.30061617e-08  69.9490  69.1243
0202-05-13_00:48:45.280000      10197.25        4.76402500e-01       -8.14971617e-08  69.9490  69.1243
0202-05-13_00:48:45.473000      10197.44        4.77086700e-01       -7.72826517e-08  69.9289  69.1143
0202-05-13_00:48:45.668000      10197.63        4.78391300e-01       -8.10633117e-08  69.9289  69.1143
0202-05-13_00:48:45.860000      10197.83        4.79437700e-01       -7.79644117e-08  69.9289  69.1143
0202-05-13_00:48:46.050000      10198.02        4.80242100e-01       -8.28606817e-08  69.9289  69.1143
0202-05-13_00:48:46.270000      10198.24        4.81252800e-01       -8.13732017e-08  69.9289  69.1143
0202-05-13_00:48:46.465000      10198.43        4.82545500e-01       -8.29226517e-08  69.9792  69.1487
0202-05-13_00:48:46.656000      10198.62        4.83285100e-01       -8.42241917e-08  69.9792  69.1487
0202-05-13_00:48:46.850000      10198.82        4.84628300e-01       -8.48439717e-08  69.9792  69.1487
0202-05-13_00:48:47.047000      10199.01        4.85487600e-01       -8.14351817e-08  69.9792  69.1487
0202-05-13_00:48:47.280000      10199.25        4.86194100e-01       -8.49060517e-08  69.9792  69.1487
0202-05-13_00:48:47.484000      10199.45        4.87384400e-01       -8.42245917e-08  69.9102  69.1038
0202-05-13_00:48:47.688000      10199.65        4.88484100e-01       -8.73858617e-08  69.9102  69.1038
0202-05-13_00:48:47.880000      10199.85        4.89413200e-01       -8.95552917e-08  69.9102  69.1038
0202-05-13_00:48:48.082000      10200.05        4.90517200e-01       -9.20963917e-08  69.9102  69.1038
0202-05-13_00:48:48.290000      10200.26        4.91545700e-01       -8.63324317e-08  69.9102  69.1038
0202-05-13_00:48:48.480000      10200.45        4.92590600e-01       -8.04445217e-08  69.9398  69.1270
0202-05-13_00:48:48.684000      10200.65        4.93418700e-01       -7.92049617e-08  69.9398  69.1270
0202-05-13_00:48:48.887000      10200.86        4.94150400e-01       -8.42871617e-08  69.9398  69.1270
0202-05-13_00:48:49.082000      10201.05        4.95395600e-01       -8.98651817e-08  69.9398  69.1270
0202-05-13_00:48:49.285000      10201.25        4.96838300e-01       -9.09807917e-08  69.9398  69.1270
0202-05-13_00:48:49.490000      10201.45        4.97420100e-01       -9.51952917e-08  69.9261  69.1085
0202-05-13_00:48:49.680000      10201.65        4.98497500e-01       -9.30260617e-08  69.9261  69.1085
0202-05-13_00:48:49.887000      10201.86        4.99696700e-01       -9.18484817e-08  69.9261  69.1085
0202-05-13_00:48:50.082000      10202.05        5.00061800e-01       -9.20963917e-08  69.9261  69.1085
0202-05-13_00:48:50.285000      10202.25        5.01174900e-01       -9.25922117e-08  69.9216  69.1343
0202-05-13_00:48:50.477000      10202.45        5.02437900e-01       -9.07948517e-08  69.9216  69.1343
0202-05-13_00:48:50.670000      10202.64        5.03524300e-01       -8.97412317e-08  69.9216  69.1343
0202-05-13_00:48:50.863000      10202.83        5.04172900e-01       -8.64563917e-08  69.9216  69.1343
0202-05-13_00:48:51.070000      10203.04        5.05250400e-01       -8.45970517e-08  69.9216  69.1343
0202-05-13_00:48:51.270000      10203.24        5.06887500e-01       -7.91429817e-08  69.9216  69.1343
0202-05-13_00:48:51.470000      10203.44        5.07481200e-01       -8.38533117e-08  69.8826  69.0836
0202-05-13_00:48:51.664000      10203.63        5.08307800e-01       -8.70761717e-08  69.8826  69.0836
0202-05-13_00:48:51.860000      10203.83        5.09495200e-01       -9.02370517e-08  69.8826  69.0836
0202-05-13_00:48:52.050000      10204.02        5.10151200e-01       -8.85636417e-08  69.8826  69.0836
0202-05-13_00:48:52.260000      10204.23        5.10915500e-01       -8.78199117e-08  69.8826  69.0836
0202-05-13_00:48:52.457000      10204.43        5.12236400e-01       -8.84396917e-08  69.9234  69.1181
0202-05-13_00:48:52.650000      10204.62        5.13322800e-01       -8.58366117e-08  69.9234  69.1181
0202-05-13_00:48:52.848000      10204.81        5.14553700e-01       -8.44111117e-08  69.9234  69.1181
0202-05-13_00:48:53.040000      10205.01        5.15197900e-01       -8.43491417e-08  69.9234  69.1181
0202-05-13_00:48:53.273000      10205.24        5.16410400e-01       -8.79438517e-08  69.9234  69.1181
0202-05-13_00:48:53.484000      10205.45        5.17406300e-01       -8.48448917e-08  69.8771  69.0841
0202-05-13_00:48:53.680000      10205.65        5.18515000e-01       -8.98030917e-08  69.8771  69.0841
0202-05-13_00:48:53.870000      10205.84        5.19236300e-01       -8.88114117e-08  69.8771  69.0841
0202-05-13_00:48:54.074000      10206.04        5.20334600e-01       -9.25920717e-08  69.8771  69.0841
0202-05-13_00:48:54.277000      10206.24        5.21131600e-01       -9.17243817e-08  69.8771  69.0841
0202-05-13_00:48:54.490000      10206.46        5.22180000e-01       -9.53191117e-08  69.9382  69.1435
0202-05-13_00:48:54.684000      10206.65        5.23308000e-01       -9.61248217e-08  69.9382  69.1435
0202-05-13_00:48:54.875000      10206.84        5.23975800e-01       -9.25300917e-08  69.9382  69.1435
0202-05-13_00:48:55.066000      10207.04        5.25385800e-01       -9.21582317e-08  69.9382  69.1435
0202-05-13_00:48:55.285000      10207.25        5.26392100e-01       -8.88114117e-08  69.9240  69.0847
0202-05-13_00:48:55.477000      10207.45        5.26953100e-01       -8.83775717e-08  69.9240  69.0847
0202-05-13_00:48:55.680000      10207.65        5.27974200e-01       -8.49687717e-08  69.9240  69.0847
0202-05-13_00:48:55.875000      10207.84        5.29183800e-01       -9.09806417e-08  69.9240  69.0847
0202-05-13_00:48:56.080000      10208.05        5.30295400e-01       -9.11046017e-08  69.9240  69.0847
0202-05-13_00:48:56.285000      10208.25        5.31315000e-01       -9.06087717e-08  69.9240  69.0847
0202-05-13_00:48:56.490000      10208.46        5.31978500e-01       -8.99270217e-08  69.9460  69.1315
0202-05-13_00:48:56.690000      10208.66        5.33048600e-01       -8.93072417e-08  69.9460  69.1315
0202-05-13_00:48:56.883000      10208.85        5.34148300e-01       -9.11665817e-08  69.9460  69.1315
0202-05-13_00:48:57.086000      10209.05        5.35153100e-01       -8.87494317e-08  69.9460  69.1315
0202-05-13_00:48:57.290000      10209.26        5.36469600e-01       -9.47613017e-08  69.9460  69.1315
0202-05-13_00:48:57.484000      10209.45        5.37340800e-01       -9.22821817e-08  69.9085  69.0971
0202-05-13_00:48:57.688000      10209.66        5.38373700e-01       -8.55265817e-08  69.9085  69.0971
0202-05-13_00:48:57.883000      10209.85        5.39034100e-01       -8.23657017e-08  69.9085  69.0971
0202-05-13_00:48:58.074000      10210.04        5.40417400e-01       -8.45349317e-08  69.9085  69.0971
0202-05-13_00:48:58.290000      10210.26        5.41163900e-01       -8.98650417e-08  69.9085  69.0971
0202-05-13_00:48:58.484000      10210.45        5.42029200e-01       -8.71999817e-08  69.9355  69.1292
0202-05-13_00:48:58.688000      10210.65        5.43269900e-01       -8.09402017e-08  69.9355  69.1292
0202-05-13_00:48:58.880000      10210.85        5.43532600e-01       -7.49283317e-08  69.9355  69.1292
0202-05-13_00:48:59.070000      10211.04        5.45076200e-01       -7.36267917e-08  69.9355  69.1292
0202-05-13_00:48:59.285000      10211.25        5.46035200e-01       -7.62299517e-08  69.9355  69.1292
0202-05-13_00:48:59.490000      10211.46        5.47025100e-01       -8.07546517e-08  69.9602  69.1373
0202-05-13_00:48:59.700000      10211.67        5.47617300e-01       -8.03210417e-08  69.9602  69.1373
0202-05-13_00:48:59.890000      10211.86        5.48963500e-01       -7.92055817e-08  69.9602  69.1373
0202-05-13_00:49:00.086000      10212.05        5.49770800e-01       -7.61066817e-08  69.9602  69.1373
0202-05-13_00:49:00.297000      10212.27        5.50854300e-01       -7.72222917e-08  69.9602  69.1373
0202-05-13_00:49:00.492000      10212.46        5.51805600e-01       -7.19541617e-08  69.9191  69.1265
0202-05-13_00:49:00.688000      10212.65        5.52421600e-01       -7.13343817e-08  69.9191  69.1265
0202-05-13_00:49:00.890000      10212.86        5.53792700e-01       -6.49506417e-08  69.9191  69.1265
0202-05-13_00:49:01.082000      10213.05        5.54920700e-01       -6.55704217e-08  69.9191  69.1265
0202-05-13_00:49:01.290000      10213.26        5.55787400e-01       -6.25335017e-08  69.9191  69.1265
0202-05-13_00:49:01.490000      10213.46        5.56780300e-01       -6.20376817e-08  69.8969  69.1018
0202-05-13_00:49:01.680000      10213.65        5.57549100e-01       -6.32772417e-08  69.8969  69.1018
0202-05-13_00:49:01.870000      10213.84        5.59235100e-01       -6.79875617e-08  69.8969  69.1018
0202-05-13_00:49:02.070000      10214.04        5.59747200e-01       -6.84833917e-08  69.8969  69.1018
0202-05-13_00:49:02.270000      10214.24        5.60976100e-01       -6.72438317e-08  69.8969  69.1018
0202-05-13_00:49:02.477000      10214.45        5.62205700e-01       -6.76157017e-08  69.9204  69.1336
0202-05-13_00:49:02.668000      10214.64        5.62734000e-01       -7.04047117e-08  69.9204  69.1336
0202-05-13_00:49:02.863000      10214.83        5.63633400e-01       -6.94130617e-08  69.9204  69.1336
0202-05-13_00:49:03.062000      10215.03        5.64624800e-01       -6.74297617e-08  69.9204  69.1336
0202-05-13_00:49:03.277000      10215.24        5.66120900e-01       -6.66860317e-08  69.9204  69.1336
0202-05-13_00:49:03.473000      10215.44        5.66891200e-01       -6.79255917e-08  69.9101  69.0806
0202-05-13_00:49:03.664000      10215.63        5.67901900e-01       -6.29673517e-08  69.9101  69.0806
0202-05-13_00:49:03.855000      10215.82        5.68590500e-01       -5.94346017e-08  69.9101  69.0806
0202-05-13_00:49:04.050000      10216.02        5.69962000e-01       -5.76992217e-08  69.9101  69.0806
0202-05-13_00:49:04.260000      10216.23        5.70834700e-01       -5.99924017e-08  69.9101  69.0806
0202-05-13_00:49:04.465000      10216.43        5.71823200e-01       -6.25335017e-08  69.9354  69.1315
0202-05-13_00:49:04.668000      10216.64        5.72799700e-01       -5.65216317e-08  69.9354  69.1315
0202-05-13_00:49:04.860000      10216.83        5.73639800e-01       -5.14394417e-08  69.9354  69.1315
0202-05-13_00:49:05.050000      10217.02        5.75002200e-01       -4.57374617e-08  69.9354  69.1315
0202-05-13_00:49:05.270000      10217.24        5.75883800e-01       -4.77206817e-08  69.9354  69.1315
0202-05-13_00:49:05.470000      10217.44        5.76853000e-01       -4.69146517e-08  69.8942  69.0995
0202-05-13_00:49:05.676000      10217.64        5.77786200e-01       -4.50550017e-08  69.8942  69.0995
0202-05-13_00:49:05.870000      10217.84        5.78486700e-01       -4.80918517e-08  69.8942  69.0995
0202-05-13_00:49:06.062000      10218.03        5.79335700e-01       -4.73481117e-08  69.8942  69.0995
0202-05-13_00:49:06.280000      10218.25        5.80664000e-01       -4.88355817e-08  69.8942  69.0995
0202-05-13_00:49:06.492000      10218.46        5.81811200e-01       -5.05089917e-08  69.9651  69.1633
0202-05-13_00:49:06.695000      10218.66        5.83078700e-01       -4.50549217e-08  69.9651  69.1633
0202-05-13_00:49:06.900000      10218.86        5.83843100e-01       -4.54887717e-08  69.9651  69.1633
0202-05-13_00:49:07.098000      10219.07        5.84819600e-01       -3.80514117e-08  69.9651  69.1633
0202-05-13_00:49:07.300000      10219.27        5.85588300e-01       -4.09024017e-08  69.9651  69.1633
0202-05-13_00:49:07.504000      10219.47        5.86786100e-01       -3.48285517e-08  69.9068  69.1054
0202-05-13_00:49:07.695000      10219.66        5.87746300e-01       -3.34030517e-08  69.9068  69.1054
0202-05-13_00:49:07.900000      10219.87        5.89065700e-01       -3.04281117e-08  69.9068  69.1054
0202-05-13_00:49:08.094000      10220.06        5.89433800e-01       -2.76391017e-08  69.9068  69.1054
0202-05-13_00:49:08.290000      10220.26        5.90680500e-01       -2.99942617e-08  69.9453  69.1300
0202-05-13_00:49:08.500000      10220.47        5.91200000e-01       -3.05520617e-08  69.9453  69.1300
0202-05-13_00:49:08.690000      10220.66        5.92443700e-01       -3.14197617e-08  69.9453  69.1300
0202-05-13_00:49:08.883000      10220.85        5.93435000e-01       -2.95604117e-08  69.9453  69.1300
0202-05-13_00:49:09.080000      10221.04        5.94479900e-01       -2.27428317e-08  69.9453  69.1300
0202-05-13_00:49:09.273000      10221.24        5.95207100e-01       -1.88382117e-08  69.9453  69.1300
0202-05-13_00:49:09.470000      10221.44        5.96585900e-01       -1.33841517e-08  69.8775  69.0795
0202-05-13_00:49:09.664000      10221.63        5.97525400e-01       -1.68549217e-08  69.8775  69.0795
0202-05-13_00:49:09.870000      10221.84        5.98751300e-01       -1.51815117e-08  69.8775  69.0795
0202-05-13_00:49:10.066000      10222.03        5.99122300e-01       -1.21445917e-08  69.8775  69.0795
0202-05-13_00:49:10.290000      10222.26        6.00486300e-01       -3.77755167e-09  69.8775  69.0795
0202-05-13_00:49:10.484000      10222.45        6.01614400e-01       -7.40631667e-10  69.9506  69.1319
0202-05-13_00:49:10.676000      10222.64        6.02402400e-01        1.55255833e-09  69.9506  69.1319
0202-05-13_00:49:10.880000      10222.85        6.03698100e-01        4.89936833e-09  69.9506  69.1319
0202-05-13_00:49:11.074000      10223.04        6.04631700e-01        9.11387833e-09  69.9506  69.1319
0202-05-13_00:49:11.293000      10223.26        6.05918400e-01        1.42580483e-08  69.9506  69.1319
0202-05-13_00:49:11.492000      10223.46        6.06694600e-01        2.05178283e-08  69.9165  69.1075
0202-05-13_00:49:11.695000      10223.66        6.07383300e-01        2.74593683e-08  69.9165  69.1075
0202-05-13_00:49:11.895000      10223.86        6.08443000e-01        2.80791483e-08  69.9165  69.1075
0202-05-13_00:49:12.086000      10224.06        6.09488000e-01        2.85749683e-08  69.9165  69.1075
0202-05-13_00:49:12.300000      10224.27        6.10436400e-01        3.20457383e-08  69.9283  69.1224
0202-05-13_00:49:12.496000      10224.46        6.11821100e-01        3.59503583e-08  69.9283  69.1224
0202-05-13_00:49:12.688000      10224.66        6.12141700e-01        3.79336483e-08  69.9283  69.1224
0202-05-13_00:49:12.895000      10224.86        6.13738600e-01        4.23960683e-08  69.9283  69.1224
0202-05-13_00:49:13.086000      10225.05        6.14624700e-01        4.98334383e-08  69.9283  69.1224
0202-05-13_00:49:13.285000      10225.25        6.15423200e-01        5.41718983e-08  69.9283  69.1224
0202-05-13_00:49:13.490000      10225.46        6.16343400e-01        6.43362983e-08  69.9084  69.1169
0202-05-13_00:49:13.680000      10225.65        6.17621300e-01        6.80549783e-08  69.9084  69.1169
0202-05-13_00:49:13.883000      10225.85        6.18112600e-01        7.26413483e-08  69.9084  69.1169
0202-05-13_00:49:14.074000      10226.04        6.19549300e-01        7.57402583e-08  69.9084  69.1169
0202-05-13_00:49:14.273000      10226.24        6.20571900e-01        8.11323383e-08  69.9084  69.1169
0202-05-13_00:49:14.484000      10226.45        6.21689400e-01        8.65864083e-08  69.9195  69.1185
0202-05-13_00:49:14.680000      10226.65        6.22235600e-01        9.65648783e-08  69.9195  69.1185
0202-05-13_00:49:14.870000      10226.84        6.23289400e-01        1.04064218e-07  69.9195  69.1185
0202-05-13_00:49:15.062000      10227.03        6.24099700e-01        1.07906858e-07  69.9195  69.1185
0202-05-13_00:49:15.273000      10227.24        6.25391100e-01        1.19124878e-07  69.9195  69.1185
0202-05-13_00:49:15.477000      10227.44        6.26480500e-01        1.24269058e-07  69.9158  69.0924
0202-05-13_00:49:15.680000      10227.65        6.27270100e-01        1.33193888e-07  69.9158  69.0924
0202-05-13_00:49:15.870000      10227.84        6.28515300e-01        1.38462028e-07  69.9158  69.0924
0202-05-13_00:49:16.062000      10228.03        6.29331600e-01        1.46581148e-07  69.9158  69.0924
0202-05-13_00:49:16.290000      10228.26        6.30112200e-01        1.52840928e-07  69.9158  69.0924
0202-05-13_00:49:16.500000      10228.47        6.31547400e-01        1.59410598e-07  69.9294  69.1526
0202-05-13_00:49:16.695000      10228.66        6.32410900e-01        1.64616758e-07  69.9294  69.1526
0202-05-13_00:49:16.887000      10228.85        6.33135200e-01        1.74347308e-07  69.9294  69.1526
0202-05-13_00:49:17.090000      10229.06        6.34505100e-01        1.84573688e-07  69.9294  69.1526
0202-05-13_00:49:17.300000      10229.27        6.35291700e-01        2.00129868e-07  69.9294  69.1526
0202-05-13_00:49:17.510000      10229.48        6.36194000e-01        2.03662318e-07  69.8913  69.0807
0202-05-13_00:49:17.707000      10229.67        6.37310100e-01        2.13950258e-07  69.8913  69.0807
0202-05-13_00:49:17.900000      10229.87        6.37958700e-01        2.23742788e-07  69.8913  69.0807
0202-05-13_00:49:18.090000      10230.06        6.39575000e-01        2.38493548e-07  69.8913  69.0807
0202-05-13_00:49:18.305000      10230.27        6.40092300e-01        2.48533988e-07  69.8913  69.0807
0202-05-13_00:49:18.504000      10230.47        6.41122300e-01        2.61983208e-07  69.9561  69.1422
0202-05-13_00:49:18.703000      10230.67        6.42144900e-01        2.69110678e-07  69.9561  69.1422
0202-05-13_00:49:18.900000      10230.87        6.43235700e-01        2.83303648e-07  69.9561  69.1422
0202-05-13_00:49:19.090000      10231.06        6.44019400e-01        2.93096168e-07  69.9561  69.1422
0202-05-13_00:49:19.300000      10231.27        6.44880200e-01        3.04066278e-07  69.9561  69.1422
0202-05-13_00:49:19.504000      10231.47        6.46100200e-01        3.19188908e-07  69.9040  69.1069
0202-05-13_00:49:19.707000      10231.67        6.46947600e-01        3.24085168e-07  69.9040  69.1069
0202-05-13_00:49:19.900000      10231.87        6.48064300e-01        3.36914618e-07  69.9040  69.1069
0202-05-13_00:49:20.100000      10232.07        6.49419300e-01        3.52471098e-07  69.9040  69.1069
0202-05-13_00:49:20.300000      10232.27        6.50358800e-01        3.70444718e-07  69.9299  69.1087
0202-05-13_00:49:20.496000      10232.46        6.50863400e-01        3.82530428e-07  69.9299  69.1087
0202-05-13_00:49:20.700000      10232.67        6.51903800e-01        3.92260968e-07  69.9299  69.1087
0202-05-13_00:49:20.902000      10232.87        6.52786900e-01        4.12155908e-07  69.9299  69.1087
0202-05-13_00:49:21.094000      10233.06        6.54079600e-01        4.27154588e-07  69.9299  69.1087
0202-05-13_00:49:21.305000      10233.27        6.55332200e-01        4.47545348e-07  69.9033  69.0960
0202-05-13_00:49:21.500000      10233.47        6.56144800e-01        4.59755018e-07  69.9033  69.0960
0202-05-13_00:49:21.690000      10233.66        6.57249000e-01        4.74381828e-07  69.9033  69.0960
0202-05-13_00:49:21.900000      10233.86        6.57928700e-01        4.93780938e-07  69.9033  69.0960
0202-05-13_00:49:22.090000      10234.06        6.58647100e-01        5.13923788e-07  69.9033  69.0960
0202-05-13_00:49:22.285000      10234.25        6.59962000e-01        5.29108398e-07  69.9033  69.0960
0202-05-13_00:49:22.492000      10234.46        6.60911900e-01        5.53093888e-07  69.9521  69.1491
0202-05-13_00:49:22.684000      10234.65        6.61912200e-01        5.65427508e-07  69.9521  69.1491
0202-05-13_00:49:22.880000      10234.85        6.62614200e-01        5.81355858e-07  69.9521  69.1491
0202-05-13_00:49:23.082000      10235.05        6.63723500e-01        6.04845518e-07  69.9521  69.1491
0202-05-13_00:49:23.293000      10235.26        6.64832200e-01        6.28707498e-07  69.9521  69.1491
0202-05-13_00:49:23.500000      10235.47        6.65951200e-01        6.51082018e-07  69.9130  69.0923
0202-05-13_00:49:23.690000      10235.66        6.66899600e-01        6.75935808e-07  69.9130  69.0923
0202-05-13_00:49:23.883000      10235.85        6.68079500e-01        6.91740208e-07  69.9130  69.0923
0202-05-13_00:49:24.080000      10236.04        6.68938800e-01        7.14919998e-07  69.9130  69.0923
0202-05-13_00:49:24.280000      10236.25        6.70052000e-01        7.41074728e-07  69.9130  69.0923
0202-05-13_00:49:24.496000      10236.46        6.70835600e-01        7.63138908e-07  69.9443  69.1194
0202-05-13_00:49:24.700000      10236.67        6.72033800e-01        7.87186388e-07  69.9443  69.1194
0202-05-13_00:49:24.890000      10236.86        6.72985100e-01        8.10428158e-07  69.9443  69.1194
0202-05-13_00:49:25.098000      10237.07        6.74049300e-01        8.31996518e-07  69.9443  69.1194
0202-05-13_00:49:25.297000      10237.27        6.75180200e-01        8.69121368e-07  69.9443  69.1194
0202-05-13_00:49:25.492000      10237.46        6.75968300e-01        8.91619388e-07  69.9276  69.1154
0202-05-13_00:49:25.690000      10237.66        6.76700000e-01        9.23909948e-07  69.9276  69.1154
0202-05-13_00:49:25.887000      10237.85        6.77937800e-01        9.40334138e-07  69.9276  69.1154
0202-05-13_00:49:26.080000      10238.05        6.79211200e-01        9.78574588e-07  69.9276  69.1154
0202-05-13_00:49:26.277000      10238.25        6.79956000e-01        1.00485328e-06  69.9473  69.1202
0202-05-13_00:49:26.473000      10238.44        6.81023100e-01        1.03714384e-06  69.9473  69.1202
0202-05-13_00:49:26.668000      10238.63        6.82167400e-01        1.07092187e-06  69.9473  69.1202
0202-05-13_00:49:26.860000      10238.83        6.82913900e-01        1.10023749e-06  69.9473  69.1202
0202-05-13_00:49:27.050000      10239.02        6.84025500e-01        1.12174387e-06  69.9473  69.1202
0202-05-13_00:49:27.260000      10239.23        6.85114900e-01        1.16388893e-06  69.9473  69.1202
0202-05-13_00:49:27.465000      10239.43        6.86241400e-01        1.19586960e-06  69.9301  69.1308
0202-05-13_00:49:27.668000      10239.64        6.87020600e-01        1.22964764e-06  69.9301  69.1308
0202-05-13_00:49:27.860000      10239.83        6.87831500e-01        1.26590479e-06  69.9301  69.1308
0202-05-13_00:49:28.050000      10240.02        6.88943100e-01        1.29168766e-06  69.9301  69.1308
0202-05-13_00:49:28.277000      10240.25        6.89839600e-01        1.32007360e-06  69.9301  69.1308
0202-05-13_00:49:28.480000      10240.45        6.91185700e-01        1.36990395e-06  69.9721  69.1461
0202-05-13_00:49:28.684000      10240.65        6.92027200e-01        1.41025165e-06  69.9721  69.1461
0202-05-13_00:49:28.883000      10240.85        6.92864300e-01        1.45425606e-06  69.9721  69.1461
0202-05-13_00:49:29.080000      10241.04        6.94007100e-01        1.49001739e-06  69.9721  69.1461
0202-05-13_00:49:29.285000      10241.25        6.94776200e-01        1.52776170e-06  69.9721  69.1461
0202-05-13_00:49:29.484000      10241.45        6.95525700e-01        1.58360349e-06  69.9184  69.1237
0202-05-13_00:49:29.676000      10241.64        6.96955000e-01        1.62525241e-06  69.9184  69.1237
0202-05-13_00:49:29.880000      10241.85        6.97823200e-01        1.66330692e-06  69.9184  69.1237
0202-05-13_00:49:30.082000      10242.05        6.98689900e-01        1.72007879e-06  69.9184  69.1237
0202-05-13_00:49:30.280000      10242.25        6.99721400e-01        1.75391879e-06  69.9184  69.1237
0202-05-13_00:49:30.484000      10242.45        7.00709900e-01        1.80405900e-06  69.9441  69.1371
0202-05-13_00:49:30.676000      10242.65        7.01919500e-01        1.84298120e-06  69.9441  69.1371
0202-05-13_00:49:30.870000      10242.84        7.02651300e-01        1.89014648e-06  69.9441  69.1371
0202-05-13_00:49:31.074000      10243.04        7.03797100e-01        1.95423175e-06  69.9441  69.1371
0202-05-13_00:49:31.273000      10243.24        7.04816700e-01        2.00313241e-06  69.9441  69.1371
0202-05-13_00:49:31.465000      10243.43        7.06268200e-01        2.05004977e-06  69.8998  69.0985
0202-05-13_00:49:31.664000      10243.63        7.06740200e-01        2.11116010e-06  69.8998  69.0985
0202-05-13_00:49:31.855000      10243.82        7.07606900e-01        2.14041373e-06  69.8998  69.0985
0202-05-13_00:49:32.055000      10244.02        7.08809100e-01        2.20586252e-06  69.8998  69.0985
0202-05-13_00:49:32.266000      10244.23        7.09487400e-01        2.25934955e-06  69.8998  69.0985
0202-05-13_00:49:32.473000      10244.44        7.10540000e-01        2.32882691e-06  69.9416  69.1051
0202-05-13_00:49:32.664000      10244.63        7.11565600e-01        2.37865724e-06  69.9416  69.1051
0202-05-13_00:49:32.870000      10244.84        7.12644600e-01        2.42514076e-06  69.9416  69.1051
0202-05-13_00:49:33.066000      10245.03        7.13872000e-01        2.49808889e-06  69.9416  69.1051
0202-05-13_00:49:33.260000      10245.23        7.14602200e-01        2.55430296e-06  69.9416  69.1051
0202-05-13_00:49:33.465000      10245.43        7.15449700e-01        2.62799483e-06  69.9250  69.1234
0202-05-13_00:49:33.660000      10245.63        7.16547900e-01        2.68389900e-06  69.9250  69.1234
0202-05-13_00:49:33.850000      10245.82        7.17592800e-01        2.74222032e-06  69.9250  69.1234
0202-05-13_00:49:34.060000      10246.02        7.18423100e-01        2.82719219e-06  69.9250  69.1234
0202-05-13_00:49:34.250000      10246.22        7.19557000e-01        2.89121548e-06  69.9250  69.1234
0202-05-13_00:49:34.445000      10246.41        7.20717600e-01        2.95424713e-06  69.9434  69.1328
0202-05-13_00:49:34.652000      10246.62        7.21508700e-01        3.03804142e-06  69.9434  69.1328
0202-05-13_00:49:34.844000      10246.81        7.22480800e-01        3.10200273e-06  69.9434  69.1328
0202-05-13_00:49:35.035000      10247.00        7.23479700e-01        3.16850515e-06  69.9434  69.1328
0202-05-13_00:49:35.277000      10247.24        7.24953400e-01        3.25707114e-06  69.9434  69.1328
0202-05-13_00:49:35.484000      10247.45        7.25732300e-01        3.34910790e-06  69.9038  69.1053
0202-05-13_00:49:35.680000      10247.65        7.26888500e-01        3.41145747e-06  69.9038  69.1053
0202-05-13_00:49:35.880000      10247.85        7.27437600e-01        3.47740207e-06  69.9038  69.1053
0202-05-13_00:49:36.082000      10248.05        7.28773400e-01        3.57191852e-06  69.9038  69.1053
0202-05-13_00:49:36.277000      10248.25        7.29653500e-01        3.64381301e-06  69.9457  69.1193
0202-05-13_00:49:36.484000      10248.45        7.30784400e-01        3.73808155e-06  69.9457  69.1193
0202-05-13_00:49:36.680000      10248.65        7.31838200e-01        3.81195933e-06  69.9457  69.1193
0202-05-13_00:49:36.870000      10248.84        7.32460000e-01        3.88484546e-06  69.9457  69.1193
0202-05-13_00:49:37.074000      10249.04        7.33514100e-01        3.99454652e-06  69.9457  69.1193
0202-05-13_00:49:37.277000      10249.24        7.34688000e-01        4.07400232e-06  69.9457  69.1193
0202-05-13_00:49:37.470000      10249.44        7.35532500e-01        4.15438779e-06  69.9048  69.0776
0202-05-13_00:49:37.668000      10249.64        7.36884600e-01        4.25751919e-06  69.9048  69.0776
0202-05-13_00:49:37.860000      10249.83        7.37668200e-01        4.31577851e-06  69.9048  69.0776
0202-05-13_00:49:38.062000      10250.03        7.38704200e-01        4.41048090e-06  69.9048  69.0776
0202-05-13_00:49:38.258000      10250.23        7.39643600e-01        4.53053229e-06  69.9048  69.0776
0202-05-13_00:49:38.473000      10250.44        7.41047700e-01        4.61792127e-06  69.9482  69.1191
0202-05-13_00:49:38.676000      10250.64        7.41447500e-01        4.73177486e-06  69.9482  69.1191
0202-05-13_00:49:38.880000      10250.85        7.42804100e-01        4.82003154e-06  69.9482  69.1191
0202-05-13_00:49:39.082000      10251.05        7.43706400e-01        4.94163238e-06  69.9482  69.1191
0202-05-13_00:49:39.280000      10251.25        7.44767600e-01        5.03168641e-06  69.9482  69.1191
0202-05-13_00:49:39.490000      10251.46        7.46026200e-01        5.16549692e-06  69.9110  69.1137
0202-05-13_00:49:39.684000      10251.65        7.46683700e-01        5.25864986e-06  69.9110  69.1137
0202-05-13_00:49:39.875000      10251.84        7.47523700e-01        5.35831049e-06  69.9110  69.1137
0202-05-13_00:49:40.080000      10252.04        7.48576000e-01        5.45604979e-06  69.9110  69.1137
0202-05-13_00:49:40.280000      10252.25        7.49626200e-01        5.59438470e-06  69.9110  69.1137
0202-05-13_00:49:40.484000      10252.45        7.50795800e-01        5.69937543e-06  69.9563  69.1121
0202-05-13_00:49:40.680000      10252.65        7.51205400e-01        5.83591297e-06  69.9563  69.1121
0202-05-13_00:49:40.875000      10252.84        7.52551500e-01        5.94009799e-06  69.9563  69.1121
0202-05-13_00:49:41.066000      10253.03        7.53583000e-01        6.05432378e-06  69.9563  69.1121
0202-05-13_00:49:41.290000      10253.26        7.54510600e-01        6.20722485e-06  69.9563  69.1121
0202-05-13_00:49:41.500000      10253.47        7.55864200e-01        6.31928209e-06  69.9017  69.1103
0202-05-13_00:49:41.703000      10253.67        7.56490500e-01        6.46462122e-06  69.9017  69.1103
0202-05-13_00:49:41.895000      10253.86        7.57588100e-01        6.56719486e-06  69.9017  69.1103
0202-05-13_00:49:42.100000      10254.07        7.58438600e-01        6.67894124e-06  69.9017  69.1103
0202-05-13_00:49:42.300000      10254.27        7.59802500e-01        6.83965027e-06  69.9600  69.1294
0202-05-13_00:49:42.500000      10254.47        7.60768700e-01        6.96844061e-06  69.9600  69.1294
0202-05-13_00:49:42.700000      10254.67        7.61964900e-01        7.13268238e-06  69.9600  69.1294
0202-05-13_00:49:42.890000      10254.86        7.62701100e-01        7.24920108e-06  69.9600  69.1294
0202-05-13_00:49:43.086000      10255.05        7.63555900e-01        7.36596768e-06  69.9600  69.1294
0202-05-13_00:49:43.297000      10255.27        7.64537000e-01        7.54068374e-06  69.9600  69.1294
0202-05-13_00:49:43.492000      10255.46        7.64950000e-01        7.67517606e-06  69.9416  69.1298
0202-05-13_00:49:43.684000      10255.65        7.66523200e-01        7.81016420e-06  69.9416  69.1298
0202-05-13_00:49:43.883000      10255.85        7.67415200e-01        7.95506883e-06  69.9416  69.1298
0202-05-13_00:49:44.074000      10256.04        7.68670800e-01        8.10846445e-06  69.9416  69.1298
0202-05-13_00:49:44.290000      10256.26        7.69390600e-01        8.30611238e-06  69.9416  69.1298
0202-05-13_00:49:44.490000      10256.45        7.70606200e-01        8.44302184e-06  69.9642  69.1434
0202-05-13_00:49:44.680000      10256.65        7.71305200e-01        8.57615064e-06  69.9642  69.1434
0202-05-13_00:49:44.883000      10256.85        7.72400500e-01        8.76766272e-06  69.9642  69.1434
0202-05-13_00:49:45.074000      10257.04        7.73597600e-01        8.91895112e-06  69.9642  69.1434
0202-05-13_00:49:45.273000      10257.24        7.74706300e-01        9.06992962e-06  69.9642  69.1434
0202-05-13_00:49:45.477000      10257.44        7.75530000e-01        9.26609002e-06  69.9042  69.1138
0202-05-13_00:49:45.668000      10257.64        7.76585200e-01        9.41706852e-06  69.9042  69.1138
0202-05-13_00:49:45.863000      10257.83        7.77263500e-01        9.57046412e-06  69.9042  69.1138
0202-05-13_00:49:46.066000      10258.03        7.78707600e-01        9.79284132e-06  69.9042  69.1138
0202-05-13_00:49:46.280000      10258.25        7.79403600e-01        9.94791032e-06  69.9042  69.1138
0202-05-13_00:49:46.490000      10258.45        7.80718600e-01        1.01579538e-05  69.9293  69.1162
0202-05-13_00:49:46.680000      10258.65        7.81326400e-01        1.03007512e-05  69.9293  69.1162
0202-05-13_00:49:46.887000      10258.85        7.82975300e-01        1.05078198e-05  69.9293  69.1162
0202-05-13_00:49:47.080000      10259.05        7.83834700e-01        1.06633830e-05  69.9293  69.1162
0202-05-13_00:49:47.280000      10259.25        7.84478800e-01        1.08242754e-05  69.9293  69.1162
0202-05-13_00:49:47.480000      10259.45        7.85495500e-01        1.10439842e-05  69.8744  69.0757
0202-05-13_00:49:47.670000      10259.64        7.86231600e-01        1.12167780e-05  69.8744  69.0757
0202-05-13_00:49:47.863000      10259.83        7.87370000e-01        1.13906882e-05  69.8744  69.0757
0202-05-13_00:49:48.070000      10260.04        7.88410400e-01        1.16327122e-05  69.8744  69.0757
0202-05-13_00:49:48.277000      10260.24        7.89231600e-01        1.18125104e-05  69.9325  69.0942
0202-05-13_00:49:48.480000      10260.45        7.90273500e-01        1.19932382e-05  69.9325  69.0942
0202-05-13_00:49:48.670000      10260.64        7.91496400e-01        1.22205114e-05  69.9325  69.0942
0202-05-13_00:49:48.863000      10260.83        7.92438900e-01        1.24024168e-05  69.9325  69.0942
0202-05-13_00:49:49.060000      10261.02        7.93077100e-01        1.25898382e-05  69.9325  69.0942
0202-05-13_00:49:49.270000      10261.24        7.94349000e-01        1.28451875e-05  69.9325  69.0942
0202-05-13_00:49:49.465000      10261.43        7.95404200e-01        1.30255435e-05  69.9264  69.1286
0202-05-13_00:49:49.660000      10261.63        7.95812400e-01        1.32108577e-05  69.9264  69.1286
0202-05-13_00:49:49.860000      10261.83        7.97334800e-01        1.34138356e-05  69.9264  69.1286
0202-05-13_00:49:50.062000      10262.03        7.98309900e-01        1.36993681e-05  69.9264  69.1286
0202-05-13_00:49:50.260000      10262.23        7.99372500e-01        1.39100313e-05  69.9264  69.1286
0202-05-13_00:49:50.470000      10262.44        8.00255600e-01        1.41808131e-05  69.9516  69.1345
0202-05-13_00:49:50.660000      10262.63        8.01033300e-01        1.43801343e-05  69.9516  69.1345
0202-05-13_00:49:50.850000      10262.82        8.02124200e-01        1.45942683e-05  69.9516  69.1345
0202-05-13_00:49:51.060000      10263.03        8.03152700e-01        1.48737890e-05  69.9516  69.1345
0202-05-13_00:49:51.270000      10263.24        8.04077300e-01        1.50825308e-05  69.9516  69.1345
0202-05-13_00:49:51.477000      10263.45        8.05246200e-01        1.53517632e-05  69.9156  69.0981
0202-05-13_00:49:51.680000      10263.65        8.06810500e-01        1.55553609e-05  69.9156  69.0981
0202-05-13_00:49:51.880000      10263.85        8.07419000e-01        1.58360592e-05  69.9156  69.0981
0202-05-13_00:49:52.074000      10264.04        8.08060100e-01        1.60467843e-05  69.9156  69.0981
0202-05-13_00:49:52.285000      10264.25        8.08836400e-01        1.63325028e-05  69.9156  69.0981
0202-05-13_00:49:52.490000      10264.46        8.10460000e-01        1.65528965e-05  69.9660  69.1332
0202-05-13_00:49:52.690000      10264.66        8.11123500e-01        1.67737241e-05  69.9660  69.1332
0202-05-13_00:49:52.883000      10264.85        8.12273700e-01        1.70719621e-05  69.9660  69.1332
0202-05-13_00:49:53.080000      10265.04        8.13496000e-01        1.72981772e-05  69.9660  69.1332
0202-05-13_00:49:53.273000      10265.24        8.14272200e-01        1.75450309e-05  69.9660  69.1332
0202-05-13_00:49:53.477000      10265.45        8.15106300e-01        1.78727022e-05  69.9115  69.1197
0202-05-13_00:49:53.670000      10265.64        8.16428700e-01        1.81159036e-05  69.9115  69.1197
0202-05-13_00:49:53.863000      10265.83        8.17095100e-01        1.83538369e-05  69.9115  69.1197
0202-05-13_00:49:54.066000      10266.03        8.18383400e-01        1.86840553e-05  69.9115  69.1197
0202-05-13_00:49:54.290000      10266.26        8.19392600e-01        1.89327728e-05  69.9115  69.1197
0202-05-13_00:49:54.490000      10266.46        8.19901700e-01        1.92512154e-05  69.9365  69.1300
0202-05-13_00:49:54.680000      10266.65        8.20941200e-01        1.94831368e-05  69.9365  69.1300
0202-05-13_00:49:54.887000      10266.85        8.21812400e-01        1.98103803e-05  69.9365  69.1300
0202-05-13_00:49:55.080000      10267.05        8.23111000e-01        2.00602754e-05  69.9365  69.1300