# Ic = 4.03 A, n = 21.10 , Tavg = 49.94 K, f37-beamOnSet1-50K
#datetime                        t_s     iHTS_A                vHTS_V                tHTS_K  tTAR_K
0202-05-13_00:10:09.350000      7881.32        1.85303300e-02       -6.67731947e-09  49.9643  49.5026
0202-05-13_00:10:09.555000      7881.52        1.46743300e-02       -3.39247947e-09  49.9643  49.5026
0202-05-13_00:10:09.746000      7881.72        2.45855500e-02       -3.08258947e-09  49.9643  49.5026
0202-05-13_00:10:09.950000      7881.92        3.38348300e-02        1.92295405e-08  49.9643  49.5026
0202-05-13_00:10:10.152000      7882.12        4.36659100e-02        1.70603005e-08  49.9643  49.5026
0202-05-13_00:10:10.350000      7882.32        5.33025500e-02        2.22044905e-08  49.9463  49.4837
0202-05-13_00:10:10.543000      7882.51        6.36708900e-02        1.24739205e-08  49.9463  49.4837
0202-05-13_00:10:10.734000      7882.70        7.33105100e-02        1.48290905e-08  49.9463  49.4837
0202-05-13_00:10:10.926000      7882.90        8.27898400e-02        1.06145805e-08  49.9463  49.4837
0202-05-13_00:10:11.137000      7883.10        9.34355800e-02        1.28457905e-08  49.9463  49.4837
0202-05-13_00:10:11.336000      7883.30        1.03161300e-01        1.31556805e-08  49.9609  49.4995
0202-05-13_00:10:11.530000      7883.50        1.12870600e-01        1.42093105e-08  49.9609  49.4995
0202-05-13_00:10:11.740000      7883.71        1.23132100e-01        1.58827205e-08  49.9609  49.4995
0202-05-13_00:10:11.930000      7883.90        1.33125000e-01        1.55108505e-08  49.9609  49.4995
0202-05-13_00:10:12.125000      7884.09        1.42119000e-01        1.15442505e-08  49.9609  49.4995
0202-05-13_00:10:12.330000      7884.30        1.52951900e-01        8.07348053e-09  49.9550  49.4967
0202-05-13_00:10:12.527000      7884.50        1.62481700e-01        9.80886053e-09  49.9550  49.4967
0202-05-13_00:10:12.723000      7884.69        1.72098400e-01        7.57765053e-09  49.9550  49.4967
0202-05-13_00:10:12.926000      7884.89        1.82699800e-01        8.50732053e-09  49.9550  49.4967
0202-05-13_00:10:13.117000      7885.09        1.92569400e-01        9.80886053e-09  49.9550  49.4967
0202-05-13_00:10:13.312000      7885.28        2.02373800e-01        1.52009605e-08  49.9649  49.4897
0202-05-13_00:10:13.520000      7885.49        2.11673500e-01        1.38374405e-08  49.9649  49.4897
0202-05-13_00:10:13.710000      7885.68        2.22537600e-01        1.49528005e-08  49.9649  49.4897
0202-05-13_00:10:13.902000      7885.87        2.32362700e-01        1.06139505e-08  49.9649  49.4897
0202-05-13_00:10:14.110000      7886.08        2.41318100e-01        1.27207105e-08  49.9649  49.4897
0202-05-13_00:10:14.300000      7886.27        2.51955700e-01        1.06753005e-08  49.9569  49.4795
0202-05-13_00:10:14.500000      7886.47        2.62199400e-01        1.59434405e-08  49.9569  49.4795
0202-05-13_00:10:14.700000      7886.67        2.71295800e-01        1.44559705e-08  49.9569  49.4795
0202-05-13_00:10:14.890000      7886.86        2.81557200e-01        1.55715705e-08  49.9569  49.4795
0202-05-13_00:10:15.082000      7887.05        2.91760800e-01        1.55715705e-08  49.9569  49.4795
0202-05-13_00:10:15.293000      7887.26        3.01511800e-01        1.53856405e-08  49.9569  49.4795
0202-05-13_00:10:15.492000      7887.46        3.11329500e-01        1.06133205e-08  49.9790  49.5158
0202-05-13_00:10:15.684000      7887.65        3.21267400e-01        6.89464053e-09  49.9790  49.5158
0202-05-13_00:10:15.890000      7887.86        3.31639800e-01        7.51442053e-09  49.9790  49.5158
0202-05-13_00:10:16.082000      7888.05        3.40982600e-01        6.21288053e-09  49.9790  49.5158
0202-05-13_00:10:16.293000      7888.26        3.50752900e-01        7.20453053e-09  49.9790  49.5158
0202-05-13_00:10:16.500000      7888.47        3.61210200e-01        8.87794053e-09  49.9566  49.4798
0202-05-13_00:10:16.700000      7888.67        3.70700000e-01        1.01175005e-08  49.9566  49.4798
0202-05-13_00:10:16.895000      7888.86        3.80197100e-01        1.06133205e-08  49.9566  49.4798
0202-05-13_00:10:17.100000      7889.07        3.90899400e-01        1.13570605e-08  49.9566  49.4798
0202-05-13_00:10:17.300000      7889.27        4.00288200e-01        1.12331105e-08  49.9594  49.4958
0202-05-13_00:10:17.496000      7889.46        4.10287600e-01        9.37376053e-09  49.9594  49.4958
0202-05-13_00:10:17.700000      7889.67        4.20651500e-01        1.01175005e-08  49.9594  49.4958
0202-05-13_00:10:17.895000      7889.86        4.30191700e-01        9.49772053e-09  49.9594  49.4958
0202-05-13_00:10:18.086000      7890.06        4.40016800e-01        8.07222053e-09  49.9594  49.4958
0202-05-13_00:10:18.305000      7890.27        4.50475700e-01        8.25816053e-09  49.9594  49.4958
0202-05-13_00:10:18.504000      7890.47        4.59917900e-01        5.22123053e-09  49.9600  49.4905
0202-05-13_00:10:18.707000      7890.67        4.69679200e-01        8.25816053e-09  49.9600  49.4905
0202-05-13_00:10:18.900000      7890.87        4.80288000e-01        9.43574053e-09  49.9600  49.4905
0202-05-13_00:10:19.094000      7891.06        4.89924400e-01        1.68111305e-08  49.9600  49.4905
0202-05-13_00:10:19.293000      7891.26        4.99108400e-01        1.66871805e-08  49.9539  49.4784
0202-05-13_00:10:19.484000      7891.45        5.09834400e-01        1.38981605e-08  49.9539  49.4784
0202-05-13_00:10:19.680000      7891.65        5.19839100e-01        9.18788053e-09  49.9539  49.4784
0202-05-13_00:10:19.870000      7891.84        5.29360000e-01        5.59323053e-09  49.9539  49.4784
0202-05-13_00:10:20.080000      7892.05        5.39013000e-01        4.78763053e-09  49.9539  49.4784
0202-05-13_00:10:20.290000      7892.26        5.49485200e-01        3.98194053e-09  49.9394  49.4773
0202-05-13_00:10:20.496000      7892.46        5.58841400e-01        7.70062053e-09  49.9394  49.4773
0202-05-13_00:10:20.688000      7892.66        5.68944700e-01        7.14282053e-09  49.9394  49.4773
0202-05-13_00:10:20.883000      7892.85        5.79366500e-01        8.87821053e-09  49.9394  49.4773
0202-05-13_00:10:21.074000      7893.04        5.88848800e-01        9.68392053e-09  49.9394  49.4773
0202-05-13_00:10:21.277000      7893.25        5.98768900e-01        9.86986053e-09  49.9394  49.4773
0202-05-13_00:10:21.473000      7893.44        6.08485700e-01        1.01177705e-08  49.9747  49.5223
0202-05-13_00:10:21.668000      7893.63        6.18693700e-01        6.52304053e-09  49.9747  49.5223
0202-05-13_00:10:21.863000      7893.83        6.28021700e-01        5.15952053e-09  49.9747  49.5223
0202-05-13_00:10:22.060000      7894.03        6.38896100e-01        3.05227053e-09  49.9747  49.5223
0202-05-13_00:10:22.258000      7894.23        6.48707000e-01        4.53974053e-09  49.9747  49.5223
0202-05-13_00:10:22.453000      7894.42        6.58483200e-01        9.49799053e-09  49.9453  49.4851
0202-05-13_00:10:22.645000      7894.61        6.68139200e-01        5.96524053e-09  49.9453  49.4851
0202-05-13_00:10:22.848000      7894.82        6.78642600e-01        5.53139053e-09  49.9453  49.4851
0202-05-13_00:10:23.043000      7895.01        6.88420200e-01        1.68875053e-09  49.9453  49.4851
0202-05-13_00:10:23.277000      7895.25        6.98447200e-01        4.41578053e-09  49.9453  49.4851
0202-05-13_00:10:23.496000      7895.46        7.08667100e-01        3.91996053e-09  49.9668  49.5151
0202-05-13_00:10:23.688000      7895.66        7.17509700e-01        2.18457053e-09  49.9668  49.5151
0202-05-13_00:10:23.880000      7895.85        7.28249100e-01        2.30853053e-09  49.9668  49.5151
0202-05-13_00:10:24.082000      7896.05        7.38197400e-01        3.05227053e-09  49.9668  49.5151
0202-05-13_00:10:24.285000      7896.25        7.47391800e-01        1.01177705e-08  49.9668  49.5151
0202-05-13_00:10:24.480000      7896.45        7.57957500e-01        1.22250205e-08  49.9556  49.4895
0202-05-13_00:10:24.688000      7896.66        7.67934000e-01        1.21010705e-08  49.9556  49.4895
0202-05-13_00:10:24.880000      7896.85        7.77493500e-01        5.28348053e-09  49.9556  49.4895
0202-05-13_00:10:25.082000      7897.05        7.87563500e-01        4.97359053e-09  49.9556  49.4895
0202-05-13_00:10:25.293000      7897.26        7.97326400e-01        9.31205053e-09  49.9556  49.4895
0202-05-13_00:10:25.500000      7897.47        8.07647300e-01        1.43322805e-08  49.9690  49.5064
0202-05-13_00:10:25.690000      7897.66        8.17876100e-01        9.49805053e-09  49.9690  49.5064
0202-05-13_00:10:25.887000      7897.85        8.27138800e-01        9.62208053e-09  49.9690  49.5064
0202-05-13_00:10:26.090000      7898.06        8.36907500e-01        5.40766053e-09  49.9690  49.5064
0202-05-13_00:10:26.285000      7898.25        8.47370900e-01        7.70085053e-09  49.9690  49.5064
0202-05-13_00:10:26.484000      7898.45        8.57161900e-01        2.92853053e-09  49.9588  49.4703
0202-05-13_00:10:26.676000      7898.65        8.65927300e-01        4.91183053e-09  49.9588  49.4703
0202-05-13_00:10:26.870000      7898.84        8.76944300e-01        6.77118053e-09  49.9588  49.4703
0202-05-13_00:10:27.066000      7899.03        8.87084100e-01        1.15434905e-08  49.9588  49.4703
0202-05-13_00:10:27.285000      7899.25        8.96502600e-01        1.12336005e-08  49.9588  49.4703
0202-05-13_00:10:27.477000      7899.45        9.06902100e-01        6.27535053e-09  49.9769  49.5115
0202-05-13_00:10:27.668000      7899.64        9.17074600e-01        2.86656053e-09  49.9769  49.5115
0202-05-13_00:10:27.875000      7899.84        9.25846000e-01        2.80458053e-09  49.9769  49.5115
0202-05-13_00:10:28.066000      7900.04        9.36656600e-01        4.60194053e-09  49.9769  49.5115
0202-05-13_00:10:28.293000      7900.26        9.46835000e-01        4.84986053e-09  49.9769  49.5115
0202-05-13_00:10:28.500000      7900.47        9.56403400e-01        4.53996053e-09  49.9599  49.4857
0202-05-13_00:10:28.695000      7900.66        9.66762500e-01        4.04414053e-09  49.9599  49.4857
0202-05-13_00:10:28.887000      7900.85        9.76464400e-01        4.66392053e-09  49.9599  49.4857
0202-05-13_00:10:29.094000      7901.06        9.86068500e-01        1.99886053e-09  49.9599  49.4857
0202-05-13_00:10:29.290000      7901.26        9.96272100e-01        2.30875053e-09  49.9673  49.4927
0202-05-13_00:10:29.484000      7901.45        1.00641500e+00        1.56502053e-09  49.9673  49.4927
0202-05-13_00:10:29.690000      7901.66        1.01524700e+00        2.80458053e-09  49.9673  49.4927
0202-05-13_00:10:29.883000      7901.85        1.02605800e+00        3.73425053e-09  49.9673  49.4927
0202-05-13_00:10:30.074000      7902.04        1.03600300e+00        6.97320526e-10  49.9673  49.4927
0202-05-13_00:10:30.297000      7902.26        1.04606800e+00        1.44106053e-09  49.9673  49.4927
0202-05-13_00:10:30.490000      7902.46        1.05581200e+00       -1.10003947e-09  49.9491  49.4803
0202-05-13_00:10:30.690000      7902.66        1.06584300e+00        5.71755053e-09  49.9491  49.4803
0202-05-13_00:10:30.883000      7902.85        1.07531800e+00        2.92853053e-09  49.9491  49.4803
0202-05-13_00:10:31.080000      7903.04        1.08572200e+00        4.84986053e-09  49.9491  49.4803
0202-05-13_00:10:31.297000      7903.26        1.09584300e+00        1.06919053e-09  49.9491  49.4803
0202-05-13_00:10:31.492000      7903.46        1.10579000e+00        2.18480053e-09  49.9803  49.5141
0202-05-13_00:10:31.684000      7903.65        1.11548600e+00        4.49270526e-10  49.9803  49.5141
0202-05-13_00:10:31.875000      7903.84        1.12564000e+00        6.35070526e-10  49.9803  49.5141
0202-05-13_00:10:32.080000      7904.05        1.13463200e+00        1.44060053e-09  49.9803  49.5141
0202-05-13_00:10:32.277000      7904.25        1.14559700e+00        2.43225053e-09  49.9803  49.5141
0202-05-13_00:10:32.490000      7904.46        1.15530500e+00        3.98170053e-09  49.9561  49.4714
0202-05-13_00:10:32.680000      7904.65        1.16471900e+00        5.34522053e-09  49.9561  49.4714
0202-05-13_00:10:32.875000      7904.84        1.17509800e+00        7.57643053e-09  49.9561  49.4714
0202-05-13_00:10:33.066000      7905.03        1.18499400e+00        8.01028053e-09  49.9561  49.4714
0202-05-13_00:10:33.277000      7905.24        1.19492300e+00        4.35357053e-09  49.9561  49.4714
0202-05-13_00:10:33.480000      7905.45        1.20518400e+00        1.68851053e-09  49.9700  49.4971
0202-05-13_00:10:33.684000      7905.65        1.21524800e+00        2.01040526e-10  49.9700  49.4971
0202-05-13_00:10:33.875000      7905.84        1.22451400e+00        5.53115053e-09  49.9700  49.4971
0202-05-13_00:10:34.066000      7906.03        1.23505900e+00        9.24984053e-09  49.9700  49.4971
0202-05-13_00:10:34.280000      7906.25        1.24485700e+00        1.10472005e-08  49.9677  49.5038
0202-05-13_00:10:34.484000      7906.45        1.25414700e+00        8.38215053e-09  49.9677  49.5038
0202-05-13_00:10:34.688000      7906.66        1.26505100e+00        5.40720053e-09  49.9677  49.5038
0202-05-13_00:10:34.880000      7906.85        1.27453300e+00        5.53115053e-09  49.9677  49.5038
0202-05-13_00:10:35.090000      7907.06        1.28359100e+00        6.46083053e-09  49.9677  49.5038
0202-05-13_00:10:35.290000      7907.26        1.29456500e+00        1.13570905e-08  49.9677  49.5038
0202-05-13_00:10:35.484000      7907.45        1.30449500e+00        9.06391053e-09  49.9846  49.5116
0202-05-13_00:10:35.688000      7907.66        1.31353100e+00        7.14258053e-09  49.9846  49.5116
0202-05-13_00:10:35.883000      7907.85        1.32406900e+00        4.78742053e-09  49.9846  49.5116
0202-05-13_00:10:36.074000      7908.04        1.33423700e+00        4.10566053e-09  49.9846  49.5116
0202-05-13_00:10:36.280000      7908.25        1.34377800e+00        5.65511053e-09  49.9846  49.5116
0202-05-13_00:10:36.480000      7908.45        1.35380100e+00        3.60983053e-09  49.9436  49.4914
0202-05-13_00:10:36.670000      7908.64        1.36372400e+00        9.80764053e-09  49.9436  49.4914
0202-05-13_00:10:36.880000      7908.85        1.37345400e+00        8.13423053e-09  49.9436  49.4914
0202-05-13_00:10:37.070000      7909.04        1.38350600e+00        8.50610053e-09  49.9436  49.4914
0202-05-13_00:10:37.277000      7909.24        1.39364600e+00        1.31664053e-09  49.9436  49.4914
0202-05-13_00:10:37.470000      7909.44        1.40110800e+00        2.49423053e-09  49.9860  49.5175
0202-05-13_00:10:37.664000      7909.63        1.41273700e+00        6.02753053e-09  49.9860  49.5175
0202-05-13_00:10:37.855000      7909.82        1.42353300e+00        1.00566605e-08  49.9860  49.5175
0202-05-13_00:10:38.060000      7910.03        1.43339900e+00        1.06151905e-08  49.9860  49.5175
0202-05-13_00:10:38.258000      7910.23        1.44267200e+00        8.19804053e-09  49.9477  49.4860
0202-05-13_00:10:38.453000      7910.42        1.45376600e+00        2.62001053e-09  49.9477  49.4860
0202-05-13_00:10:38.656000      7910.62        1.46340600e+00        1.62836053e-09  49.9477  49.4860
0202-05-13_00:10:38.848000      7910.82        1.47258500e+00        2.92990053e-09  49.9477  49.4860
0202-05-13_00:10:39.043000      7911.01        1.48308700e+00        1.06151905e-08  49.9477  49.4860
0202-05-13_00:10:39.260000      7911.23        1.49324000e+00        7.70222053e-09  49.9477  49.4860
0202-05-13_00:10:39.457000      7911.43        1.50273300e+00        5.40903053e-09  49.9711  49.5104
0202-05-13_00:10:39.660000      7911.63        1.51326200e+00        1.19451053e-09  49.9711  49.5104
0202-05-13_00:10:39.855000      7911.82        1.52297900e+00        3.17781053e-09  49.9711  49.5104
0202-05-13_00:10:40.047000      7912.02        1.53189300e+00        2.43407053e-09  49.9711  49.5104
0202-05-13_00:10:40.266000      7912.24        1.54268300e+00       -1.69009474e-10  49.9711  49.5104
0202-05-13_00:10:40.477000      7912.44        1.55202000e+00        2.12418053e-09  49.9663  49.4827
0202-05-13_00:10:40.668000      7912.64        1.56190600e+00        3.42573053e-09  49.9663  49.4827
0202-05-13_00:10:40.860000      7912.83        1.57230400e+00        6.58661053e-09  49.9663  49.4827
0202-05-13_00:10:41.066000      7913.03        1.58200500e+00        3.11583053e-09  49.9663  49.4827
0202-05-13_00:10:41.260000      7913.23        1.59191700e+00        1.81429053e-09  49.9663  49.4827
0202-05-13_00:10:41.477000      7913.44        1.60253100e+00        1.00858053e-09  49.9714  49.5313
0202-05-13_00:10:41.668000      7913.64        1.61097500e+00        3.92155053e-09  49.9714  49.5313
0202-05-13_00:10:41.860000      7913.83        1.62209700e+00        4.78924053e-09  49.9714  49.5313
0202-05-13_00:10:42.055000      7914.02        1.63191800e+00        4.47935053e-09  49.9714  49.5313
0202-05-13_00:10:42.266000      7914.23        1.64152900e+00        6.98690526e-10  49.9714  49.5313
0202-05-13_00:10:42.465000      7914.43        1.65216300e+00        9.46600526e-10  49.9467  49.4875
0202-05-13_00:10:42.668000      7914.64        1.66162600e+00        2.18616053e-09  49.9467  49.4875
0202-05-13_00:10:42.860000      7914.83        1.67089300e+00        3.61166053e-09  49.9467  49.4875
0202-05-13_00:10:43.055000      7915.02        1.68167600e+00        3.98353053e-09  49.9467  49.4875
0202-05-13_00:10:43.290000      7915.26        1.69200000e+00        3.17781053e-09  49.9467  49.4875
0202-05-13_00:10:43.480000      7915.45        1.70155200e+00        3.42573053e-09  49.9680  49.5077
0202-05-13_00:10:43.688000      7915.66        1.71138600e+00        1.19426053e-09  49.9680  49.5077
0202-05-13_00:10:43.880000      7915.85        1.72004600e+00        1.50395053e-09  49.9680  49.5077
0202-05-13_00:10:44.074000      7916.04        1.73128000e+00        3.05321053e-09  49.9680  49.5077
0202-05-13_00:10:44.290000      7916.26        1.74174200e+00        5.90421053e-09  49.9546  49.4859
0202-05-13_00:10:44.484000      7916.45        1.75065000e+00        3.73497053e-09  49.9546  49.4859
0202-05-13_00:10:44.676000      7916.64        1.76112800e+00       -9.13389474e-10  49.9546  49.4859
0202-05-13_00:10:44.883000      7916.85        1.77063400e+00        2.74332053e-09  49.9546  49.4859
0202-05-13_00:10:45.074000      7917.04        1.78070400e+00        7.94949053e-09  49.9546  49.4859
0202-05-13_00:10:45.293000      7917.26        1.79126100e+00        7.76355053e-09  49.9546  49.4859
0202-05-13_00:10:45.490000      7917.46        1.80005200e+00       -1.07669474e-10  49.9737  49.5092
0202-05-13_00:10:45.680000      7917.65        1.81061100e+00       -5.00393947e-09  49.9737  49.5092
0202-05-13_00:10:45.887000      7917.85        1.82077700e+00       -2.40085947e-09  49.9737  49.5092
0202-05-13_00:10:46.080000      7918.05        1.83058400e+00        1.99959053e-09  49.9737  49.5092
0202-05-13_00:10:46.285000      7918.25        1.84006300e+00        4.04486053e-09  49.9532  49.4831
0202-05-13_00:10:46.480000      7918.45        1.85069400e+00        1.50376053e-09  49.9532  49.4831
0202-05-13_00:10:46.670000      7918.64        1.86045800e+00        3.11519053e-09  49.9532  49.4831
0202-05-13_00:10:46.875000      7918.84        1.87008000e+00        4.29278053e-09  49.9532  49.4831
0202-05-13_00:10:47.066000      7919.04        1.87992600e+00        2.80530053e-09  49.9532  49.4831
0202-05-13_00:10:47.277000      7919.24        1.89037400e+00       -1.22327947e-09  49.9532  49.4831
0202-05-13_00:10:47.480000      7919.45        1.89954900e+00       -3.55579474e-10  49.9719  49.4939
0202-05-13_00:10:47.670000      7919.64        1.90952300e+00       -1.28524947e-09  49.9719  49.4939
0202-05-13_00:10:47.880000      7919.85        1.91987600e+00       -3.57843947e-09  49.9719  49.4939
0202-05-13_00:10:48.070000      7920.04        1.92979600e+00       -7.60701947e-09  49.9719  49.4939
0202-05-13_00:10:48.277000      7920.25        1.93952900e+00       -1.07059295e-08  49.9719  49.4939
0202-05-13_00:10:48.473000      7920.44        1.94987000e+00       -8.04086947e-09  49.9515  49.4881
0202-05-13_00:10:48.664000      7920.63        1.95965300e+00       -6.98723947e-09  49.9515  49.4881
0202-05-13_00:10:48.860000      7920.83        1.96887400e+00       -4.19822947e-09  49.9515  49.4881
0202-05-13_00:10:49.062000      7921.03        1.97962700e+00       -9.34240947e-09  49.9515  49.4881
0202-05-13_00:10:49.266000      7921.24        1.98947300e+00       -1.06439495e-08  49.9515  49.4881
0202-05-13_00:10:49.477000      7921.44        1.99931000e+00       -9.28042947e-09  49.9760  49.5078
0202-05-13_00:10:49.668000      7921.64        2.00971700e+00       -7.11132947e-09  49.9760  49.5078
0202-05-13_00:10:49.863000      7921.83        2.01926300e+00       -5.49999947e-09  49.9760  49.5078
0202-05-13_00:10:50.055000      7922.02        2.02859400e+00       -7.04954947e-09  49.9760  49.5078
0202-05-13_00:10:50.290000      7922.26        2.03976500e+00       -6.67767947e-09  49.9760  49.5078
0202-05-13_00:10:50.500000      7922.47        2.04928900e+00       -6.42976947e-09  49.9455  49.4752
0202-05-13_00:10:50.690000      7922.66        2.05903700e+00       -7.04954947e-09  49.9455  49.4752
0202-05-13_00:10:50.900000      7922.87        2.06908000e+00       -7.79327947e-09  49.9455  49.4752
0202-05-13_00:10:51.094000      7923.06        2.07840200e+00       -9.21877947e-09  49.9455  49.4752
0202-05-13_00:10:51.293000      7923.26        2.08858200e+00       -3.57876947e-09  49.9455  49.4752
0202-05-13_00:10:51.496000      7923.47        2.09857000e+00       -1.03766947e-09  49.9729  49.5216
0202-05-13_00:10:51.690000      7923.66        2.10893100e+00        1.93728053e-09  49.9729  49.5216
0202-05-13_00:10:51.883000      7923.85        2.11794000e+00       -4.38448947e-09  49.9729  49.5216
0202-05-13_00:10:52.086000      7924.05        2.12848100e+00       -3.95063947e-09  49.9729  49.5216
0202-05-13_00:10:52.285000      7924.25        2.13848400e+00       -8.04119947e-09  49.9729  49.5216
0202-05-13_00:10:52.480000      7924.45        2.14806300e+00       -1.65744947e-09  49.9407  49.4943
0202-05-13_00:10:52.676000      7924.64        2.15852800e+00       -4.81832947e-09  49.9407  49.4943
0202-05-13_00:10:52.867000      7924.83        2.16856100e+00       -4.38448947e-09  49.9407  49.4943
0202-05-13_00:10:53.060000      7925.03        2.17785000e+00       -4.88030947e-09  49.9407  49.4943
0202-05-13_00:10:53.293000      7925.26        2.18782200e+00       -4.38448947e-09  49.9407  49.4943
0202-05-13_00:10:53.500000      7925.47        2.19833000e+00       -5.87195947e-09  49.9649  49.5096
0202-05-13_00:10:53.703000      7925.67        2.20769300e+00       -6.67767947e-09  49.9649  49.5096
0202-05-13_00:10:53.906000      7925.87        2.21779000e+00       -5.25217947e-09  49.9649  49.5096
0202-05-13_00:10:54.105000      7926.07        2.22788200e+00        5.11780526e-10  49.9649  49.5096
0202-05-13_00:10:54.300000      7926.27        2.23739800e+00       -2.09129947e-09  49.9505  49.4757
0202-05-13_00:10:54.510000      7926.48        2.24789700e+00        9.45630526e-10  49.9505  49.4757
0202-05-13_00:10:54.707000      7926.67        2.25786900e+00       -8.51739474e-10  49.9505  49.4757
0202-05-13_00:10:54.900000      7926.87        2.26752100e+00       -2.31949474e-10  49.9505  49.4757
0202-05-13_00:10:55.105000      7927.07        2.27655000e+00       -1.71942947e-09  49.9505  49.4757
0202-05-13_00:10:55.300000      7927.27        2.28752700e+00       -4.79869474e-10  49.9649  49.5043
0202-05-13_00:10:55.496000      7927.46        2.29772400e+00       -8.51789474e-10  49.9649  49.5043
0202-05-13_00:10:55.700000      7927.67        2.30650700e+00        2.92868053e-09  49.9649  49.5043
0202-05-13_00:10:55.890000      7927.86        2.31691500e+00        4.66392053e-09  49.9649  49.5043
0202-05-13_00:10:56.086000      7928.05        2.32749000e+00        7.51481053e-09  49.9649  49.5043
0202-05-13_00:10:56.297000      7928.26        2.33619100e+00        6.70909053e-09  49.9649  49.5043
0202-05-13_00:10:56.492000      7928.46        2.34703800e+00        8.38250053e-09  49.9458  49.4890
0202-05-13_00:10:56.684000      7928.65        2.35674500e+00        6.33722053e-09  49.9458  49.4890
0202-05-13_00:10:56.883000      7928.85        2.36585500e+00        6.95701053e-09  49.9458  49.4890
0202-05-13_00:10:57.074000      7929.04        2.37669000e+00        4.16799053e-09  49.9458  49.4890
0202-05-13_00:10:57.273000      7929.24        2.38676400e+00        8.32052053e-09  49.9613  49.5040
0202-05-13_00:10:57.473000      7929.44        2.39641800e+00        8.19657053e-09  49.9613  49.5040
0202-05-13_00:10:57.668000      7929.64        2.40613100e+00        7.57679053e-09  49.9613  49.5040
0202-05-13_00:10:57.860000      7929.83        2.41646300e+00        9.45130526e-10  49.9613  49.5040
0202-05-13_00:10:58.066000      7930.03        2.42666700e+00       -2.77355947e-09  49.9613  49.5040
0202-05-13_00:10:58.280000      7930.25        2.43648000e+00        8.21170526e-10  49.9613  49.5040
0202-05-13_00:10:58.490000      7930.46        2.44653700e+00        5.09766053e-09  49.9386  49.4730
0202-05-13_00:10:58.690000      7930.66        2.45593500e+00        2.80447053e-09  49.9386  49.4730
0202-05-13_00:10:58.895000      7930.86        2.46592900e+00       -4.01311947e-09  49.9386  49.4730
0202-05-13_00:10:59.090000      7931.06        2.47636600e+00       -1.78190947e-09  49.9386  49.4730
0202-05-13_00:10:59.300000      7931.27        2.48546900e+00       -1.10014947e-09  49.9731  49.4974
0202-05-13_00:10:59.500000      7931.47        2.49608900e+00       -5.42339474e-10  49.9731  49.4974
0202-05-13_00:10:59.690000      7931.66        2.50630600e+00        9.45130526e-10  49.9731  49.4974
0202-05-13_00:10:59.900000      7931.87        2.51528900e+00        6.15129053e-09  49.9731  49.4974
0202-05-13_00:11:00.090000      7932.06        2.52565600e+00        5.96536053e-09  49.9731  49.4974
0202-05-13_00:11:00.285000      7932.25        2.53578700e+00        3.17634053e-09  49.9476  49.4849
0202-05-13_00:11:00.496000      7932.46        2.54531400e+00        5.15964053e-09  49.9476  49.4849
0202-05-13_00:11:00.688000      7932.66        2.55522500e+00        7.39085053e-09  49.9476  49.4849
0202-05-13_00:11:00.880000      7932.85        2.56556200e+00        8.38250053e-09  49.9476  49.4849
0202-05-13_00:11:01.082000      7933.05        2.57498400e+00        9.18822053e-09  49.9476  49.4849
0202-05-13_00:11:01.285000      7933.25        2.58501400e+00        7.32887053e-09  49.9552  49.4945
0202-05-13_00:11:01.480000      7933.45        2.59541800e+00        6.83292053e-09  49.9552  49.4945
0202-05-13_00:11:01.676000      7933.64        2.60490300e+00        3.67152053e-09  49.9552  49.4945
0202-05-13_00:11:01.867000      7933.84        2.61452200e+00        1.43992053e-09  49.9552  49.4945
0202-05-13_00:11:02.060000      7934.03        2.62493000e+00        2.55527053e-09  49.9552  49.4945
0202-05-13_00:11:02.277000      7934.25        2.63499700e+00        1.74955053e-09  49.9552  49.4945
0202-05-13_00:11:02.473000      7934.44        2.64478600e+00        8.19527053e-09  49.9366  49.4776
0202-05-13_00:11:02.664000      7934.63        2.65511200e+00        4.66252053e-09  49.9366  49.4776
0202-05-13_00:11:02.863000      7934.83        2.66478800e+00        8.38121053e-09  49.9366  49.4776
0202-05-13_00:11:03.055000      7935.02        2.67441500e+00        7.51351053e-09  49.9366  49.4776
0202-05-13_00:11:03.285000      7935.25        2.68475300e+00        7.63747053e-09  49.9366  49.4776
0202-05-13_00:11:03.477000      7935.44        2.69473900e+00        5.77813053e-09  49.9566  49.4921
0202-05-13_00:11:03.668000      7935.64        2.70434900e+00        3.60890053e-09  49.9566  49.4921
0202-05-13_00:11:03.860000      7935.83        2.71394000e+00        7.76143053e-09  49.9566  49.4921
0202-05-13_00:11:04.066000      7936.03        2.72458100e+00        8.62912053e-09  49.9566  49.4921
0202-05-13_00:11:04.290000      7936.26        2.73431600e+00        6.95571053e-09  49.9566  49.4921
0202-05-13_00:11:04.480000      7936.45        2.74412800e+00        3.29901053e-09  49.9371  49.4750
0202-05-13_00:11:04.684000      7936.65        2.75396900e+00        1.41705263e-11  49.9371  49.4750
0202-05-13_00:11:04.887000      7936.85        2.76382400e+00       -2.46494947e-09  49.9371  49.4750
0202-05-13_00:11:05.080000      7937.05        2.77379600e+00       -9.77479474e-10  49.9371  49.4750
0202-05-13_00:11:05.290000      7937.26        2.78409300e+00       -6.67589474e-10  49.9371  49.4750
0202-05-13_00:11:05.484000      7937.45        2.79311500e+00        1.25373053e-09  49.9673  49.5094
0202-05-13_00:11:05.676000      7937.64        2.80390200e+00        3.67087053e-09  49.9673  49.5094
0202-05-13_00:11:05.883000      7937.85        2.81374800e+00        4.91043053e-09  49.9673  49.5094
0202-05-13_00:11:06.074000      7938.04        2.82355900e+00        3.05109053e-09  49.9673  49.5094
0202-05-13_00:11:06.285000      7938.25        2.83358300e+00        4.16670053e-09  49.9673  49.5094
0202-05-13_00:11:06.480000      7938.45        2.84339600e+00        2.30736053e-09  49.9501  49.4753
0202-05-13_00:11:06.670000      7938.64        2.85302500e+00        4.60054053e-09  49.9501  49.4753
0202-05-13_00:11:06.863000      7938.83        2.86360500e+00        2.12142053e-09  49.9501  49.4753
0202-05-13_00:11:07.070000      7939.04        2.87304900e+00        5.03439053e-09  49.9501  49.4753
0202-05-13_00:11:07.266000      7939.23        2.88319100e+00        6.33593053e-09  49.9501  49.4753
0202-05-13_00:11:07.465000      7939.43        2.89268400e+00        1.12941305e-08  49.9760  49.5035
0202-05-13_00:11:07.660000      7939.63        2.90321300e+00        8.93879053e-09  49.9760  49.5035
0202-05-13_00:11:07.855000      7939.82        2.91284800e+00        9.12459053e-09  49.9760  49.5035
0202-05-13_00:11:08.047000      7940.01        2.92264000e+00        3.91835053e-09  49.9760  49.5035
0202-05-13_00:11:08.258000      7940.23        2.93315600e+00        9.55835053e-09  49.9760  49.5035
0202-05-13_00:11:08.457000      7940.43        2.94241500e+00        1.34629705e-08  49.9581  49.4702
0202-05-13_00:11:08.650000      7940.62        2.95267400e+00        1.68097805e-08  49.9581  49.4702
0202-05-13_00:11:08.850000      7940.82        2.96287600e+00        1.49504405e-08  49.9581  49.4702
0202-05-13_00:11:09.047000      7941.01        2.97257100e+00        1.09218705e-08  49.9581  49.4702
0202-05-13_00:11:09.266000      7941.23        2.98239600e+00        1.24093405e-08  49.9581  49.4702
0202-05-13_00:11:09.460000      7941.43        2.99245100e+00        1.72436305e-08  49.9545  49.5052
0202-05-13_00:11:09.652000      7941.62        2.99805500e+00        2.18919805e-08  49.9545  49.5052
0202-05-13_00:11:09.855000      7941.82        3.01145700e+00        2.30075805e-08  49.9545  49.5052
0202-05-13_00:11:10.047000      7942.01        3.02223300e+00        1.91649505e-08  49.9545  49.5052
0202-05-13_00:11:10.260000      7942.23        3.03209200e+00        1.80493405e-08  49.9545  49.5052
0202-05-13_00:11:10.457000      7942.42        3.04189400e+00        1.53842905e-08  49.9587  49.4834
0202-05-13_00:11:10.660000      7942.63        3.05236000e+00        1.85451705e-08  49.9587  49.4834
0202-05-13_00:11:10.860000      7942.83        3.06156600e+00        1.88550605e-08  49.9587  49.4834
0202-05-13_00:11:11.055000      7943.02        3.07136500e+00        1.73675805e-08  49.9587  49.4834
0202-05-13_00:11:11.266000      7943.23        3.08229700e+00        1.47025305e-08  49.9587  49.4834
0202-05-13_00:11:11.460000      7943.43        3.09142900e+00        1.38348405e-08  49.9529  49.4952
0202-05-13_00:11:11.652000      7943.62        3.10168500e+00        1.23473605e-08  49.9529  49.4952
0202-05-13_00:11:11.860000      7943.83        3.11191500e+00        1.11078005e-08  49.9529  49.4952
0202-05-13_00:11:12.050000      7944.02        3.12157800e+00        1.45165905e-08  49.9529  49.4952
0202-05-13_00:11:12.258000      7944.23        3.13098900e+00        1.54462605e-08  49.9529  49.4952
0202-05-13_00:11:12.457000      7944.42        3.14169900e+00        1.36489005e-08  49.9485  49.4778
0202-05-13_00:11:12.650000      7944.62        3.15175700e+00        1.37728605e-08  49.9485  49.4778
0202-05-13_00:11:12.844000      7944.81        3.16047200e+00        1.89790105e-08  49.9485  49.4778
0202-05-13_00:11:13.047000      7945.02        3.17135600e+00        1.71196705e-08  49.9485  49.4778
0202-05-13_00:11:13.254000      7945.22        3.18134900e+00        1.70576905e-08  49.9485  49.4778
0202-05-13_00:11:13.465000      7945.43        3.19118300e+00        1.85451405e-08  49.9717  49.5028
0202-05-13_00:11:13.656000      7945.62        3.20109100e+00        2.00945005e-08  49.9717  49.5028
0202-05-13_00:11:13.848000      7945.82        3.21062100e+00        2.37511305e-08  49.9717  49.5028
0202-05-13_00:11:14.043000      7946.01        3.22063800e+00        1.63137205e-08  49.9717  49.5028
0202-05-13_00:11:14.270000      7946.24        3.23132400e+00        2.08381205e-08  49.9717  49.5028
0202-05-13_00:11:14.490000      7946.45        3.24084800e+00        1.70574605e-08  49.9431  49.4800
0202-05-13_00:11:14.680000      7946.65        3.25058100e+00        1.75532805e-08  49.9431  49.4800
0202-05-13_00:11:14.870000      7946.84        3.26094200e+00        1.70574605e-08  49.9431  49.4800
0202-05-13_00:11:15.080000      7947.04        3.27045700e+00        2.03422905e-08  49.9431  49.4800
0202-05-13_00:11:15.277000      7947.24        3.28046300e+00        2.69739405e-08  49.9431  49.4800
0202-05-13_00:11:15.470000      7947.44        3.29046100e+00        2.64781205e-08  49.9595  49.5156
0202-05-13_00:11:15.668000      7947.64        3.30036300e+00        2.69739405e-08  49.9595  49.5156
0202-05-13_00:11:15.860000      7947.83        3.31009800e+00        1.87928405e-08  49.9595  49.5156
0202-05-13_00:11:16.050000      7948.02        3.32048700e+00        1.95985605e-08  49.9595  49.5156
0202-05-13_00:11:16.258000      7948.23        3.33071700e+00        1.97844905e-08  49.9595  49.5156
0202-05-13_00:11:16.457000      7948.42        3.34031200e+00        2.02183405e-08  49.9557  49.4885
0202-05-13_00:11:16.664000      7948.63        3.35040000e+00        1.74913105e-08  49.9557  49.4885
0202-05-13_00:11:16.855000      7948.82        3.36030000e+00        1.81730605e-08  49.9557  49.4885
0202-05-13_00:11:17.047000      7949.01        3.36913600e+00        1.63757005e-08  49.9557  49.4885
0202-05-13_00:11:17.260000      7949.23        3.38013200e+00        1.78631705e-08  49.9557  49.4885
0202-05-13_00:11:17.470000      7949.44        3.39026000e+00        1.28429505e-08  49.9688  49.5050
0202-05-13_00:11:17.670000      7949.64        3.39968800e+00        1.64996605e-08  49.9688  49.5050
0202-05-13_00:11:17.863000      7949.83        3.40957100e+00        1.97225105e-08  49.9688  49.5050
0202-05-13_00:11:18.055000      7950.02        3.41929500e+00        2.45568005e-08  49.9688  49.5050
0202-05-13_00:11:18.285000      7950.25        3.42957600e+00        2.29453705e-08  49.9688  49.5050
0202-05-13_00:11:18.480000      7950.45        3.43939800e+00        1.64376805e-08  49.9400  49.4846
0202-05-13_00:11:18.688000      7950.65        3.44910400e+00        1.44543805e-08  49.9400  49.4846
0202-05-13_00:11:18.880000      7950.85        3.45914700e+00        1.53220705e-08  49.9400  49.4846
0202-05-13_00:11:19.070000      7951.04        3.46902300e+00        1.92266905e-08  49.9400  49.4846
0202-05-13_00:11:19.285000      7951.25        3.47909900e+00        1.86069105e-08  49.9400  49.4846
0202-05-13_00:11:19.480000      7951.45        3.48919900e+00        2.08380305e-08  49.9792  49.5137
0202-05-13_00:11:19.670000      7951.64        3.49940900e+00        1.40203205e-08  49.9792  49.5137
0202-05-13_00:11:19.870000      7951.84        3.50818900e+00        1.48878505e-08  49.9792  49.5137
0202-05-13_00:11:20.062000      7952.03        3.51922900e+00        1.49497805e-08  49.9792  49.5137
0202-05-13_00:11:20.280000      7952.25        3.52936400e+00        1.37102205e-08  49.9792  49.5137
0202-05-13_00:11:20.484000      7952.45        3.53853500e+00        1.60034105e-08  49.9427  49.4849
0202-05-13_00:11:20.688000      7952.65        3.54877800e+00        1.40201105e-08  49.9427  49.4849
0202-05-13_00:11:20.890000      7952.86        3.55859400e+00        2.20772505e-08  49.9427  49.4849
0202-05-13_00:11:21.094000      7953.06        3.56849700e+00        2.34407705e-08  49.9427  49.4849
0202-05-13_00:11:21.297000      7953.27        3.57869500e+00        2.00319805e-08  49.9651  49.5022
0202-05-13_00:11:21.492000      7953.46        3.58820600e+00        2.20772505e-08  49.9651  49.5022
0202-05-13_00:11:21.695000      7953.66        3.59794600e+00        2.22631905e-08  49.9651  49.5022
0202-05-13_00:11:21.900000      7953.87        3.60868800e+00        2.15194505e-08  49.9651  49.5022
0202-05-13_00:11:22.094000      7954.06        3.61871100e+00        1.90403305e-08  49.9651  49.5022
0202-05-13_00:11:22.293000      7954.26        3.62771100e+00        1.49497805e-08  49.9489  49.4892
0202-05-13_00:11:22.490000      7954.46        3.63853500e+00        1.79867005e-08  49.9489  49.4892
0202-05-13_00:11:22.680000      7954.65        3.64851100e+00        2.36267005e-08  49.9489  49.4892
0202-05-13_00:11:22.880000      7954.85        3.65720500e+00        2.77172505e-08  49.9489  49.4892
0202-05-13_00:11:23.074000      7955.04        3.66817000e+00        2.69115405e-08  49.9489  49.4892
0202-05-13_00:11:23.277000      7955.25        3.67823500e+00        2.43704405e-08  49.9732  49.4906
0202-05-13_00:11:23.477000      7955.44        3.68770400e+00        2.41845005e-08  49.9732  49.4906
0202-05-13_00:11:23.670000      7955.64        3.69806100e+00        2.94526405e-08  49.9732  49.4906
0202-05-13_00:11:23.867000      7955.83        3.70788900e+00        3.32332905e-08  49.9732  49.4906
0202-05-13_00:11:24.070000      7956.04        3.71720700e+00        3.76337305e-08  49.9732  49.4906
0202-05-13_00:11:24.293000      7956.26        3.72809000e+00        3.62702205e-08  49.9732  49.4906
0202-05-13_00:11:24.492000      7956.46        3.73744000e+00        3.45968105e-08  49.9565  49.4885
0202-05-13_00:11:24.695000      7956.66        3.74766100e+00        3.22416505e-08  49.9565  49.4885
0202-05-13_00:11:24.900000      7956.87        3.75766600e+00        3.05682405e-08  49.9565  49.4885
0202-05-13_00:11:25.090000      7957.06        3.76756400e+00        3.21796705e-08  49.9565  49.4885
0202-05-13_00:11:25.300000      7957.27        3.77641700e+00        3.99269205e-08  49.9565  49.4885
0202-05-13_00:11:25.496000      7957.46        3.78742500e+00        4.38933105e-08  49.9804  49.5009
0202-05-13_00:11:25.688000      7957.66        3.79723100e+00        4.90372705e-08  49.9804  49.5009
0202-05-13_00:11:25.895000      7957.86        3.80649300e+00        5.25077605e-08  49.9804  49.5009
0202-05-13_00:11:26.086000      7958.05        3.81732500e+00        5.74040205e-08  49.9804  49.5009
0202-05-13_00:11:26.290000      7958.26        3.82673500e+00        5.90154505e-08  49.9804  49.5009
0202-05-13_00:11:26.492000      7958.46        3.83710600e+00        6.29200705e-08  49.9504  49.4702
0202-05-13_00:11:26.688000      7958.65        3.84673600e+00        6.70725905e-08  49.9504  49.4702
0202-05-13_00:11:26.880000      7958.85        3.85714500e+00        6.60809405e-08  49.9504  49.4702
0202-05-13_00:11:27.082000      7959.05        3.86607900e+00        6.68246805e-08  49.9504  49.4702
0202-05-13_00:11:27.290000      7959.26        3.87694900e+00        6.71965505e-08  49.9504  49.4702
0202-05-13_00:11:27.496000      7959.46        3.88646400e+00        7.93442305e-08  49.9647  49.4994
0202-05-13_00:11:27.690000      7959.66        3.89614200e+00        8.96945605e-08  49.9647  49.4994
0202-05-13_00:11:27.883000      7959.85        3.90651500e+00        9.90532305e-08  49.9647  49.4994
0202-05-13_00:11:28.086000      7960.05        3.91649600e+00        1.04693231e-07  49.9647  49.4994
0202-05-13_00:11:28.293000      7960.26        3.92624100e+00        1.09961361e-07  49.9647  49.4994
0202-05-13_00:11:28.492000      7960.46        3.93621500e+00        1.12378501e-07  49.9631  49.4832
0202-05-13_00:11:28.688000      7960.65        3.94626600e+00        1.11758721e-07  49.9631  49.4832
0202-05-13_00:11:28.895000      7960.86        3.95535800e+00        1.15043551e-07  49.9631  49.4832
0202-05-13_00:11:29.090000      7961.06        3.96649800e+00        1.23844431e-07  49.9631  49.4832
0202-05-13_00:11:29.285000      7961.25        3.97612700e+00        1.33017171e-07  49.9699  49.5005
0202-05-13_00:11:29.492000      7961.46        3.98523000e+00        1.45350791e-07  49.9699  49.5005
0202-05-13_00:11:29.684000      7961.65        3.99607400e+00        1.53160021e-07  49.9699  49.5005
0202-05-13_00:11:29.880000      7961.85        4.00579800e+00        1.59171881e-07  49.9699  49.5005
0202-05-13_00:11:30.082000      7962.05        4.01571700e+00        1.68406601e-07  49.9699  49.5005
0202-05-13_00:11:30.285000      7962.25        4.02562200e+00        1.76153851e-07  49.9699  49.5005
0202-05-13_00:11:30.477000      7962.44        4.03570700e+00        1.83777151e-07  49.9427  49.4711
0202-05-13_00:11:30.670000      7962.64        4.04550200e+00        1.93321761e-07  49.9427  49.4711
0202-05-13_00:11:30.867000      7962.83        4.05497900e+00        2.05593401e-07  49.9427  49.4711
0202-05-13_00:11:31.060000      7963.03        4.06559400e+00        2.18422841e-07  49.9427  49.4711
0202-05-13_00:11:31.285000      7963.25        4.07568600e+00        2.37698001e-07  49.9427  49.4711
0202-05-13_00:11:31.510000      7963.48        4.08544000e+00        2.54184311e-07  49.9550  49.4980
0202-05-13_00:11:31.703000      7963.67        4.09522400e+00        2.66518061e-07  49.9550  49.4980
0202-05-13_00:11:31.895000      7963.86        4.10440900e+00        2.77922131e-07  49.9550  49.4980
0202-05-13_00:11:32.100000      7964.07        4.11500000e+00        2.98560811e-07  49.9550  49.4980
0202-05-13_00:11:32.300000      7964.27        4.12505600e+00        3.17526081e-07  49.9552  49.4721
0202-05-13_00:11:32.496000      7964.46        4.13459200e+00        3.37111131e-07  49.9552  49.4721
0202-05-13_00:11:32.700000      7964.67        4.14485800e+00        3.58369581e-07  49.9552  49.4721
0202-05-13_00:11:32.890000      7964.86        4.15499500e+00        3.79070231e-07  49.9552  49.4721
0202-05-13_00:11:33.086000      7965.05        4.16432700e+00        4.00452651e-07  49.9552  49.4721
0202-05-13_00:11:33.297000      7965.26        4.17495100e+00        4.26669341e-07  49.9552  49.4721
0202-05-13_00:11:33.492000      7965.46        4.18443600e+00        4.45882521e-07  49.9724  49.5105
0202-05-13_00:11:33.684000      7965.65        4.19455800e+00        4.66149331e-07  49.9724  49.5105
0202-05-13_00:11:33.890000      7965.86        4.20431200e+00        4.92861851e-07  49.9724  49.5105
0202-05-13_00:11:34.086000      7966.05        4.21446100e+00        5.21743601e-07  49.9724  49.5105
0202-05-13_00:11:34.300000      7966.27        4.22335200e+00        5.61781381e-07  49.9466  49.4760
0202-05-13_00:11:34.496000      7966.46        4.23452500e+00        5.91778741e-07  49.9466  49.4760
0202-05-13_00:11:34.688000      7966.66        4.24425400e+00        6.22085981e-07  49.9466  49.4760
0202-05-13_00:11:34.887000      7966.85        4.25322700e+00        6.65656521e-07  49.9466  49.4760
0202-05-13_00:11:35.080000      7967.05        4.26420200e+00        6.97699141e-07  49.9466  49.4760
0202-05-13_00:11:35.273000      7967.24        4.27430800e+00        7.32902651e-07  49.9466  49.4760
0202-05-13_00:11:35.480000      7967.45        4.28344100e+00        7.79943951e-07  49.9596  49.4995
0202-05-13_00:11:35.670000      7967.64        4.29348000e+00        8.19238001e-07  49.9596  49.4995
0202-05-13_00:11:35.863000      7967.83        4.30329800e+00        8.59399751e-07  49.9596  49.4995
0202-05-13_00:11:36.066000      7968.04        4.31370300e+00        9.16915341e-07  49.9596  49.4995
0202-05-13_00:11:36.293000      7968.26        4.32370500e+00        9.59742141e-07  49.9596  49.4995
0202-05-13_00:11:36.492000      7968.46        4.33357500e+00        1.01570827e-06  49.9506  49.4962
0202-05-13_00:11:36.688000      7968.65        4.34339200e+00        1.05655177e-06  49.9506  49.4962
0202-05-13_00:11:36.895000      7968.86        4.35292700e+00        1.10588626e-06  49.9506  49.4962
0202-05-13_00:11:37.090000      7969.06        4.36337000e+00        1.17034339e-06  49.9506  49.4962
0202-05-13_00:11:37.290000      7969.26        4.37317400e+00        1.22234293e-06  49.9579  49.4982
0202-05-13_00:11:37.504000      7969.47        4.38298600e+00        1.29336950e-06  49.9579  49.4982
0202-05-13_00:11:37.695000      7969.66        4.39334700e+00        1.35212447e-06  49.9579  49.4982
0202-05-13_00:11:37.887000      7969.85        4.40299400e+00        1.41974230e-06  49.9579  49.4982
0202-05-13_00:11:38.094000      7970.06        4.41198400e+00        1.48587281e-06  49.9579  49.4982
0202-05-13_00:11:38.297000      7970.26        4.42321700e+00        1.57580288e-06  49.9388  49.4878
0202-05-13_00:11:38.508000      7970.48        4.43259000e+00        1.64447449e-06  49.9388  49.4878
0202-05-13_00:11:38.703000      7970.67        4.44233700e+00        1.73663577e-06  49.9388  49.4878
0202-05-13_00:11:38.895000      7970.86        4.45302900e+00        1.80976979e-06  49.9388  49.4878
0202-05-13_00:11:39.098000      7971.07        4.46260200e+00        1.88228404e-06  49.9388  49.4878
0202-05-13_00:11:39.293000      7971.26        4.47228300e+00        1.99557981e-06  49.9564  49.5029
0202-05-13_00:11:39.490000      7971.46        4.48275700e+00        2.08389845e-06  49.9564  49.5029
0202-05-13_00:11:39.695000      7971.66        4.49275200e+00        2.17674148e-06  49.9564  49.5029
0202-05-13_00:11:39.887000      7971.85        4.50196000e+00        2.30187504e-06  49.9564  49.5029
0202-05-13_00:11:40.090000      7972.06        4.51209300e+00        2.36447281e-06  49.9564  49.5029
0202-05-13_00:11:40.290000      7972.26        4.52221600e+00        2.51272417e-06  49.9524  49.4939
0202-05-13_00:11:40.492000      7972.46        4.53159900e+00        2.62385070e-06  49.9524  49.4939
0202-05-13_00:11:40.695000      7972.66        4.54220800e+00        2.77817590e-06  49.9524  49.4939
0202-05-13_00:11:40.887000      7972.86        4.55190100e+00        2.88378640e-06  49.9524  49.4939
0202-05-13_00:11:41.090000      7973.06        4.56117000e+00        2.99602854e-06  49.9524  49.4939
0202-05-13_00:11:41.293000      7973.26        4.57186800e+00        3.16572427e-06  49.9694  49.4939
0202-05-13_00:11:41.492000      7973.46        4.58206800e+00        3.29600201e-06  49.9694  49.4939
0202-05-13_00:11:41.695000      7973.66        4.59124800e+00        3.47889906e-06  49.9694  49.4939
0202-05-13_00:11:41.890000      7973.86        4.60163800e+00        3.61903130e-06  49.9694  49.4939
0202-05-13_00:11:42.082000      7974.05        4.61177000e+00        3.76461759e-06  49.9694  49.4939
0202-05-13_00:11:42.293000      7974.26        4.62127500e+00        3.96809134e-06  49.9694  49.4939
0202-05-13_00:11:42.490000      7974.46        4.63164200e+00        4.11981346e-06  49.9494  49.4828
0202-05-13_00:11:42.680000      7974.65        4.64130500e+00        4.27990261e-06  49.9494  49.4828
0202-05-13_00:11:42.880000      7974.85        4.65116100e+00        4.50500667e-06  49.9494  49.4828
0202-05-13_00:11:43.070000      7975.04        4.66057100e+00        4.67557009e-06  49.9494  49.4828
0202-05-13_00:11:43.305000      7975.27        4.67174200e+00        4.91883389e-06  49.9672  49.4966
0202-05-13_00:11:43.508000      7975.48        4.68096200e+00        5.09448009e-06  49.9672  49.4966
0202-05-13_00:11:43.710000      7975.68        4.69122500e+00        5.34766097e-06  49.9672  49.4966
0202-05-13_00:11:43.906000      7975.87        4.70111700e+00        5.52882306e-06  49.9672  49.4966
0202-05-13_00:11:44.113000      7976.08        4.71093600e+00        5.73626345e-06  49.9672  49.4966
0202-05-13_00:11:44.312000      7976.28        4.72118700e+00        6.02222997e-06  49.9371  49.4844
0202-05-13_00:11:44.508000      7976.48        4.73113300e+00        6.25111475e-06  49.9371  49.4844
0202-05-13_00:11:44.715000      7976.68        4.74072500e+00        6.55257577e-06  49.9371  49.4844
0202-05-13_00:11:44.906000      7976.87        4.75076500e+00        6.78424956e-06  49.9371  49.4844
0202-05-13_00:11:45.098000      7977.07        4.76061600e+00        7.02546795e-06  49.9371  49.4844
0202-05-13_00:11:45.310000      7977.28        4.77053600e+00        7.28682921e-06  49.9734  49.5041
0202-05-13_00:11:45.504000      7977.47        4.78066000e+00        7.64555790e-06  49.9734  49.5041
0202-05-13_00:11:45.695000      7977.66        4.79027100e+00        7.92631827e-06  49.9734  49.5041
0202-05-13_00:11:45.900000      7977.87        4.80008200e+00        8.20825622e-06  49.9734  49.5041
0202-05-13_00:11:46.090000      7978.06        4.81032800e+00        8.51473743e-06  49.9734  49.5041
0202-05-13_00:11:46.290000      7978.26        4.82051000e+00        8.84600993e-06  49.9734  49.5041
0202-05-13_00:11:46.492000      7978.46        4.83041900e+00        9.29497853e-06  49.9413  49.4840
0202-05-13_00:11:46.688000      7978.65        4.83971000e+00        9.62085893e-06  49.9413  49.4840
0202-05-13_00:11:46.880000      7978.85        4.85060400e+00        9.94878453e-06  49.9413  49.4840
0202-05-13_00:11:47.086000      7979.05        4.86027300e+00        1.04231642e-05  49.9413  49.4840
0202-05-13_00:11:47.285000      7979.25        4.87014600e+00        1.07827606e-05  49.9687  49.5176
0202-05-13_00:11:47.492000      7979.46        4.88013400e+00        1.11437205e-05  49.9687  49.5176
0202-05-13_00:11:47.684000      7979.65        4.89008700e+00        1.16222526e-05  49.9687  49.5176
0202-05-13_00:11:47.875000      7979.84        4.89965800e+00        1.20119703e-05  49.9687  49.5176
0202-05-13_00:11:48.066000      7980.04        4.90946100e+00        1.24110467e-05  49.9687  49.5176
0202-05-13_00:11:48.277000      7980.25        4.91972200e+00        1.29769679e-05  49.9687  49.5176
0202-05-13_00:11:48.473000      7980.44        4.92954000e+00        1.34061036e-05  49.9448  49.4704
0202-05-13_00:11:48.676000      7980.64        4.93920200e+00        1.38362309e-05  49.9448  49.4704
0202-05-13_00:11:48.867000      7980.83        4.94964300e+00        1.44329551e-05  49.9448  49.4704
0202-05-13_00:11:49.060000      7981.03        4.95931200e+00        1.57536444e-05  49.9448  49.4704
0202-05-13_00:11:49.293000      7981.26        4.96929000e+00        1.58776633e-05  49.9448  49.4704
0202-05-13_00:11:49.496000      7981.46        4.97951300e+00        1.62492251e-05  49.9656  49.5029
0202-05-13_00:11:49.688000      7981.66        4.98912200e+00        1.66938581e-05  49.9656  49.5029
0202-05-13_00:11:49.883000      7981.85        4.99833200e+00        1.71747474e-05  49.9656  49.5029
0202-05-13_00:11:50.086000      7982.05        5.00918100e+00        1.83042351e-05  49.9656  49.5029
0202-05-13_00:11:50.280000      7982.25        5.01891400e+00        1.86001183e-05  49.9656  49.5029
0202-05-13_00:11:50.473000      7982.44        5.02820800e+00        1.90414019e-05  49.9417  49.4823
0202-05-13_00:11:50.680000      7982.65        5.03887500e+00        2.03046381e-05  49.9417  49.4823