# Ic = 4.03 A, n = 21.11 , Tavg = 49.96 K, f37-beamOnSet1-50K
#datetime                        t_s     iHTS_A                vHTS_V                tHTS_K  tTAR_K
0202-05-13_00:06:42.406000      7674.38        1.83186600e-02        3.02713947e-09  49.9533  49.4715
0202-05-13_00:06:42.605000      7674.57        1.54720400e-02       -1.18737053e-09  49.9533  49.4715
0202-05-13_00:06:42.797000      7674.76        2.46176000e-02        3.58493947e-09  49.9533  49.4715
0202-05-13_00:06:42.990000      7674.96        3.39069800e-02        3.02713947e-09  49.9533  49.4715
0202-05-13_00:06:43.203000      7675.17        4.42234000e-02        7.36560947e-09  49.9533  49.4715
0202-05-13_00:06:43.434000      7675.40        5.44107000e-02        5.94010947e-09  49.9649  49.5076
0202-05-13_00:06:43.625000      7675.59        6.41260400e-02        5.32032947e-09  49.9649  49.5076
0202-05-13_00:06:43.816000      7675.79        7.42109300e-02        6.12603947e-09  49.9649  49.5076
0202-05-13_00:06:44.027000      7675.99        8.30224100e-02        9.34889947e-09  49.9649  49.5076
0202-05-13_00:06:44.242000      7676.21        9.41923700e-02        1.20759395e-08  49.9649  49.5076
0202-05-13_00:06:44.460000      7676.43        1.03685100e-01        1.26337395e-08  49.9350  49.4789
0202-05-13_00:06:44.664000      7676.63        1.13640900e-01        1.31295695e-08  49.9350  49.4789
0202-05-13_00:06:44.867000      7676.84        1.23540200e-01        1.59806695e-08  49.9350  49.4789
0202-05-13_00:06:45.062000      7677.03        1.32915700e-01        1.82739595e-08  49.9350  49.4789
0202-05-13_00:06:45.277000      7677.24        1.43313700e-01        1.37497095e-08  49.9350  49.4789
0202-05-13_00:06:45.477000      7677.44        1.53128500e-01        1.06507995e-08  49.9586  49.4972
0202-05-13_00:06:45.676000      7677.65        1.62876500e-01        7.11804947e-09  49.9586  49.4972
0202-05-13_00:06:45.870000      7677.84        1.73115100e-01        4.88683947e-09  49.9586  49.4972
0202-05-13_00:06:46.062000      7678.03        1.83234100e-01        6.93211947e-09  49.9586  49.4972
0202-05-13_00:06:46.273000      7678.24        1.92492300e-01        6.68419947e-09  49.9586  49.4972
0202-05-13_00:06:46.477000      7678.44        2.02765700e-01        1.61668495e-08  49.9459  49.4845
0202-05-13_00:06:46.676000      7678.65        2.12776400e-01        1.62288295e-08  49.9459  49.4845
0202-05-13_00:06:46.880000      7678.85        2.22209800e-01        2.05053195e-08  49.9459  49.4845
0202-05-13_00:06:47.070000      7679.04        2.32423800e-01        1.69725695e-08  49.9459  49.4845
0202-05-13_00:06:47.285000      7679.25        2.43029600e-01        1.24481695e-08  49.9459  49.4845
0202-05-13_00:06:47.490000      7679.46        2.51904200e-01        1.04648695e-08  49.9685  49.5024
0202-05-13_00:06:47.680000      7679.65        2.62467000e-01        1.05268495e-08  49.9685  49.5024
0202-05-13_00:06:47.875000      7679.84        2.72134800e-01        1.36257495e-08  49.9685  49.5024
0202-05-13_00:06:48.066000      7680.03        2.81627600e-01        1.44314695e-08  49.9685  49.5024
0202-05-13_00:06:48.266000      7680.24        2.92185900e-01        1.30679495e-08  49.9685  49.5024
0202-05-13_00:06:48.465000      7680.43        3.02079300e-01        1.20762995e-08  49.9400  49.4905
0202-05-13_00:06:48.656000      7680.63        3.10830000e-01        7.92376947e-09  49.9400  49.4905
0202-05-13_00:06:48.850000      7680.82        3.21898900e-01        8.10969947e-09  49.9400  49.4905
0202-05-13_00:06:49.047000      7681.01        3.31774400e-01        7.67584947e-09  49.9400  49.4905
0202-05-13_00:06:49.260000      7681.23        3.41215200e-01        7.92376947e-09  49.9400  49.4905
0202-05-13_00:06:49.460000      7681.43        3.51640000e-01        9.84508947e-09  49.9599  49.4964
0202-05-13_00:06:49.652000      7681.62        3.61457700e-01        8.72947947e-09  49.9599  49.4964
0202-05-13_00:06:49.844000      7681.81        3.70609100e-01        9.47321947e-09  49.9599  49.4964
0202-05-13_00:06:50.047000      7682.02        3.81450900e-01        2.77957947e-09  49.9599  49.4964
0202-05-13_00:06:50.277000      7682.25        3.91602600e-01        1.41606947e-09  49.9599  49.4964
0202-05-13_00:06:50.480000      7682.45        4.01227400e-01        2.40771947e-09  49.9435  49.4834
0202-05-13_00:06:50.676000      7682.64        4.11223500e-01        4.94881947e-09  49.9435  49.4834
0202-05-13_00:06:50.880000      7682.84        4.20831900e-01        2.84167947e-09  49.9435  49.4834
0202-05-13_00:06:51.080000      7683.05        4.30492400e-01        7.49017947e-09  49.9435  49.4834
0202-05-13_00:06:51.277000      7683.25        4.41153100e-01        1.00313995e-08  49.9435  49.4834
0202-05-13_00:06:51.490000      7683.46        4.49813200e-01        1.16428295e-08  49.9790  49.5098
0202-05-13_00:06:51.680000      7683.65        4.60625300e-01        8.85381947e-09  49.9790  49.5098
0202-05-13_00:06:51.875000      7683.84        4.70827500e-01        7.73820947e-09  49.9790  49.5098
0202-05-13_00:06:52.080000      7684.05        4.79610800e-01        1.10230495e-08  49.9790  49.5098
0202-05-13_00:06:52.277000      7684.25        4.90669300e-01        1.21386595e-08  49.9790  49.5098
0202-05-13_00:06:52.492000      7684.46        5.00737800e-01        1.20766795e-08  49.9512  49.4783
0202-05-13_00:06:52.688000      7684.65        5.09864000e-01        5.56897947e-09  49.9512  49.4783
0202-05-13_00:06:52.880000      7684.85        5.20211500e-01        8.11007947e-09  49.9512  49.4783
0202-05-13_00:06:53.070000      7685.04        5.30283100e-01        5.50699947e-09  49.9512  49.4783
0202-05-13_00:06:53.277000      7685.25        5.39812900e-01        8.85381947e-09  49.9512  49.4783
0202-05-13_00:06:53.492000      7685.46        5.50282200e-01        5.69292947e-09  49.9729  49.5172
0202-05-13_00:06:53.684000      7685.65        5.59384600e-01        6.87051947e-09  49.9729  49.5172
0202-05-13_00:06:53.890000      7685.86        5.69496800e-01        5.56897947e-09  49.9729  49.5172
0202-05-13_00:06:54.082000      7686.05        5.79930400e-01        7.24238947e-09  49.9729  49.5172
0202-05-13_00:06:54.280000      7686.25        5.90046500e-01        1.12089795e-08  49.9729  49.5172
0202-05-13_00:06:54.490000      7686.46        5.99365600e-01        7.61424947e-09  49.9530  49.4915
0202-05-13_00:06:54.680000      7686.65        6.09217400e-01        6.18875947e-09  49.9530  49.4915
0202-05-13_00:06:54.875000      7686.84        6.19628800e-01        4.70127947e-09  49.9530  49.4915
0202-05-13_00:06:55.074000      7687.04        6.29572700e-01        1.04652495e-08  49.9530  49.4915
0202-05-13_00:06:55.285000      7687.25        6.39099600e-01        8.97776947e-09  49.9530  49.4915
0202-05-13_00:06:55.480000      7687.45        6.49592000e-01        5.25908947e-09  49.9745  49.5111
0202-05-13_00:06:55.688000      7687.65        6.59078800e-01        5.01116947e-09  49.9745  49.5111
0202-05-13_00:06:55.880000      7687.85        6.69010800e-01        4.20545947e-09  49.9745  49.5111
0202-05-13_00:06:56.070000      7688.04        6.78843400e-01        5.50699947e-09  49.9745  49.5111
0202-05-13_00:06:56.280000      7688.25        6.89239900e-01        6.93249947e-09  49.9745  49.5111
0202-05-13_00:06:56.480000      7688.45        6.98947800e-01        1.16428295e-08  49.9427  49.4857
0202-05-13_00:06:56.670000      7688.64        7.08525100e-01        1.13329395e-08  49.9427  49.4857
0202-05-13_00:06:56.875000      7688.84        7.18866800e-01        1.08370795e-08  49.9427  49.4857
0202-05-13_00:06:57.066000      7689.04        7.28212000e-01        1.13328795e-08  49.9427  49.4857
0202-05-13_00:06:57.280000      7689.25        7.38307300e-01        1.12708695e-08  49.9427  49.4857
0202-05-13_00:06:57.477000      7689.45        7.48831500e-01        1.39359295e-08  49.9601  49.4969
0202-05-13_00:06:57.670000      7689.64        7.58483000e-01        1.49275795e-08  49.9601  49.4969
0202-05-13_00:06:57.875000      7689.84        7.68149300e-01        1.60431795e-08  49.9601  49.4969
0202-05-13_00:06:58.066000      7690.03        7.78305500e-01        1.37499895e-08  49.9601  49.4969
0202-05-13_00:06:58.260000      7690.23        7.88173700e-01        1.01552595e-08  49.9601  49.4969
0202-05-13_00:06:58.473000      7690.44        7.97476400e-01        1.23244995e-08  49.9418  49.4789
0202-05-13_00:06:58.676000      7690.64        8.08060100e-01        1.27583395e-08  49.9418  49.4789
0202-05-13_00:06:58.875000      7690.84        8.17992100e-01        1.05891095e-08  49.9418  49.4789
0202-05-13_00:06:59.070000      7691.04        8.27581300e-01        1.07130695e-08  49.9418  49.4789
0202-05-13_00:06:59.290000      7691.26        8.37875400e-01        7.73811947e-09  49.9418  49.4789
0202-05-13_00:06:59.496000      7691.47        8.47666400e-01        8.29591947e-09  49.9744  49.5131
0202-05-13_00:06:59.700000      7691.67        8.57181400e-01        8.23393947e-09  49.9744  49.5131
0202-05-13_00:06:59.902000      7691.87        8.67670000e-01        9.22558947e-09  49.9744  49.5131
0202-05-13_00:07:00.105000      7692.07        8.77100400e-01        7.92404947e-09  49.9744  49.5131
0202-05-13_00:07:00.300000      7692.27        8.87014200e-01        9.16360947e-09  49.9544  49.4847
0202-05-13_00:07:00.508000      7692.48        8.97452400e-01        9.41152947e-09  49.9544  49.4847
0202-05-13_00:07:00.703000      7692.67        9.07044500e-01        1.25104295e-08  49.9544  49.4847
0202-05-13_00:07:00.895000      7692.86        9.16550600e-01        5.87877947e-09  49.9544  49.4847
0202-05-13_00:07:01.100000      7693.07        9.27104500e-01        3.33766947e-09  49.9544  49.4847
0202-05-13_00:07:01.297000      7693.26        9.36951900e-01        3.08975947e-09  49.9709  49.5011
0202-05-13_00:07:01.490000      7693.46        9.46361500e-01        7.61415947e-09  49.9709  49.5011
0202-05-13_00:07:01.690000      7693.66        9.57121700e-01        9.47350947e-09  49.9709  49.5011
0202-05-13_00:07:01.887000      7693.85        9.66918600e-01        1.26343895e-08  49.9709  49.5011
0202-05-13_00:07:02.080000      7694.05        9.76032800e-01        1.08989995e-08  49.9709  49.5011
0202-05-13_00:07:02.285000      7694.25        9.87032000e-01        9.10163947e-09  49.9633  49.4895
0202-05-13_00:07:02.484000      7694.45        9.96394100e-01        1.16843947e-09  49.9633  49.4895
0202-05-13_00:07:02.676000      7694.64        1.00620300e+00        2.84177947e-09  49.9633  49.4895
0202-05-13_00:07:02.880000      7694.85        1.01658800e+00        5.81645947e-09  49.9633  49.4895
0202-05-13_00:07:03.074000      7695.04        1.02640200e+00        1.19520895e-08  49.9633  49.4895
0202-05-13_00:07:03.277000      7695.24        1.03601200e+00        1.15800895e-08  49.9633  49.4895
0202-05-13_00:07:03.477000      7695.45        1.04611200e+00        1.02785495e-08  49.9679  49.5011
0202-05-13_00:07:03.670000      7695.64        1.05641500e+00        9.41085947e-09  49.9679  49.5011
0202-05-13_00:07:03.863000      7695.83        1.06638500e+00        1.13941495e-08  49.9679  49.5011
0202-05-13_00:07:04.066000      7696.04        1.07571300e+00        1.30055795e-08  49.9679  49.5011
0202-05-13_00:07:04.260000      7696.23        1.08635000e+00        1.32534995e-08  49.9679  49.5011
0202-05-13_00:07:04.457000      7696.42        1.09606600e+00        1.20759095e-08  49.9562  49.4822
0202-05-13_00:07:04.660000      7696.63        1.10512900e+00        9.84469947e-09  49.9562  49.4822
0202-05-13_00:07:04.850000      7696.82        1.11578300e+00        6.55985947e-09  49.9562  49.4822
0202-05-13_00:07:05.047000      7697.01        1.12607600e+00        9.84469947e-09  49.9562  49.4822
0202-05-13_00:07:05.270000      7697.24        1.13552800e+00        1.04024995e-08  49.9562  49.4822
0202-05-13_00:07:05.484000      7697.45        1.14602900e+00        1.49888795e-08  49.9814  49.5105
0202-05-13_00:07:05.676000      7697.64        1.15541500e+00        1.08983295e-08  49.9814  49.5105
0202-05-13_00:07:05.883000      7697.85        1.16537200e+00        1.44930595e-08  49.9814  49.5105
0202-05-13_00:07:06.082000      7698.05        1.17585600e+00        7.67546947e-09  49.9814  49.5105
0202-05-13_00:07:06.280000      7698.25        1.18576600e+00        1.06504195e-08  49.9814  49.5105
0202-05-13_00:07:06.492000      7698.46        1.19522100e+00        1.02785495e-08  49.9454  49.4853
0202-05-13_00:07:06.684000      7698.65        1.20544300e+00        9.72074947e-09  49.9454  49.4853
0202-05-13_00:07:06.880000      7698.85        1.21552500e+00        5.69216947e-09  49.9454  49.4853
0202-05-13_00:07:07.082000      7699.05        1.22441000e+00        4.39062947e-09  49.9454  49.4853
0202-05-13_00:07:07.280000      7699.25        1.23556800e+00        7.86139947e-09  49.9658  49.5120
0202-05-13_00:07:07.473000      7699.44        1.24497300e+00        1.17660195e-08  49.9658  49.5120
0202-05-13_00:07:07.680000      7699.65        1.25408700e+00        1.38112995e-08  49.9658  49.5120
0202-05-13_00:07:07.870000      7699.84        1.26487800e+00        1.28196495e-08  49.9658  49.5120
0202-05-13_00:07:08.066000      7700.03        1.27471800e+00        1.45550395e-08  49.9658  49.5120
0202-05-13_00:07:08.273000      7700.24        1.28416000e+00        1.00926095e-08  49.9658  49.5120
0202-05-13_00:07:08.470000      7700.44        1.29487400e+00        6.31194947e-09  49.9527  49.4852
0202-05-13_00:07:08.660000      7700.63        1.30491900e+00        5.25825947e-09  49.9527  49.4852
0202-05-13_00:07:08.867000      7700.84        1.31421400e+00        3.46068947e-09  49.9527  49.4852
0202-05-13_00:07:09.062000      7701.03        1.32445100e+00        7.92283947e-09  49.9527  49.4852
0202-05-13_00:07:09.266000      7701.23        1.33478000e+00        4.94775947e-09  49.9527  49.4852
0202-05-13_00:07:09.473000      7701.44        1.34382300e+00        7.73677947e-09  49.9726  49.5206
0202-05-13_00:07:09.668000      7701.64        1.35418700e+00        7.86072947e-09  49.9726  49.5206
0202-05-13_00:07:09.860000      7701.83        1.36411200e+00        5.69149947e-09  49.9726  49.5206
0202-05-13_00:07:10.070000      7702.04        1.37382700e+00        2.65456947e-09  49.9726  49.5206
0202-05-13_00:07:10.277000      7702.24        1.38371900e+00        2.77852947e-09  49.9504  49.4936
0202-05-13_00:07:10.480000      7702.45        1.39412000e+00        7.73677947e-09  49.9504  49.4936
0202-05-13_00:07:10.676000      7702.64        1.40352200e+00        5.31962947e-09  49.9504  49.4936
0202-05-13_00:07:10.867000      7702.83        1.41356400e+00        8.17061947e-09  49.9504  49.4936
0202-05-13_00:07:11.060000      7703.03        1.42417100e+00        7.67479947e-09  49.9504  49.4936
0202-05-13_00:07:11.285000      7703.25        1.43343800e+00        1.11455695e-08  49.9504  49.4936
0202-05-13_00:07:11.496000      7703.47        1.44384400e+00        9.34820947e-09  49.9600  49.5058
0202-05-13_00:07:11.690000      7703.66        1.45315200e+00        6.00138947e-09  49.9600  49.5058
0202-05-13_00:07:11.900000      7703.87        1.46289700e+00        9.96798947e-09  49.9600  49.5058
0202-05-13_00:07:12.094000      7704.06        1.47328200e+00        6.93105947e-09  49.9600  49.5058
0202-05-13_00:07:12.293000      7704.26        1.48330200e+00        6.93105947e-09  49.9600  49.5058
0202-05-13_00:07:12.500000      7704.47        1.49272100e+00        1.35303947e-09  49.9435  49.4765
0202-05-13_00:07:12.690000      7704.66        1.50333400e+00       -7.24605263e-11  49.9435  49.4765
0202-05-13_00:07:12.883000      7704.85        1.51278400e+00       -1.04805263e-11  49.9435  49.4765
0202-05-13_00:07:13.090000      7705.06        1.52253000e+00        1.22907947e-09  49.9435  49.4765
0202-05-13_00:07:13.290000      7705.26        1.53301300e+00        9.81169474e-10  49.9728  49.5104
0202-05-13_00:07:13.484000      7705.45        1.54327300e+00       -8.16200526e-10  49.9728  49.5104
0202-05-13_00:07:13.680000      7705.65        1.55230900e+00        7.33249474e-10  49.9728  49.5104
0202-05-13_00:07:13.870000      7705.84        1.56244400e+00        5.87742947e-09  49.9728  49.5104
0202-05-13_00:07:14.062000      7706.03        1.57287600e+00        1.66292947e-09  49.9728  49.5104
0202-05-13_00:07:14.280000      7706.25        1.58272300e+00       -1.04805263e-11  49.9728  49.5104
0202-05-13_00:07:14.496000      7706.46        1.59270800e+00       -7.19994053e-09  49.9528  49.4930
0202-05-13_00:07:14.700000      7706.67        1.60271100e+00       -1.43638053e-09  49.9528  49.4930
0202-05-13_00:07:14.890000      7706.86        1.61180000e+00       -3.48225053e-09  49.9528  49.4930
0202-05-13_00:07:15.098000      7707.07        1.62219100e+00        4.45013947e-09  49.9528  49.4930
0202-05-13_00:07:15.293000      7707.26        1.63221500e+00        3.64421947e-09  49.9623  49.5142
0202-05-13_00:07:15.490000      7707.45        1.64170600e+00        7.42487947e-09  49.9623  49.5142
0202-05-13_00:07:15.684000      7707.65        1.65194000e+00        2.90048947e-09  49.9623  49.5142
0202-05-13_00:07:15.875000      7707.84        1.66199000e+00        3.64421947e-09  49.9623  49.5142
0202-05-13_00:07:16.070000      7708.04        1.67142000e+00        5.45319474e-10  49.9623  49.5142
0202-05-13_00:07:16.285000      7708.25        1.68233300e+00        2.40465947e-09  49.9623  49.5142
0202-05-13_00:07:16.484000      7708.45        1.69176100e+00       -5.70280526e-10  49.9321  49.4755
0202-05-13_00:07:16.690000      7708.66        1.70131000e+00        4.26399947e-09  49.9321  49.4755
0202-05-13_00:07:16.883000      7708.85        1.71172600e+00        6.24729947e-09  49.9321  49.4755
0202-05-13_00:07:17.074000      7709.04        1.72157400e+00        4.69784947e-09  49.9321  49.4755
0202-05-13_00:07:17.270000      7709.24        1.73035000e+00        6.07299474e-10  49.9321  49.4755
0202-05-13_00:07:17.470000      7709.43        1.74138000e+00        1.66092947e-09  49.9684  49.5175
0202-05-13_00:07:17.660000      7709.63        1.75150700e+00        1.73449474e-10  49.9684  49.5175
0202-05-13_00:07:17.863000      7709.83        1.76096100e+00        1.22707947e-09  49.9684  49.5175
0202-05-13_00:07:18.055000      7710.02        1.77080000e+00       -8.80170526e-10  49.9684  49.5175
0202-05-13_00:07:18.290000      7710.26        1.78154600e+00       -1.98410526e-10  49.9684  49.5175
0202-05-13_00:07:18.484000      7710.45        1.79098100e+00       -8.18190526e-10  49.9620  49.4999
0202-05-13_00:07:18.688000      7710.66        1.80093700e+00        1.28905947e-09  49.9620  49.4999
0202-05-13_00:07:18.880000      7710.85        1.80993800e+00        2.46663947e-09  49.9620  49.4999
0202-05-13_00:07:19.074000      7711.04        1.82098300e+00        4.44993947e-09  49.9620  49.4999
0202-05-13_00:07:19.285000      7711.25        1.83111200e+00        2.40465947e-09  49.9620  49.4999
0202-05-13_00:07:19.484000      7711.45        1.84024000e+00        1.47498947e-09  49.9698  49.4985
0202-05-13_00:07:19.676000      7711.64        1.85046700e+00        1.04114947e-09  49.9698  49.4985
0202-05-13_00:07:19.875000      7711.84        1.86045100e+00        4.44993947e-09  49.9698  49.4985
0202-05-13_00:07:20.066000      7712.03        1.86996600e+00        4.14004947e-09  49.9698  49.4985
0202-05-13_00:07:20.260000      7712.23        1.87964300e+00        7.05300947e-09  49.9491  49.4758
0202-05-13_00:07:20.460000      7712.43        1.89019100e+00        8.04465947e-09  49.9491  49.4758
0202-05-13_00:07:20.652000      7712.62        1.90003500e+00        7.17702947e-09  49.9491  49.4758
0202-05-13_00:07:20.844000      7712.81        1.90896300e+00        3.52041947e-09  49.9491  49.4758
0202-05-13_00:07:21.047000      7713.01        1.92005900e+00        5.50379947e-09  49.9491  49.4758
0202-05-13_00:07:21.258000      7713.23        1.92989900e+00        4.45023947e-09  49.9491  49.4758
0202-05-13_00:07:21.484000      7713.45        1.94028800e+00        6.55748947e-09  49.9747  49.5243
0202-05-13_00:07:21.684000      7713.65        1.95000600e+00        5.13199947e-09  49.9747  49.5243
0202-05-13_00:07:21.887000      7713.86        1.95953600e+00        5.45619474e-10  49.9747  49.5243
0202-05-13_00:07:22.082000      7714.05        1.96985900e+00       -6.93940526e-10  49.9747  49.5243
0202-05-13_00:07:22.293000      7714.26        1.97979400e+00        1.11779474e-10  49.9747  49.5243
0202-05-13_00:07:22.490000      7714.46        1.98921300e+00        6.86737947e-09  49.9401  49.4852
0202-05-13_00:07:22.680000      7714.65        1.99983600e+00        9.34649947e-09  49.9401  49.4852
0202-05-13_00:07:22.883000      7714.85        2.00917800e+00        7.48715947e-09  49.9401  49.4852
0202-05-13_00:07:23.080000      7715.04        2.01888000e+00        2.34298947e-09  49.9401  49.4852
0202-05-13_00:07:23.297000      7715.26        2.02967800e+00        6.07599474e-10  49.9401  49.4852
0202-05-13_00:07:23.504000      7715.47        2.03877500e+00        3.64451947e-09  49.9572  49.5022
0202-05-13_00:07:23.700000      7715.67        2.04876500e+00        7.67308947e-09  49.9572  49.5022
0202-05-13_00:07:23.890000      7715.86        2.05906800e+00        6.49550947e-09  49.9572  49.5022
0202-05-13_00:07:24.098000      7716.06        2.06909200e+00        1.28935947e-09  49.9572  49.5022
0202-05-13_00:07:24.293000      7716.26        2.07821800e+00        2.97709474e-10  49.9459  49.4742
0202-05-13_00:07:24.484000      7716.45        2.08905700e+00        7.93539474e-10  49.9459  49.4742
0202-05-13_00:07:24.690000      7716.66        2.09858800e+00        2.09506947e-09  49.9459  49.4742
0202-05-13_00:07:24.883000      7716.85        2.10802300e+00        2.52891947e-09  49.9459  49.4742
0202-05-13_00:07:25.074000      7717.04        2.11868700e+00        4.83649474e-10  49.9459  49.4742
0202-05-13_00:07:25.280000      7717.25        2.12868700e+00        2.59089947e-09  49.9834  49.5322
0202-05-13_00:07:25.480000      7717.45        2.13801800e+00        4.32627947e-09  49.9834  49.5322
0202-05-13_00:07:25.676000      7717.64        2.14835000e+00        8.60275947e-09  49.9834  49.5322
0202-05-13_00:07:25.883000      7717.85        2.15832300e+00        4.32627947e-09  49.9834  49.5322
0202-05-13_00:07:26.080000      7718.05        2.16864200e+00       -3.22070526e-10  49.9834  49.5322
0202-05-13_00:07:26.290000      7718.26        2.17797900e+00       -1.12778053e-09  49.9834  49.5322
0202-05-13_00:07:26.496000      7718.46        2.18858000e+00       -7.55910526e-10  49.9433  49.4731
0202-05-13_00:07:26.688000      7718.65        2.19839500e+00        1.28937947e-09  49.9433  49.4731
0202-05-13_00:07:26.880000      7718.85        2.20768800e+00       -2.30532053e-09  49.9433  49.4731
0202-05-13_00:07:27.082000      7719.05        2.21780900e+00       -2.49122053e-09  49.9433  49.4731
0202-05-13_00:07:27.285000      7719.25        2.22798100e+00       -1.80946053e-09  49.9433  49.4731
0202-05-13_00:07:27.477000      7719.44        2.23762000e+00       -2.60010526e-10  49.9698  49.5094
0202-05-13_00:07:27.668000      7719.64        2.24766300e+00        1.35141947e-09  49.9698  49.5094
0202-05-13_00:07:27.863000      7719.83        2.25725200e+00       -6.31880526e-10  49.9698  49.5094
0202-05-13_00:07:28.055000      7720.02        2.26733600e+00       -3.66880053e-09  49.9698  49.5094
0202-05-13_00:07:28.266000      7720.23        2.27753900e+00       -6.08594053e-09  49.9698  49.5094
0202-05-13_00:07:28.460000      7720.43        2.28691300e+00       -6.14792053e-09  49.9411  49.4818
0202-05-13_00:07:28.652000      7720.62        2.29722700e+00       -1.43759053e-09  49.9411  49.4818
0202-05-13_00:07:28.848000      7720.82        2.30734600e+00       -2.36726053e-09  49.9411  49.4818
0202-05-13_00:07:29.043000      7721.01        2.31638300e+00       -2.67715053e-09  49.9411  49.4818
0202-05-13_00:07:29.254000      7721.22        2.32742400e+00       -5.15627053e-09  49.9411  49.4818
0202-05-13_00:07:29.450000      7721.42        2.33695900e+00       -1.18968053e-09  49.9590  49.5096
0202-05-13_00:07:29.640000      7721.61        2.34674800e+00       -2.92506053e-09  49.9590  49.5096
0202-05-13_00:07:29.832000      7721.80        2.35728200e+00       -1.18968053e-09  49.9590  49.5096
0202-05-13_00:07:30.030000      7722.00        2.36707300e+00       -1.10441805e-08  49.9590  49.5096
0202-05-13_00:07:30.240000      7722.21        2.37642300e+00       -9.61869053e-09  49.9590  49.5096
0202-05-13_00:07:30.460000      7722.43        2.38775000e+00       -1.04863805e-08  49.9365  49.4828
0202-05-13_00:07:30.664000      7722.63        2.39678700e+00       -5.71407053e-09  49.9365  49.4828
0202-05-13_00:07:30.863000      7722.83        2.40670800e+00       -3.66880053e-09  49.9365  49.4828
0202-05-13_00:07:31.060000      7723.03        2.41685000e+00       -6.51979053e-09  49.9365  49.4828
0202-05-13_00:07:31.277000      7723.24        2.42683900e+00       -6.95363053e-09  49.9365  49.4828
0202-05-13_00:07:31.490000      7723.46        2.43714800e+00       -7.26352053e-09  49.9511  49.4963
0202-05-13_00:07:31.690000      7723.66        2.44663000e+00       -3.85473053e-09  49.9511  49.4963
0202-05-13_00:07:31.883000      7723.85        2.45600600e+00       -4.16462053e-09  49.9511  49.4963
0202-05-13_00:07:32.090000      7724.06        2.46663100e+00       -1.11681405e-08  49.9511  49.4963
0202-05-13_00:07:32.285000      7724.25        2.47671300e+00       -6.08594053e-09  49.9393  49.4787
0202-05-13_00:07:32.480000      7724.45        2.48556000e+00       -6.95363053e-09  49.9393  49.4787
0202-05-13_00:07:32.688000      7724.65        2.49666600e+00        4.83509474e-10  49.9393  49.4787
0202-05-13_00:07:32.883000      7724.85        2.50617200e+00       -2.86360053e-09  49.9393  49.4787
0202-05-13_00:07:33.074000      7725.04        2.51535100e+00       -2.30601053e-09  49.9393  49.4787
0202-05-13_00:07:33.293000      7725.26        2.52612900e+00       -9.24755053e-09  49.9393  49.4787
0202-05-13_00:07:33.492000      7725.46        2.53586200e+00       -6.21062053e-09  49.9653  49.5282
0202-05-13_00:07:33.695000      7725.66        2.54541700e+00       -3.66953053e-09  49.9653  49.5282
0202-05-13_00:07:33.887000      7725.85        2.55588500e+00       -3.66953053e-09  49.9653  49.5282
0202-05-13_00:07:34.080000      7726.05        2.56587200e+00       -8.56579053e-09  49.9653  49.5282
0202-05-13_00:07:34.297000      7726.26        2.57507100e+00       -1.07969905e-08  49.9653  49.5282
0202-05-13_00:07:34.504000      7726.47        2.58563700e+00       -7.26425053e-09  49.9528  49.4921
0202-05-13_00:07:34.707000      7726.67        2.59553900e+00       -8.25590053e-09  49.9528  49.4921
0202-05-13_00:07:34.900000      7726.87        2.60505000e+00       -7.63612053e-09  49.9528  49.4921
0202-05-13_00:07:35.100000      7727.07        2.61533500e+00       -8.37985053e-09  49.9528  49.4921
0202-05-13_00:07:35.300000      7727.27        2.62546600e+00       -5.15700053e-09  49.9714  49.5049
0202-05-13_00:07:35.492000      7727.46        2.63460300e+00       -6.52051053e-09  49.9714  49.5049
0202-05-13_00:07:35.690000      7727.66        2.64538400e+00       -9.12359053e-09  49.9714  49.5049
0202-05-13_00:07:35.883000      7727.85        2.65523500e+00       -7.07832053e-09  49.9714  49.5049
0202-05-13_00:07:36.074000      7728.04        2.66410000e+00       -6.02469053e-09  49.9714  49.5049
0202-05-13_00:07:36.290000      7728.26        2.67551300e+00       -5.21898053e-09  49.9714  49.5049
0202-05-13_00:07:36.484000      7728.45        2.68512700e+00       -8.87568053e-09  49.9538  49.4800
0202-05-13_00:07:36.676000      7728.65        2.69391300e+00       -2.42997053e-09  49.9538  49.4800
0202-05-13_00:07:36.875000      7728.84        2.70518900e+00       -1.28305263e-11  49.9538  49.4800
0202-05-13_00:07:37.066000      7729.03        2.71487300e+00       -3.22720526e-10  49.9538  49.4800
0202-05-13_00:07:37.270000      7729.24        2.72466400e+00       -3.97942053e-09  49.9538  49.4800
0202-05-13_00:07:37.473000      7729.44        2.73429000e+00       -5.96271053e-09  49.9675  49.5095
0202-05-13_00:07:37.664000      7729.63        2.74459500e+00       -9.30952053e-09  49.9675  49.5095
0202-05-13_00:07:37.855000      7729.82        2.75427000e+00       -1.01152405e-08  49.9675  49.5095
0202-05-13_00:07:38.062000      7730.03        2.76392000e+00       -9.37150053e-09  49.9675  49.5095
0202-05-13_00:07:38.280000      7730.25        2.77433500e+00       -7.63612053e-09  49.9675  49.5095
0202-05-13_00:07:38.492000      7730.46        2.78406600e+00       -1.19124605e-08  49.9467  49.4892
0202-05-13_00:07:38.695000      7730.66        2.79409600e+00       -1.01766505e-08  49.9467  49.4892
0202-05-13_00:07:38.900000      7730.87        2.80460900e+00       -5.27982053e-09  49.9467  49.4892
0202-05-13_00:07:39.090000      7731.06        2.81356000e+00       -7.55150526e-10  49.9467  49.4892
0202-05-13_00:07:39.305000      7731.27        2.82361700e+00       -6.45713053e-09  49.9467  49.4892
0202-05-13_00:07:39.500000      7731.47        2.83409700e+00       -2.80042053e-09  49.9619  49.4927
0202-05-13_00:07:39.690000      7731.66        2.84389400e+00       -6.31190526e-10  49.9619  49.4927
0202-05-13_00:07:39.890000      7731.86        2.85330600e+00        3.64528947e-09  49.9619  49.4927
0202-05-13_00:07:40.082000      7732.05        2.86400300e+00       -4.47383053e-09  49.9619  49.4927
0202-05-13_00:07:40.280000      7732.25        2.87399200e+00       -8.56438053e-09  49.9619  49.4927
0202-05-13_00:07:40.484000      7732.45        2.88274800e+00       -9.30812053e-09  49.9586  49.4937
0202-05-13_00:07:40.676000      7732.64        2.89349200e+00       -6.02328053e-09  49.9586  49.4937
0202-05-13_00:07:40.870000      7732.84        2.90373300e+00       -2.24262053e-09  49.9586  49.4937
0202-05-13_00:07:41.080000      7733.04        2.91309000e+00        6.70349474e-10  49.9586  49.4937
0202-05-13_00:07:41.280000      7733.25        2.92334700e+00        2.28176947e-09  49.9586  49.4937
0202-05-13_00:07:41.492000      7733.46        2.93343200e+00        2.90155947e-09  49.9615  49.5069
0202-05-13_00:07:41.684000      7733.65        2.94292400e+00       -1.43691053e-09  49.9615  49.5069
0202-05-13_00:07:41.887000      7733.85        2.95315200e+00       -4.10196053e-09  49.9615  49.5069
0202-05-13_00:07:42.090000      7734.06        2.96313400e+00       -9.74196053e-09  49.9615  49.5069
0202-05-13_00:07:42.297000      7734.26        2.97237200e+00       -1.06716305e-08  49.9615  49.5069
0202-05-13_00:07:42.500000      7734.47        2.98308400e+00       -1.33366905e-08  49.9483  49.4752
0202-05-13_00:07:42.690000      7734.66        2.99283000e+00       -1.01758105e-08  49.9483  49.4752
0202-05-13_00:07:42.895000      7734.86        3.00261600e+00       -1.11674605e-08  49.9483  49.4752
0202-05-13_00:07:43.098000      7735.06        3.01249300e+00       -6.14724053e-09  49.9483  49.4752
0202-05-13_00:07:43.293000      7735.26        3.02261800e+00       -3.83280526e-10  49.9763  49.5126
0202-05-13_00:07:43.500000      7735.47        3.03243600e+00        1.22814947e-09  49.9763  49.5126
0202-05-13_00:07:43.690000      7735.66        3.04241800e+00       -1.31295053e-09  49.9763  49.5126
0202-05-13_00:07:43.887000      7735.85        3.05244000e+00       -1.00518505e-08  49.9763  49.5126
0202-05-13_00:07:44.090000      7736.06        3.06224500e+00       -7.38680053e-09  49.9763  49.5126
0202-05-13_00:07:44.293000      7736.26        3.07215200e+00       -7.51075053e-09  49.9763  49.5126
0202-05-13_00:07:44.484000      7736.45        3.08240000e+00       -2.61461053e-09  49.9462  49.4844
0202-05-13_00:07:44.688000      7736.66        3.09229600e+00       -2.61507053e-09  49.9462  49.4844
0202-05-13_00:07:44.887000      7736.85        3.10203700e+00       -2.30553053e-09  49.9462  49.4844
0202-05-13_00:07:45.080000      7737.05        3.11167000e+00       -2.73961053e-09  49.9462  49.4844
0202-05-13_00:07:45.280000      7737.25        3.12220800e+00       -7.75983053e-09  49.9462  49.4844
0202-05-13_00:07:45.477000      7737.44        3.13206000e+00       -4.35104053e-09  49.9713  49.5082
0202-05-13_00:07:45.668000      7737.63        3.14105100e+00       -4.28906053e-09  49.9713  49.5082
0202-05-13_00:07:45.863000      7737.83        3.15176500e+00       -3.48335053e-09  49.9713  49.5082
0202-05-13_00:07:46.060000      7738.03        3.16159300e+00       -5.52862053e-09  49.9713  49.5082
0202-05-13_00:07:46.270000      7738.24        3.17104200e+00       -7.94577053e-09  49.9713  49.5082
0202-05-13_00:07:46.477000      7738.44        3.18160500e+00       -9.37126053e-09  49.9504  49.4737
0202-05-13_00:07:46.684000      7738.65        3.19147200e+00       -1.53211505e-08  49.9504  49.4737
0202-05-13_00:07:46.880000      7738.85        3.20103300e+00       -1.91018005e-08  49.9504  49.4737
0202-05-13_00:07:47.074000      7739.04        3.21125300e+00       -1.81721305e-08  49.9504  49.4737
0202-05-13_00:07:47.280000      7739.25        3.22161400e+00       -1.79242205e-08  49.9504  49.4737
0202-05-13_00:07:47.477000      7739.44        3.23058300e+00       -1.66846605e-08  49.9617  49.4998
0202-05-13_00:07:47.670000      7739.64        3.24116000e+00       -1.47013705e-08  49.9617  49.4998
0202-05-13_00:07:47.867000      7739.83        3.25100800e+00       -9.37126053e-09  49.9617  49.4998
0202-05-13_00:07:48.060000      7740.03        3.26004500e+00       -8.00774053e-09  49.9617  49.4998
0202-05-13_00:07:48.280000      7740.25        3.27099100e+00       -5.46665053e-09  49.9617  49.4998
0202-05-13_00:07:48.477000      7740.44        3.28064100e+00       -5.21873053e-09  49.9363  49.4797
0202-05-13_00:07:48.680000      7740.65        3.29020900e+00       -1.31412053e-09  49.9363  49.4797
0202-05-13_00:07:48.870000      7740.84        3.30070500e+00       -3.84450526e-10  49.9363  49.4797
0202-05-13_00:07:49.062000      7741.03        3.31064700e+00       -3.85522053e-09  49.9363  49.4797
0202-05-13_00:07:49.280000      7741.25        3.32014100e+00       -8.00774053e-09  49.9363  49.4797
0202-05-13_00:07:49.480000      7741.45        3.33055400e+00       -9.18533053e-09  49.9560  49.4915
0202-05-13_00:07:49.688000      7741.66        3.34040000e+00       -6.89214053e-09  49.9560  49.4915
0202-05-13_00:07:49.883000      7741.85        3.35012200e+00       -1.10446705e-08  49.9560  49.4915
0202-05-13_00:07:50.074000      7742.04        3.36030800e+00       -8.62752053e-09  49.9560  49.4915
0202-05-13_00:07:50.285000      7742.25        3.37051200e+00       -5.96247053e-09  49.9560  49.4915
0202-05-13_00:07:50.484000      7742.45        3.38007900e+00        2.09494947e-09  49.9442  49.4834
0202-05-13_00:07:50.676000      7742.64        3.38983100e+00        2.36029474e-10  49.9442  49.4834
0202-05-13_00:07:50.883000      7742.85        3.40013700e+00       -1.06494053e-09  49.9442  49.4834
0202-05-13_00:07:51.074000      7743.04        3.40958500e+00       -5.03139053e-09  49.9442  49.4834
0202-05-13_00:07:51.277000      7743.25        3.41986000e+00       -4.78348053e-09  49.9442  49.4834
0202-05-13_00:07:51.484000      7743.45        3.43020600e+00       -9.43183053e-09  49.9591  49.5031
0202-05-13_00:07:51.676000      7743.64        3.43895800e+00       -6.45688053e-09  49.9591  49.5031
0202-05-13_00:07:51.867000      7743.84        3.44956500e+00       -7.07666053e-09  49.9591  49.5031
0202-05-13_00:07:52.074000      7744.04        3.45954600e+00       -5.03139053e-09  49.9591  49.5031
0202-05-13_00:07:52.285000      7744.25        3.46932600e+00       -4.53556053e-09  49.9591  49.5031
0202-05-13_00:07:52.480000      7744.45        3.47952400e+00       -5.89908053e-09  49.9415  49.4720
0202-05-13_00:07:52.670000      7744.64        3.48928700e+00       -6.33293053e-09  49.9415  49.4720
0202-05-13_00:07:52.867000      7744.83        3.49801500e+00       -4.90743053e-09  49.9415  49.4720
0202-05-13_00:07:53.060000      7745.03        3.50914200e+00       -8.16880526e-10  49.9415  49.4720
0202-05-13_00:07:53.260000      7745.23        3.51889300e+00       -5.52721053e-09  49.9415  49.4720
0202-05-13_00:07:53.477000      7745.45        3.52896200e+00       -4.53556053e-09  49.9546  49.4993
0202-05-13_00:07:53.670000      7745.64        3.53904500e+00       -9.49381053e-09  49.9546  49.4993
0202-05-13_00:07:53.863000      7745.83        3.54934200e+00       -7.88238053e-09  49.9546  49.4993
0202-05-13_00:07:54.055000      7746.02        3.55810900e+00       -6.39491053e-09  49.9546  49.4993
0202-05-13_00:07:54.280000      7746.25        3.56899300e+00       -1.80853053e-09  49.9546  49.4993
0202-05-13_00:07:54.490000      7746.46        3.57846200e+00       -8.78860526e-10  49.9360  49.4797
0202-05-13_00:07:54.688000      7746.66        3.58819500e+00        7.94549474e-10  49.9360  49.4797
0202-05-13_00:07:54.883000      7746.85        3.59858400e+00        2.65388947e-09  49.9360  49.4797
0202-05-13_00:07:55.090000      7747.06        3.60799800e+00        4.82311947e-09  49.9360  49.4797
0202-05-13_00:07:55.297000      7747.26        3.61808100e+00       -9.40840526e-10  49.9360  49.4797
0202-05-13_00:07:55.490000      7747.46        3.62817500e+00       -2.05644053e-09  49.9661  49.5139
0202-05-13_00:07:55.684000      7747.65        3.63808500e+00        1.74769474e-10  49.9661  49.5139
0202-05-13_00:07:55.875000      7747.84        3.64805700e+00        5.38091947e-09  49.9661  49.5139
0202-05-13_00:07:56.066000      7748.04        3.65817700e+00        4.76113947e-09  49.9661  49.5139
0202-05-13_00:07:56.280000      7748.25        3.66811700e+00        7.48816947e-09  49.9661  49.5139
0202-05-13_00:07:56.477000      7748.44        3.67786800e+00        3.21162947e-09  49.9347  49.4779
0202-05-13_00:07:56.668000      7748.63        3.68782400e+00        5.87658947e-09  49.9347  49.4779
0202-05-13_00:07:56.875000      7748.84        3.69764000e+00        7.05406947e-09  49.9347  49.4779
0202-05-13_00:07:57.070000      7749.04        3.70771500e+00        1.51731295e-08  49.9347  49.4779
0202-05-13_00:07:57.266000      7749.23        3.71764500e+00        2.01313695e-08  49.9647  49.5128
0202-05-13_00:07:57.477000      7749.45        3.72803800e+00        1.68465295e-08  49.9647  49.5128
0202-05-13_00:07:57.670000      7749.64        3.73722500e+00        1.61647795e-08  49.9647  49.5128
0202-05-13_00:07:57.863000      7749.83        3.74756700e+00        1.26320295e-08  49.9647  49.5128
0202-05-13_00:07:58.066000      7750.04        3.75784000e+00        2.03792795e-08  49.9647  49.5128
0202-05-13_00:07:58.273000      7750.24        3.76714000e+00        1.97594995e-08  49.9647  49.5128
0202-05-13_00:07:58.477000      7750.45        3.77740300e+00        2.21146695e-08  49.9529  49.4944
0202-05-13_00:07:58.670000      7750.64        3.78757700e+00        1.87058695e-08  49.9529  49.4944
0202-05-13_00:07:58.863000      7750.83        3.79655600e+00        1.69704895e-08  49.9529  49.4944
0202-05-13_00:07:59.055000      7751.02        3.80703700e+00        1.67845595e-08  49.9529  49.4944
0202-05-13_00:07:59.277000      7751.24        3.81783300e+00        1.80860895e-08  49.9529  49.4944
0202-05-13_00:07:59.477000      7751.45        3.82682100e+00        2.08751095e-08  49.9602  49.4987
0202-05-13_00:07:59.670000      7751.64        3.83708100e+00        2.47797195e-08  49.9602  49.4987
0202-05-13_00:07:59.875000      7751.84        3.84685200e+00        3.38285095e-08  49.9602  49.4987
0202-05-13_00:08:00.066000      7752.04        3.85674300e+00        4.24434595e-08  49.9602  49.4987
0202-05-13_00:08:00.270000      7752.24        3.86644800e+00        4.97568695e-08  49.9602  49.4987
0202-05-13_00:08:00.477000      7752.44        3.87672400e+00        5.59546695e-08  49.9440  49.4882
0202-05-13_00:08:00.668000      7752.64        3.88688000e+00        5.89296095e-08  49.9440  49.4882
0202-05-13_00:08:00.860000      7752.83        3.89546400e+00        5.88676395e-08  49.9440  49.4882
0202-05-13_00:08:01.066000      7753.04        3.90665600e+00        6.50034595e-08  49.9440  49.4882
0202-05-13_00:08:01.277000      7753.25        3.91660000e+00        6.80403795e-08  49.9440  49.4882
0202-05-13_00:08:01.484000      7753.45        3.92596700e+00        7.43621395e-08  49.9597  49.5046
0202-05-13_00:08:01.676000      7753.64        3.93643500e+00        7.54777495e-08  49.9597  49.5046
0202-05-13_00:08:01.867000      7753.84        3.94566100e+00        8.44645595e-08  49.9597  49.5046
0202-05-13_00:08:02.062000      7754.03        3.95567200e+00        9.02904995e-08  49.9597  49.5046
0202-05-13_00:08:02.273000      7754.24        3.96602000e+00        1.04979289e-07  49.9597  49.5046
0202-05-13_00:08:02.470000      7754.44        3.97572900e+00        1.11487059e-07  49.9478  49.4726
0202-05-13_00:08:02.660000      7754.63        3.98563900e+00        1.19978159e-07  49.9478  49.4726
0202-05-13_00:08:02.867000      7754.84        3.99594600e+00        1.28221399e-07  49.9478  49.4726
0202-05-13_00:08:03.062000      7755.03        4.00571900e+00        1.30266709e-07  49.9478  49.4726
0202-05-13_00:08:03.260000      7755.23        4.01478800e+00        1.39253519e-07  49.9478  49.4726
0202-05-13_00:08:03.465000      7755.43        4.02597700e+00        1.47868469e-07  49.9584  49.5117
0202-05-13_00:08:03.656000      7755.62        4.03598900e+00        1.62557269e-07  49.9584  49.5117
0202-05-13_00:08:03.848000      7755.82        4.04477100e+00        1.73713309e-07  49.9584  49.5117
0202-05-13_00:08:04.055000      7756.02        4.05568200e+00        1.94537939e-07  49.9584  49.5117
0202-05-13_00:08:04.293000      7756.26        4.06576300e+00        2.03896619e-07  49.9584  49.5117
0202-05-13_00:08:04.484000      7756.45        4.07549800e+00        2.16540139e-07  49.9624  49.4900
0202-05-13_00:08:04.690000      7756.66        4.08545600e+00        2.31786739e-07  49.9624  49.4900
0202-05-13_00:08:04.883000      7756.85        4.09527800e+00        2.46537509e-07  49.9624  49.4900
0202-05-13_00:08:05.080000      7757.04        4.10498800e+00        2.56144109e-07  49.9624  49.4900
0202-05-13_00:08:05.273000      7757.24        4.11553500e+00        2.73807849e-07  49.9624  49.4900
0202-05-13_00:08:05.470000      7757.44        4.12467900e+00        2.87938839e-07  49.9809  49.5252
0202-05-13_00:08:05.660000      7757.63        4.13515200e+00        3.03495329e-07  49.9809  49.5252
0202-05-13_00:08:05.855000      7757.82        4.14513800e+00        3.30827639e-07  49.9809  49.5252
0202-05-13_00:08:06.050000      7758.02        4.15406500e+00        3.51342369e-07  49.9809  49.5252
0202-05-13_00:08:06.273000      7758.24        4.16499000e+00        3.75761719e-07  49.9809  49.5252
0202-05-13_00:08:06.473000      7758.44        4.17477100e+00        4.09043929e-07  49.9493  49.4725
0202-05-13_00:08:06.676000      7758.64        4.18428000e+00        4.29248769e-07  49.9493  49.4725
0202-05-13_00:08:06.880000      7758.85        4.19462500e+00        4.53482179e-07  49.9493  49.4725
0202-05-13_00:08:07.082000      7759.05        4.20457800e+00        4.73810979e-07  49.9493  49.4725
0202-05-13_00:08:07.293000      7759.26        4.21415000e+00        5.10068129e-07  49.9493  49.4725
0202-05-13_00:08:07.490000      7759.46        4.22469000e+00        5.39507699e-07  49.9658  49.4977
0202-05-13_00:08:07.684000      7759.65        4.23371900e+00        5.73285729e-07  49.9658  49.4977
0202-05-13_00:08:07.875000      7759.84        4.24410700e+00        6.02105519e-07  49.9658  49.4977
0202-05-13_00:08:08.066000      7760.04        4.25408600e+00        6.29685749e-07  49.9658  49.4977
0202-05-13_00:08:08.280000      7760.25        4.26468100e+00        6.79887959e-07  49.9658  49.4977
0202-05-13_00:08:08.473000      7760.44        4.27371400e+00        7.16269109e-07  49.9358  49.4685
0202-05-13_00:08:08.668000      7760.63        4.28434900e+00        7.56244999e-07  49.9358  49.4685
0202-05-13_00:08:08.870000      7760.84        4.29408400e+00        8.06385289e-07  49.9358  49.4685
0202-05-13_00:08:09.066000      7761.03        4.30371500e+00        8.45183549e-07  49.9358  49.4685
0202-05-13_00:08:09.273000      7761.24        4.31403300e+00        8.82060479e-07  49.9358  49.4685
0202-05-13_00:08:09.480000      7761.45        4.32374800e+00        9.34369949e-07  49.9640  49.4966
0202-05-13_00:08:09.684000      7761.65        4.33326200e+00        9.80853479e-07  49.9640  49.4966
0202-05-13_00:08:09.883000      7761.85        4.34366400e+00        1.04630230e-06  49.9640  49.4966
0202-05-13_00:08:10.080000      7762.04        4.35391200e+00        1.09538891e-06  49.9640  49.4966
0202-05-13_00:08:10.293000      7762.26        4.36287400e+00        1.16096168e-06  49.9640  49.4966
0202-05-13_00:08:10.490000      7762.46        4.37346500e+00        1.21593620e-06  49.9509  49.4925
0202-05-13_00:08:10.680000      7762.65        4.38388400e+00        1.27369973e-06  49.9509  49.4925
0202-05-13_00:08:10.880000      7762.85        4.39267100e+00        1.34788745e-06  49.9509  49.4925
0202-05-13_00:08:11.070000      7763.04        4.40329800e+00        1.38817318e-06  49.9509  49.4925
0202-05-13_00:08:11.285000      7763.25        4.41386100e+00        1.47872310e-06  49.9509  49.4925
0202-05-13_00:08:11.490000      7763.46        4.42329700e+00        1.55303477e-06  49.9667  49.5114
0202-05-13_00:08:11.690000      7763.66        4.43328700e+00        1.64773722e-06  49.9667  49.5114
0202-05-13_00:08:11.883000      7763.85        4.44316600e+00        1.71324801e-06  49.9667  49.5114
0202-05-13_00:08:12.086000      7764.05        4.45266900e+00        1.78904716e-06  49.9667  49.5114
0202-05-13_00:08:12.293000      7764.26        4.46324700e+00        1.89750873e-06  49.9535  49.4933
0202-05-13_00:08:12.484000      7764.45        4.47276300e+00        1.98421601e-06  49.9535  49.4933
0202-05-13_00:08:12.690000      7764.66        4.48197100e+00        2.09819363e-06  49.9535  49.4933
0202-05-13_00:08:12.883000      7764.85        4.49294700e+00        2.18434311e-06  49.9535  49.4933
0202-05-13_00:08:13.080000      7765.04        4.50259500e+00        2.27830182e-06  49.9535  49.4933
0202-05-13_00:08:13.293000      7765.26        4.51260800e+00        2.41037703e-06  49.9535  49.4933
0202-05-13_00:08:13.508000      7765.48        4.52301600e+00        2.51722717e-06  49.9809  49.5139
0202-05-13_00:08:13.710000      7765.68        4.53206800e+00        2.65041798e-06  49.9809  49.5139
0202-05-13_00:08:13.910000      7765.88        4.54202400e+00        2.75497494e-06  49.9809  49.5139
0202-05-13_00:08:14.113000      7766.08        4.55259800e+00        2.90093323e-06  49.9809  49.5139
0202-05-13_00:08:14.312000      7766.28        4.56202400e+00        3.01937318e-06  49.9522  49.4989
0202-05-13_00:08:14.516000      7766.48        4.57160500e+00        3.18262298e-06  49.9522  49.4989
0202-05-13_00:08:14.710000      7766.68        4.58214500e+00        3.31066934e-06  49.9522  49.4989
0202-05-13_00:08:14.902000      7766.87        4.59197200e+00        3.44776457e-06  49.9522  49.4989
0202-05-13_00:08:15.105000      7767.08        4.60198100e+00        3.63679756e-06  49.9522  49.4989
0202-05-13_00:08:15.310000      7767.28        4.61223100e+00        3.77835538e-06  49.9637  49.5062
0202-05-13_00:08:15.516000      7767.48        4.62205800e+00        3.92536727e-06  49.9637  49.5062
0202-05-13_00:08:15.707000      7767.68        4.63130200e+00        4.12667192e-06  49.9637  49.5062
0202-05-13_00:08:15.902000      7767.87        4.64200300e+00        4.29190535e-06  49.9637  49.5062
0202-05-13_00:08:16.094000      7768.06        4.65169800e+00        4.46600164e-06  49.9637  49.5062
0202-05-13_00:08:16.300000      7768.27        4.66091500e+00        4.70635244e-06  49.9637  49.5062
0202-05-13_00:08:16.496000      7768.46        4.67173900e+00        4.88794807e-06  49.9472  49.4831
0202-05-13_00:08:16.688000      7768.66        4.68164100e+00        5.07431600e-06  49.9472  49.4831
0202-05-13_00:08:16.895000      7768.86        4.69132800e+00        5.33735077e-06  49.9472  49.4831
0202-05-13_00:08:17.086000      7769.05        4.70128100e+00        5.47481804e-06  49.9472  49.4831
0202-05-13_00:08:17.293000      7769.26        4.71135300e+00        5.69236092e-06  49.9732  49.5107
0202-05-13_00:08:17.490000      7769.45        4.72107700e+00        5.99382206e-06  49.9732  49.5107
0202-05-13_00:08:17.680000      7769.65        4.73078700e+00        6.22332671e-06  49.9732  49.5107
0202-05-13_00:08:17.883000      7769.85        4.74112400e+00        6.45481465e-06  49.9732  49.5107
0202-05-13_00:08:18.080000      7770.05        4.75101300e+00        6.78199667e-06  49.9732  49.5107
0202-05-13_00:08:18.290000      7770.26        4.76010600e+00        7.02910308e-06  49.9732  49.5107
0202-05-13_00:08:18.490000      7770.46        4.77103000e+00        7.35814444e-06  49.9468  49.4901
0202-05-13_00:08:18.690000      7770.66        4.78078500e+00        7.60872161e-06  49.9468  49.4901
0202-05-13_00:08:18.895000      7770.86        4.79034800e+00        7.96918583e-06  49.9468  49.4901
0202-05-13_00:08:19.090000      7771.06        4.80082700e+00        8.25069004e-06  49.9468  49.4901
0202-05-13_00:08:19.300000      7771.27        4.81109600e+00        8.64573799e-06  49.9664  49.4897
0202-05-13_00:08:19.492000      7771.46        4.82008400e+00        8.93660089e-06  49.9664  49.4897
0202-05-13_00:08:19.688000      7771.65        4.83057200e+00        9.24041719e-06  49.9664  49.4897
0202-05-13_00:08:19.890000      7771.86        4.84072500e+00        9.67258999e-06  49.9664  49.4897
0202-05-13_00:08:20.082000      7772.05        4.84991700e+00        1.00114859e-05  49.9664  49.4897
0202-05-13_00:08:20.280000      7772.25        4.86044100e+00        1.03620960e-05  49.9633  49.4888
0202-05-13_00:08:20.490000      7772.46        4.87040400e+00        1.08304655e-05  49.9633  49.4888
0202-05-13_00:08:20.680000      7772.65        4.87978000e+00        1.11984303e-05  49.9633  49.4888
0202-05-13_00:08:20.875000      7772.84        4.88997900e+00        1.15717249e-05  49.9633  49.4888
0202-05-13_00:08:21.080000      7773.04        4.90019300e+00        1.20965550e-05  49.9633  49.4888
0202-05-13_00:08:21.277000      7773.24        4.90952200e+00        1.24981728e-05  49.9633  49.4888
0202-05-13_00:08:21.470000      7773.44        4.91927000e+00        1.29037571e-05  49.9699  49.5057
0202-05-13_00:08:21.664000      7773.63        4.92991900e+00        1.34629230e-05  49.9699  49.5057
0202-05-13_00:08:21.860000      7773.83        4.93988400e+00        1.39197632e-05  49.9699  49.5057
0202-05-13_00:08:22.050000      7774.02        4.94902000e+00        1.43779049e-05  49.9699  49.5057
0202-05-13_00:08:22.260000      7774.23        4.95985800e+00        1.50196876e-05  49.9699  49.5057
0202-05-13_00:08:22.457000      7774.42        4.96932600e+00        1.55015669e-05  49.9471  49.4813
0202-05-13_00:08:22.650000      7774.62        4.97860400e+00        1.59913794e-05  49.9471  49.4813
0202-05-13_00:08:22.850000      7774.82        4.98902600e+00        1.74305097e-05  49.9471  49.4813
0202-05-13_00:08:23.043000      7775.01        4.99951700e+00        1.75229189e-05  49.9471  49.4813
0202-05-13_00:08:23.258000      7775.22        5.00924000e+00        1.78056628e-05  49.9471  49.4813
0202-05-13_00:08:23.450000      7775.42        5.01927900e+00        1.93715381e-05  49.9552  49.4999
0202-05-13_00:08:23.640000      7775.61        5.02961800e+00        1.94722524e-05  49.9552  49.4999
0202-05-13_00:08:23.844000      7775.81        5.03926600e+00        1.97550582e-05  49.9552  49.4999
0202-05-13_00:08:24.035000      7776.00        5.04845900e+00        2.08876450e-05  49.9552  49.4999