# Tc = 0.00 K, f23-anneal150k
#datetime                        t_s     iHTS_A                vHTS_V                tHTS_K  tTAR_K
0202-11-02_00:24:52.400000      899.79        3.15944200e-03        1.75764876e-06  76.2784  75.3362
0202-11-02_00:24:54.477000      901.86        3.32841100e-03        1.75256644e-06  76.2390  75.3163
0202-11-02_00:24:56.550000      903.94        3.57707700e-03        1.75191584e-06  76.3066  75.3101
0202-11-02_00:24:58.645000      906.03        2.96769500e-03        1.75523159e-06  76.3524  75.3046
0202-11-02_00:25:00.773000      908.16        3.06178900e-03        1.74915763e-06  76.2309  75.2918
0202-11-02_00:25:02.860000      910.25        3.46361500e-03        1.75334102e-06  76.2134  75.2825
0202-11-02_00:25:04.938000      912.32        3.25991900e-03        1.75513832e-06  76.2039  75.2838
0202-11-02_00:25:07.016000      914.40        3.17198500e-03        1.75637764e-06  76.1820  75.2728
0202-11-02_00:25:09.100000      916.49        3.32833800e-03        1.75851468e-06  76.2034  75.2593
0202-11-02_00:25:11.242000      918.63        3.63332600e-03        1.75206886e-06  76.1760  75.2630
0202-11-02_00:25:13.332000      920.72        3.49901100e-03        1.75618998e-06  76.1208  75.2699
0202-11-02_00:25:15.406000      922.79        3.40417600e-03        1.74918609e-06  76.1873  75.2612
0202-11-02_00:25:17.492000      924.88        3.25220300e-03        1.74655194e-06  76.1456  75.2516
0202-11-02_00:25:19.580000      926.97        2.98038600e-03        1.74754472e-06  76.2032  75.2534
0202-11-02_00:25:21.730000      929.12        3.36262100e-03        1.74971388e-06  76.2001  75.2550
0202-11-02_00:25:23.832000      931.22        3.46057300e-03        1.75789495e-06  76.1554  75.2526
0202-11-02_00:25:25.918000      933.31        3.05548000e-03        1.75206936e-06  76.0556  75.2568
0202-11-02_00:25:27.996000      935.38        3.18875400e-03        1.75089170e-06  76.1892  75.2644
0202-11-02_00:25:30.082000      937.47        3.08471800e-03        1.75312251e-06  76.1232  75.2796
0202-11-02_00:25:32.210000      939.60        3.22103500e-03        1.74645864e-06  76.1095  75.2877
0202-11-02_00:25:34.316000      941.70        3.28099400e-03        1.74574583e-06  76.1563  75.3079
0202-11-02_00:25:36.390000      943.78        3.30793100e-03        1.75392719e-06  76.1339  75.3036
0202-11-02_00:25:38.470000      945.86        3.19936600e-03        1.75234709e-06  76.1506  75.3084
0202-11-02_00:25:40.566000      947.95        3.54494400e-03        1.75268788e-06  76.0952  75.3193
0202-11-02_00:25:42.652000      950.04        3.16396900e-03        1.74720145e-06  76.0935  75.3342
0202-11-02_00:25:44.760000      952.15        2.59139500e-03        1.74450536e-06  76.1315  75.3282
0202-11-02_00:25:46.836000      954.22        2.81846600e-03        1.74865783e-06  76.2000  75.3459
0202-11-02_00:25:48.920000      956.31        3.02223500e-03        1.75749028e-06  76.2212  75.3612
0202-11-02_00:25:51.016000      958.40        3.34399300e-03        1.75119939e-06  76.1072  75.3591
0202-11-02_00:25:53.105000      960.49        3.34124700e-03        1.74909253e-06  76.2287  75.3829
0202-11-02_00:25:55.207000      962.59        3.30867100e-03        1.75055041e-06  76.1066  75.3966
0202-11-02_00:25:57.312000      964.70        3.34206600e-03        1.74949672e-06  76.1855  75.4159
0202-11-02_00:25:59.410000      966.80        2.80340400e-03        1.75259563e-06  76.0637  75.4295
0202-11-02_00:26:01.496000      968.88        3.36536700e-03        1.74980665e-06  76.1882  75.4442
0202-11-02_00:26:03.582000      970.97        3.13391800e-03        1.75256464e-06  76.0459  75.4719
0202-11-02_00:26:05.680000      973.07        3.01830600e-03        1.74553030e-06  76.1073  75.4688
0202-11-02_00:26:07.785000      975.17        3.04806100e-03        1.75058155e-06  76.2103  75.4790
0202-11-02_00:26:09.860000      977.25        3.07262300e-03        1.74717268e-06  76.1557  75.4934
0202-11-02_00:26:11.938000      979.33        2.92435900e-03        1.75274967e-06  76.1479  75.5157
0202-11-02_00:26:14.030000      981.42        2.88747800e-03        1.74999157e-06  76.2785  75.5532
0202-11-02_00:26:16.105000      983.49        2.80822600e-03        1.75352399e-06  76.0784  75.5528
0202-11-02_00:26:18.195000      985.59        2.82930000e-03        1.75188024e-06  76.2246  75.5829
0202-11-02_00:26:20.305000      987.69        2.97941900e-03        1.75135336e-06  76.1469  75.5902
0202-11-02_00:26:22.383000      989.77        3.14905500e-03        1.75116741e-06  76.1549  75.5900
0202-11-02_00:26:24.470000      991.86        2.94469200e-03        1.75389441e-06  76.1863  75.6092
0202-11-02_00:26:26.555000      993.94        3.19907100e-03        1.74949391e-06  76.2629  75.6496
0202-11-02_00:26:28.637000      996.02        2.74856500e-03        1.75330557e-06  76.2968  75.6753
0202-11-02_00:26:30.754000      998.14        2.68771600e-03        1.75888358e-06  76.2539  75.6801
0202-11-02_00:26:32.832000      1000.22        2.66040900e-03        1.75469998e-06  76.1918  75.7042
0202-11-02_00:26:34.910000      1002.30        2.59347500e-03        1.75076423e-06  76.2986  75.7212
0202-11-02_00:26:37             1004.39        2.90521500e-03        1.75934817e-06  76.1724  75.7255
0202-11-02_00:26:39.082000      1006.47        3.10586900e-03        1.75665208e-06  76.2836  75.7483
0202-11-02_00:26:41.234000      1008.62        2.93972100e-03        1.74986623e-06  76.2447  75.7753
0202-11-02_00:26:43.332000      1010.72        2.87694200e-03        1.75392579e-06  76.2754  75.8141
0202-11-02_00:26:45.430000      1012.82        3.02045700e-03        1.75119800e-06  76.2365  75.8195
0202-11-02_00:26:47.520000      1014.91        3.29338800e-03        1.75172396e-06  76.3008  75.8325
0202-11-02_00:26:49.610000      1017.00        2.92428500e-03        1.75534966e-06  76.3529  75.8565
0202-11-02_00:26:51.727000      1019.11        3.08063700e-03        1.75277774e-06  76.3315  75.8533
0202-11-02_00:26:53.820000      1021.21        2.72979100e-03        1.75733329e-06  76.3853  75.8862
0202-11-02_00:26:55.914000      1023.30        2.96146200e-03        1.75618664e-06  76.3766  75.9148
0202-11-02_00:26:58             1025.39        3.26110700e-03        1.75755091e-06  76.4267  75.9238
0202-11-02_00:27:00.080000      1027.47        3.20634200e-03        1.75690010e-06  76.4023  75.9446
0202-11-02_00:27:02.203000      1029.59        3.20797400e-03        1.75575346e-06  76.3706  75.9635
0202-11-02_00:27:04.310000      1031.70        2.95389200e-03        1.75817179e-06  76.4197  75.9875
0202-11-02_00:27:06.387000      1033.77        2.83375200e-03        1.75377126e-06  76.3483  76.0086
0202-11-02_00:27:08.460000      1035.85        2.84970700e-03        1.75584792e-06  76.4937  76.0297
0202-11-02_00:27:10.540000      1037.93        3.34547700e-03        1.75978415e-06  76.4666  76.0581
0202-11-02_00:27:12.633000      1040.02        2.84124700e-03        1.75715004e-06  76.5326  76.0807
0202-11-02_00:27:14.773000      1042.16        2.80466300e-03        1.75622009e-06  76.6268  76.0892
0202-11-02_00:27:16.860000      1044.25        2.92524800e-03        1.76371920e-06  76.6038  76.1182
0202-11-02_00:27:18.957000      1046.34        3.13584500e-03        1.75866789e-06  76.5672  76.1232
0202-11-02_00:27:21.035000      1048.42        3.17012800e-03        1.76077527e-06  76.5809  76.1429
0202-11-02_00:27:23.113000      1050.50        2.70441200e-03        1.76564054e-06  76.6184  76.1685
0202-11-02_00:27:25.277000      1052.67        3.54190300e-03        1.76102310e-06  76.5752  76.1975
0202-11-02_00:27:27.370000      1054.76        3.08753900e-03        1.75900819e-06  76.5911  76.2180
0202-11-02_00:27:29.453000      1056.84        3.03656000e-03        1.75804753e-06  76.6429  76.2371
0202-11-02_00:27:31.555000      1058.94        3.26533800e-03        1.75913193e-06  76.6474  76.2580
0202-11-02_00:27:33.633000      1061.02        2.94847800e-03        1.76381078e-06  76.7077  76.2717
0202-11-02_00:27:35.785000      1063.17        2.92666100e-03        1.76071184e-06  76.6326  76.2719
0202-11-02_00:27:37.860000      1065.25        2.63124700e-03        1.75395550e-06  76.7951  76.3131
0202-11-02_00:27:39.938000      1067.33        2.86262200e-03        1.76483208e-06  76.6146  76.3119
0202-11-02_00:27:42.023000      1069.41        2.61506900e-03        1.75922302e-06  76.8021  76.3608
0202-11-02_00:27:44.117000      1071.51        3.19439700e-03        1.75838578e-06  76.7823  76.3714
0202-11-02_00:27:46.273000      1073.66        2.82373700e-03        1.76318892e-06  76.7932  76.3819
0202-11-02_00:27:48.370000      1075.76        3.60906100e-03        1.76572997e-06  76.6753  76.3858
0202-11-02_00:27:50.450000      1077.84        2.89645800e-03        1.76142269e-06  76.8194  76.4184
0202-11-02_00:27:52.547000      1079.93        3.13940900e-03        1.76306509e-06  76.8301  76.4385
0202-11-02_00:27:54.620000      1082.01        3.39705400e-03        1.76489333e-06  76.8484  76.4639
0202-11-02_00:27:56.754000      1084.14        3.37041400e-03        1.76253779e-06  76.8851  76.4966
0202-11-02_00:27:58.855000      1086.25        3.09147300e-03        1.77118372e-06  76.8360  76.5066
0202-11-02_00:28:00.934000      1088.32        3.06260700e-03        1.76653617e-06  76.8799  76.5259
0202-11-02_00:28:03.010000      1090.40        2.89579100e-03        1.76712567e-06  76.9647  76.5261
0202-11-02_00:28:05.105000      1092.49        3.22474800e-03        1.76731158e-06  76.9180  76.5519
0202-11-02_00:28:07.240000      1094.63        3.49960800e-03        1.76817957e-06  76.8989  76.5693
0202-11-02_00:28:09.320000      1096.71        3.28574500e-03        1.76687815e-06  76.9692  76.6184
0202-11-02_00:28:11.395000      1098.78        3.16085700e-03        1.76694009e-06  77.0538  76.6370
0202-11-02_00:28:13.473000      1100.86        3.21606600e-03        1.77236285e-06  77.0288  76.6473
0202-11-02_00:28:15.570000      1102.96        2.97289200e-03        1.76439862e-06  76.9303  76.6721
0202-11-02_00:28:17.656000      1105.05        3.09577700e-03        1.77230087e-06  76.9877  76.6700
0202-11-02_00:28:19.773000      1107.16        2.80177100e-03        1.76632070e-06  76.9992  76.6874
0202-11-02_00:28:21.850000      1109.24        2.80830100e-03        1.77130994e-06  77.0145  76.7060
0202-11-02_00:28:23.930000      1111.32        2.99945500e-03        1.76644458e-06  77.1036  76.7369
0202-11-02_00:28:26.004000      1113.39        2.86039300e-03        1.76904761e-06  77.1519  76.7586
0202-11-02_00:28:28.100000      1115.49        3.06379200e-03        1.76852078e-06  77.1401  76.7816
0202-11-02_00:28:30.195000      1117.58        2.86766500e-03        1.77388168e-06  77.0844  76.7906
0202-11-02_00:28:32.290000      1119.68        2.95441200e-03        1.77323071e-06  77.1284  76.8313
0202-11-02_00:28:34.380000      1121.77        3.26177500e-03        1.76204362e-06  77.0872  76.8208
0202-11-02_00:28:36.457000      1123.84        2.94729000e-03        1.77239298e-06  77.2427  76.8425
0202-11-02_00:28:38.543000      1125.93        3.04546500e-03        1.77090531e-06  77.2730  76.8592
0202-11-02_00:28:40.630000      1128.02        2.86069200e-03        1.77084332e-06  77.2073  76.8640
0202-11-02_00:28:42.760000      1130.15        2.96569400e-03        1.77152477e-06  77.2576  76.8941
0202-11-02_00:28:44.860000      1132.25        3.07722500e-03        1.77657600e-06  77.3352  76.9116
0202-11-02_00:28:46.945000      1134.33        3.28967800e-03        1.77307368e-06  77.3127  76.9353
0202-11-02_00:28:49.030000      1136.42        3.12249100e-03        1.77713225e-06  77.2803  76.9535
0202-11-02_00:28:51.117000      1138.51        3.11195200e-03        1.77164717e-06  77.3046  76.9681
0202-11-02_00:28:53.207000      1140.59        2.89304300e-03        1.77375456e-06  77.2720  76.9885
0202-11-02_00:28:55.305000      1142.69        2.96250100e-03        1.77062480e-06  77.3565  77.0209
0202-11-02_00:28:57.395000      1144.78        2.98454000e-03        1.77394063e-06  77.4029  77.0302
0202-11-02_00:28:59.470000      1146.86        3.19929300e-03        1.77496285e-06  77.4985  77.0480
0202-11-02_00:29:01.560000      1148.95        3.28826700e-03        1.77483874e-06  77.4180  77.0608
0202-11-02_00:29:03.650000      1151.04        3.02557700e-03        1.77731788e-06  77.4517  77.0808
0202-11-02_00:29:05.742000      1153.13        2.90669900e-03        1.77660607e-06  77.4702  77.1048
0202-11-02_00:29:07.844000      1155.23        3.19135500e-03        1.77294935e-06  77.4017  77.1189
0202-11-02_00:29:09.918000      1157.31        3.33709600e-03        1.77601736e-06  77.4043  77.1342
0202-11-02_00:29:11.996000      1159.38        2.84021100e-03        1.76960343e-06  77.4639  77.1549
0202-11-02_00:29:14.082000      1161.47        2.97415400e-03        1.77890017e-06  77.5584  77.1817
0202-11-02_00:29:16.234000      1163.62        3.20590000e-03        1.78717399e-06  77.5823  77.1723
0202-11-02_00:29:18.340000      1165.73        3.03759900e-03        1.77152431e-06  77.5542  77.2014
0202-11-02_00:29:20.426000      1167.81        2.78589100e-03        1.78007741e-06  77.6059  77.2304
0202-11-02_00:29:22.504000      1169.89        3.09421800e-03        1.77924156e-06  77.5663  77.2488
0202-11-02_00:29:24.580000      1171.97        3.34214000e-03        1.78169020e-06  77.6227  77.2589
0202-11-02_00:29:26.754000      1174.14        3.20263200e-03        1.78116340e-06  77.6535  77.2818
0202-11-02_00:29:28.832000      1176.22        3.38243300e-03        1.77976793e-06  77.7179  77.2972
0202-11-02_00:29:30.918000      1178.31        3.19090700e-03        1.77673100e-06  77.7493  77.3096
0202-11-02_00:29:33.008000      1180.40        3.30214100e-03        1.77496459e-06  77.6482  77.3151
0202-11-02_00:29:35.094000      1182.48        3.32136100e-03        1.78652318e-06  77.6728  77.3470
0202-11-02_00:29:37.260000      1184.65        3.10007800e-03        1.78797964e-06  77.7524  77.3686
0202-11-02_00:29:39.340000      1186.73        3.21606300e-03        1.77580100e-06  77.7352  77.3916
0202-11-02_00:29:41.418000      1188.81        2.97036600e-03        1.78302157e-06  77.6356  77.4070
0202-11-02_00:29:43.492000      1190.88        3.09711100e-03        1.78556266e-06  77.7127  77.4236
0202-11-02_00:29:45.582000      1192.97        3.45738300e-03        1.78543820e-06  77.8060  77.4323
0202-11-02_00:29:47.703000      1195.09        3.32247800e-03        1.78153325e-06  77.7763  77.4430
0202-11-02_00:29:49.805000      1197.19        3.39920800e-03        1.78184314e-06  77.8475  77.4659
0202-11-02_00:29:51.880000      1199.27        3.56231200e-03        1.78215321e-06  77.8825  77.4907
0202-11-02_00:29:53.957000      1201.35        3.66367800e-03        1.78757636e-06  77.8684  77.5102
0202-11-02_00:29:56.043000      1203.43        3.25917800e-03        1.77939521e-06  77.9015  77.5330
0202-11-02_00:29:58.195000      1205.58        3.47252100e-03        1.78646156e-06  77.9118  77.5449
0202-11-02_00:30:00.290000      1207.68        3.00272200e-03        1.79151278e-06  78.0085  77.5798
0202-11-02_00:30:02.390000      1209.78        3.39067300e-03        1.78859951e-06  77.9093  77.5685
0202-11-02_00:30:04.470000      1211.86        3.89898500e-03        1.78416743e-06  78.0127  77.5922
0202-11-02_00:30:06.570000      1213.96        3.16946300e-03        1.78255601e-06  78.0322  77.6237
0202-11-02_00:30:08.645000      1216.03        3.32826500e-03        1.78184344e-06  78.0051  77.6356
0202-11-02_00:30:10.742000      1218.13        3.47519300e-03        1.78881611e-06  78.0010  77.6513
0202-11-02_00:30:12.832000      1220.22        2.87909500e-03        1.78255628e-06  78.0370  77.6593
0202-11-02_00:30:14.906000      1222.30        3.30140300e-03        1.78980775e-06  78.1003  77.6705
0202-11-02_00:30:16.996000      1224.38        3.08746600e-03        1.78881612e-06  78.0230  77.6894
0202-11-02_00:30:19.090000      1226.48        3.55184900e-03        1.78866114e-06  78.2256  77.7314
0202-11-02_00:30:21.266000      1228.66        3.36329000e-03        1.78642905e-06  78.0708  77.7260
0202-11-02_00:30:23.348000      1230.73        3.34459100e-03        1.78751366e-06  78.0459  77.7640
0202-11-02_00:30:25.420000      1232.81        3.03440900e-03        1.79346392e-06  78.1832  77.7681
0202-11-02_00:30:27.500000      1234.89        2.99738000e-03        1.79318673e-06  78.1509  77.7781
0202-11-02_00:30:29.586000      1236.97        2.97853200e-03        1.78931309e-06  78.2668  77.8116
0202-11-02_00:30:31.707000      1239.10        2.98365300e-03        1.78680327e-06  78.2156  77.8372
0202-11-02_00:30:33.800000      1241.19        2.93208000e-03        1.78953051e-06  78.1804  77.8421
0202-11-02_00:30:35.875000      1243.26        3.15284300e-03        1.79448876e-06  78.1613  77.8604
0202-11-02_00:30:37.953000      1245.34        3.41011500e-03        1.79256710e-06  78.1880  77.8815
0202-11-02_00:30:40.040000      1247.43        2.96049800e-03        1.79532495e-06  78.3777  77.8823
0202-11-02_00:30:42.195000      1249.59        2.83813100e-03        1.79383745e-06  78.3324  77.9119
0202-11-02_00:30:44.280000      1251.67        2.98164700e-03        1.79247480e-06  78.2672  77.9174
0202-11-02_00:30:46.375000      1253.76        3.19855200e-03        1.79411724e-06  78.4081  77.9451
0202-11-02_00:30:48.453000      1255.84        3.08427400e-03        1.79145220e-06  78.3202  77.9676
0202-11-02_00:30:50.540000      1257.93        2.95686100e-03        1.79684363e-06  78.4749  77.9922
0202-11-02_00:30:52.640000      1260.03        3.26407400e-03        1.79932273e-06  78.3956  78.0036
0202-11-02_00:30:54.746000      1262.13        3.25197900e-03        1.79554163e-06  78.3269  78.0045
0202-11-02_00:30:56.830000      1264.21        3.13473400e-03        1.79411574e-06  78.4056  78.0263
0202-11-02_00:30:58.902000      1266.29        3.60342100e-03        1.79485948e-06  78.3390  78.0454
0202-11-02_00:31:00.990000      1268.38        3.40165300e-03        1.79275214e-06  78.4409  78.0573
0202-11-02_00:31:03.080000      1270.47        3.60304800e-03        1.78934331e-06  78.4325  78.0540
0202-11-02_00:31:05.190000      1272.58        3.44988700e-03        1.79690464e-06  78.5467  78.0945
0202-11-02_00:31:07.300000      1274.69        3.31468200e-03        1.79488971e-06  78.4474  78.0950
0202-11-02_00:31:09.387000      1276.78        3.53463000e-03        1.79677999e-06  78.6967  78.1622
0202-11-02_00:31:11.473000      1278.86        3.46539700e-03        1.79901120e-06  78.4699  78.1514
0202-11-02_00:31:13.550000      1280.94        3.44513700e-03        1.79674900e-06  78.5346  78.1667
0202-11-02_00:31:15.637000      1283.02        3.44862500e-03        1.80040570e-06  78.5798  78.1853
0202-11-02_00:31:17.766000      1285.15        3.34028400e-03        1.80409363e-06  78.6347  78.2005
0202-11-02_00:31:19.863000      1287.25        3.05355100e-03        1.79532420e-06  78.5784  78.2107
0202-11-02_00:31:21.965000      1289.35        3.05251200e-03        1.80192490e-06  78.5902  78.2341
0202-11-02_00:31:24.040000      1291.43        3.33642500e-03        1.79402288e-06  78.6508  78.2657
0202-11-02_00:31:26.130000      1293.52        3.13206100e-03        1.80505510e-06  78.7136  78.2812
0202-11-02_00:31:28.273000      1295.66        3.37931500e-03        1.79454976e-06  78.7411  78.3011
0202-11-02_00:31:30.360000      1297.75        3.53099300e-03        1.80133677e-06  78.6875  78.2859
0202-11-02_00:31:32.445000      1299.84        3.09651700e-03        1.80046918e-06  78.7829  78.3281
0202-11-02_00:31:34.540000      1301.93        3.13488200e-03        1.79600673e-06  78.6681  78.3288
0202-11-02_00:31:36.620000      1304.01        3.25272100e-03        1.80629485e-06  78.7300  78.3630
0202-11-02_00:31:38.734000      1306.12        3.61655400e-03        1.79857856e-06  78.8015  78.3808
0202-11-02_00:31:40.816000      1308.20        3.27461300e-03        1.80294797e-06  78.7204  78.3937
0202-11-02_00:31:42.890000      1310.28        3.24767600e-03        1.80443509e-06  78.7137  78.3994
0202-11-02_00:31:44.990000      1312.38        3.08969200e-03        1.80164605e-06  78.8044  78.4246
0202-11-02_00:31:47.080000      1314.47        3.31513000e-03        1.80111916e-06  78.7870  78.4479
0202-11-02_00:31:49.223000      1316.61        3.37724000e-03        1.80353628e-06  78.8192  78.4529
0202-11-02_00:31:51.310000      1318.69        3.03841400e-03        1.80400110e-06  78.8763  78.4751
0202-11-02_00:31:53.383000      1320.77        2.80956200e-03        1.80641770e-06  78.8657  78.4908
0202-11-02_00:31:55.460000      1322.85        3.13369400e-03        1.80300865e-06  78.8903  78.5128
0202-11-02_00:31:57.547000      1324.94        3.35260200e-03        1.80771899e-06  78.9105  78.5305
0202-11-02_00:31:59.645000      1327.03        3.43831000e-03        1.80558050e-06  78.9069  78.5543
0202-11-02_00:32:01.760000      1329.15        3.18393100e-03        1.80390709e-06  78.9317  78.5719
0202-11-02_00:32:03.844000      1331.23        3.11573500e-03        1.80365919e-06  79.0850  78.6070
0202-11-02_00:32:05.930000      1333.32        2.74285000e-03        1.80604532e-06  78.9145  78.6074
0202-11-02_00:32:08.020000      1335.41        2.82700100e-03        1.80396904e-06  78.9781  78.6216
0202-11-02_00:32:10.094000      1337.48        2.63065000e-03        1.80744013e-06  78.9860  78.6404
0202-11-02_00:32:12.215000      1339.60        2.89178100e-03        1.80486830e-06  78.9991  78.6443
0202-11-02_00:32:14.320000      1341.71        3.46264800e-03        1.80976460e-06  78.9605  78.6736
0202-11-02_00:32:16.410000      1343.80        3.30251200e-03        1.81298766e-06  79.0466  78.6932
0202-11-02_00:32:18.496000      1345.88        3.16634400e-03        1.80771962e-06  79.0455  78.7114
0202-11-02_00:32:20.582000      1347.97        3.22860300e-03        1.80607720e-06  79.0880  78.6993
0202-11-02_00:32:22.670000      1350.06        3.34903900e-03        1.80874187e-06  79.1590  78.7265
0202-11-02_00:32:24.770000      1352.16        3.59273100e-03        1.80787414e-06  79.1794  78.7503
0202-11-02_00:32:26.867000      1354.25        3.40825600e-03        1.80660358e-06  79.2290  78.7680
0202-11-02_00:32:28.960000      1356.35        2.85920600e-03        1.81069405e-06  79.1831  78.7834
0202-11-02_00:32:31.040000      1358.43        3.29739400e-03        1.80973339e-06  79.2242  78.8000
0202-11-02_00:32:33.125000      1360.51        3.15610500e-03        1.80734699e-06  79.2112  78.8232
0202-11-02_00:32:35.277000      1362.66        3.14920200e-03        1.81205679e-06  79.2083  78.8497
0202-11-02_00:32:37.363000      1364.75        3.27156900e-03        1.81456691e-06  79.1688  78.8668
0202-11-02_00:32:39.450000      1366.84        3.23943700e-03        1.81270848e-06  79.2941  78.8931
0202-11-02_00:32:41.527000      1368.92        3.53158700e-03        1.81577696e-06  79.2771  78.9117
0202-11-02_00:32:43.613000      1371.00        3.35326800e-03        1.81332882e-06  79.2920  78.9283
0202-11-02_00:32:45.723000      1373.11        3.44372600e-03        1.81639725e-06  79.2890  78.9520
0202-11-02_00:32:47.812000      1375.20        3.34562600e-03        1.81354636e-06  79.4547  78.9650
0202-11-02_00:32:49.906000      1377.29        3.67658500e-03        1.81497185e-06  79.2896  78.9763
0202-11-02_00:32:51.990000      1379.38        3.42384100e-03        1.81407449e-06  79.3770  79.0012
0202-11-02_00:32:54.090000      1381.48        3.46302200e-03        1.82008640e-06  79.2943  79.0030
0202-11-02_00:32:56.240000      1383.62        3.50576600e-03        1.81872280e-06  79.3282  79.0207
0202-11-02_00:32:58.324000      1385.71        3.43512300e-03        1.81518983e-06  79.3499  79.0323
0202-11-02_00:33:00.418000      1387.81        3.21636300e-03        1.81410519e-06  79.3777  79.0673
0202-11-02_00:33:02.496000      1389.88        3.44091200e-03        1.81890764e-06  79.3520  79.0675
0202-11-02_00:33:04.582000      1391.97        3.27513500e-03        1.81639696e-06  79.4681  79.1030
0202-11-02_00:33:06.740000      1394.13        2.85186200e-03        1.81912398e-06  79.4804  79.1022
0202-11-02_00:33:08.836000      1396.23        3.39178600e-03        1.81345255e-06  79.5385  79.1114
0202-11-02_00:33:10.914000      1398.30        3.43170900e-03        1.81909241e-06  79.4709  79.1342
0202-11-02_00:33:12.992000      1400.38        3.27060600e-03        1.81686119e-06  79.5443  79.1485
0202-11-02_00:33:15.070000      1402.46        3.31631500e-03        1.81794450e-06  79.5305  79.1565
0202-11-02_00:33:17.164000      1404.55        3.33412400e-03        1.82042363e-06  79.5927  79.1933
0202-11-02_00:33:19.277000      1406.67        3.01719000e-03        1.82271682e-06  79.6518  79.2079
0202-11-02_00:33:21.370000      1408.76        3.22660000e-03        1.82476217e-06  79.6497  79.2481
0202-11-02_00:33:23.450000      1410.84        3.24804600e-03        1.82318173e-06  79.7272  79.2637
0202-11-02_00:33:25.523000      1412.91        3.01793200e-03        1.81971168e-06  79.6708  79.2923
0202-11-02_00:33:27.600000      1414.99        3.16961000e-03        1.82154063e-06  79.7223  79.3069
0202-11-02_00:33:29.720000      1417.11        3.27661600e-03        1.81438213e-06  79.6700  79.2978
0202-11-02_00:33:31.810000      1419.20        3.26645000e-03        1.82166444e-06  79.6853  79.3188
0202-11-02_00:33:33.900000      1421.29        3.43749600e-03        1.82498020e-06  79.6676  79.3482
0202-11-02_00:33:35.977000      1423.36        3.35253000e-03        1.82141643e-06  79.6937  79.3537
0202-11-02_00:33:38.055000      1425.44        3.22741900e-03        1.81983725e-06  79.6553  79.3752
0202-11-02_00:33:40.133000      1427.52        3.22259400e-03        1.81924861e-06  79.7407  79.4047
0202-11-02_00:33:42.270000      1429.66        3.16493500e-03        1.82383500e-06  79.7180  79.4002
0202-11-02_00:33:44.363000      1431.75        3.38399200e-03        1.82324732e-06  79.8120  79.4286
0202-11-02_00:33:46.440000      1433.83        2.97711900e-03        1.82519965e-06  79.7509  79.4392
0202-11-02_00:33:48.516000      1435.91        2.63376700e-03        1.82603614e-06  79.7500  79.4507
0202-11-02_00:33:50.600000      1437.99        3.28262500e-03        1.82712024e-06  79.8435  79.4716
0202-11-02_00:33:52.695000      1440.08        3.43927400e-03        1.83108684e-06  79.7596  79.4828
0202-11-02_00:33:54.812000      1442.20        3.06854000e-03        1.81924919e-06  79.8237  79.4865
0202-11-02_00:33:56.890000      1444.28        3.17198300e-03        1.82203837e-06  79.8266  79.5003
0202-11-02_00:33:58.970000      1446.36        3.41107700e-03        1.82284410e-06  79.8599  79.5278
0202-11-02_00:34:01.055000      1448.44        3.52847200e-03        1.82454755e-06  79.8515  79.5418
0202-11-02_00:34:03.133000      1450.52        3.47830800e-03        1.82953644e-06  79.9814  79.5696
0202-11-02_00:34:05.297000      1452.68        3.20619400e-03        1.82600369e-06  79.8285  79.5777
0202-11-02_00:34:07.387000      1454.77        3.17139200e-03        1.82070457e-06  79.9469  79.6121
0202-11-02_00:34:09.490000      1456.88        3.32960000e-03        1.82817296e-06  80.0400  79.6213
0202-11-02_00:34:11.566000      1458.95        3.15254500e-03        1.82423718e-06  79.9478  79.6302
0202-11-02_00:34:13.645000      1461.03        3.00027400e-03        1.82333788e-06  80.0185  79.6495
0202-11-02_00:34:15.746000      1463.13        3.60446000e-03        1.82969066e-06  80.1059  79.6757
0202-11-02_00:34:17.832000      1465.22        2.99953000e-03        1.82312129e-06  80.0491  79.6867
0202-11-02_00:34:19.910000      1467.30        3.23342700e-03        1.82708812e-06  80.0479  79.7109
0202-11-02_00:34:22.004000      1469.39        3.16189200e-03        1.82944331e-06  80.1952  79.7377
0202-11-02_00:34:24.090000      1471.48        3.25843400e-03        1.83210844e-06  80.0215  79.7362
0202-11-02_00:34:26.254000      1473.64        3.16419300e-03        1.82811088e-06  80.0627  79.7464
0202-11-02_00:34:28.344000      1475.73        2.97800900e-03        1.83210846e-06  80.1521  79.7756
0202-11-02_00:34:30.418000      1477.81        3.09621900e-03        1.82876098e-06  80.2561  79.8030
0202-11-02_00:34:32.508000      1479.89        3.03863600e-03        1.83384319e-06  80.2297  79.8172
0202-11-02_00:34:34.594000      1481.98        2.91493500e-03        1.82625085e-06  80.1645  79.8400
0202-11-02_00:34:36.723000      1484.11        2.89972300e-03        1.83024862e-06  80.2446  79.8516
0202-11-02_00:34:38.805000      1486.19        3.04012200e-03        1.83660138e-06  80.2198  79.8721
0202-11-02_00:34:40.883000      1488.27        3.14720200e-03        1.83498923e-06  80.3148  79.9016
0202-11-02_00:34:42.957000      1490.34        3.20077900e-03        1.82900758e-06  80.3664  79.9120
0202-11-02_00:34:45.043000      1492.43        2.97726900e-03        1.82869769e-06  80.2664  79.9182
0202-11-02_00:34:47.210000      1494.60        3.22630500e-03        1.83034028e-06  80.2607  79.9392
0202-11-02_00:34:49.310000      1496.70        3.18742000e-03        1.83554658e-06  80.2951  79.9483
0202-11-02_00:34:51.387000      1498.77        3.13644100e-03        1.83303646e-06  80.3399  79.9837
0202-11-02_00:34:53.465000      1500.85        2.99930800e-03        1.82944257e-06  80.5141  80.0141
0202-11-02_00:34:55.540000      1502.93        3.41441600e-03        1.83976210e-06  80.3848  80.0186
0202-11-02_00:34:57.625000      1505.01        3.35148900e-03        1.83359521e-06  80.4905  80.0418
0202-11-02_00:34:59.740000      1507.13        2.97793500e-03        1.83821203e-06  80.4467  80.0529
0202-11-02_00:35:01.836000      1509.22        3.03514700e-03        1.83629074e-06  80.5004  80.0775
0202-11-02_00:35:03.914000      1511.30        3.11981400e-03        1.83282049e-06  80.4961  80.0959
0202-11-02_00:35:06             1513.39        3.18956800e-03        1.84174660e-06  80.3940  80.1075
0202-11-02_00:35:08.086000      1515.48        3.05481000e-03        1.83889555e-06  80.5071  80.1230
0202-11-02_00:35:10.190000      1517.58        2.93021800e-03        1.83530124e-06  80.4633  80.1318
0202-11-02_00:35:12.280000      1519.67        2.96420500e-03        1.83638614e-06  80.6270  80.1726
0202-11-02_00:35:14.370000      1521.76        3.42591500e-03        1.83697497e-06  80.6562  80.1958
0202-11-02_00:35:16.460000      1523.85        2.74455500e-03        1.83945393e-06  80.5300  80.1881
0202-11-02_00:35:18.547000      1525.94        2.72674500e-03        1.83483650e-06  80.5765  80.2137
0202-11-02_00:35:20.633000      1528.02        2.92828900e-03        1.84614754e-06  80.5767  80.2253
0202-11-02_00:35:22.742000      1530.13        2.98824800e-03        1.84227452e-06  80.6386  80.2512
0202-11-02_00:35:24.820000      1532.21        3.15892200e-03        1.84109692e-06  80.7030  80.2665
0202-11-02_00:35:26.906000      1534.30        3.08864800e-03        1.84180956e-06  80.6548  80.2774
0202-11-02_00:35:29.004000      1536.39        2.95582000e-03        1.84190125e-06  80.6507  80.2976
0202-11-02_00:35:31.086000      1538.47        3.20693500e-03        1.84335773e-06  80.5401  80.3000
0202-11-02_00:35:33.234000      1540.62        3.42829200e-03        1.84078592e-06  80.6803  80.3214
0202-11-02_00:35:35.340000      1542.73        3.52580000e-03        1.83706740e-06  80.5827  80.3407
0202-11-02_00:35:37.418000      1544.81        2.90966700e-03        1.84376110e-06  80.7548  80.3687
0202-11-02_00:35:39.492000      1546.88        3.02461300e-03        1.84106461e-06  80.7245  80.3912
0202-11-02_00:35:41.582000      1548.97        3.15885200e-03        1.84438019e-06  80.7367  80.3913
0202-11-02_00:35:43.734000      1551.12        2.84199100e-03        1.84425627e-06  80.7274  80.4096
0202-11-02_00:35:45.812000      1553.20        2.83264100e-03        1.83942332e-06  80.7767  80.4321
0202-11-02_00:35:47.902000      1555.29        3.07870700e-03        1.84537334e-06  80.7993  80.4507
0202-11-02_00:35:49.992000      1557.38        2.88844300e-03        1.84339004e-06  80.7681  80.4656
0202-11-02_00:35:52.070000      1559.46        3.04798600e-03        1.84385516e-06  80.8005  80.4735
0202-11-02_00:35:54.164000      1561.55        2.99730200e-03        1.84469186e-06  80.8835  80.4962
0202-11-02_00:35:56.293000      1563.68        2.94179500e-03        1.84968073e-06  80.8149  80.5191
0202-11-02_00:35:58.370000      1565.76        2.99166000e-03        1.84667429e-06  80.8236  80.5411
0202-11-02_00:36:00.457000      1567.85        3.25219800e-03        1.84323447e-06  80.9098  80.5414
0202-11-02_00:36:02.547000      1569.94        3.25153100e-03        1.84524943e-06  80.8284  80.5692
0202-11-02_00:36:04.625000      1572.01        3.39282000e-03        1.84813184e-06  80.8809  80.5900
0202-11-02_00:36:06.754000      1574.14        3.06735200e-03        1.84834876e-06  80.9973  80.6100
0202-11-02_00:36:08.836000      1576.22        3.01867200e-03        1.84596204e-06  81.0275  80.6216
0202-11-02_00:36:10.920000      1578.31        3.20723100e-03        1.84679860e-06  80.9677  80.6144
0202-11-02_00:36:13.010000      1580.40        2.75368400e-03        1.84794522e-06  80.9941  80.6401
0202-11-02_00:36:15.098000      1582.48        3.11291700e-03        1.84828678e-06  80.9879  80.6615
0202-11-02_00:36:17.234000      1584.62        3.18400600e-03        1.83768852e-06  81.0098  80.6753
0202-11-02_00:36:19.324000      1586.71        2.82128600e-03        1.85250132e-06  81.0298  80.7199
0202-11-02_00:36:21.402000      1588.79        2.92710500e-03        1.85262526e-06  81.1811  80.7424
0202-11-02_00:36:23.480000      1590.87        2.81282700e-03        1.85160260e-06  81.1093  80.7541
0202-11-02_00:36:25.566000      1592.95        2.96131400e-03        1.85092021e-06  81.0714  80.7658
0202-11-02_00:36:27.656000      1595.04        2.63206200e-03        1.84881255e-06  81.1257  80.7836
0202-11-02_00:36:29.770000      1597.16        2.92272900e-03        1.85225236e-06  81.0954  80.8011
0202-11-02_00:36:31.848000      1599.24        2.92903700e-03        1.84738689e-06  81.2148  80.8234
0202-11-02_00:36:33.926000      1601.31        3.03648800e-03        1.85324375e-06  81.2541  80.8297
0202-11-02_00:36:36.023000      1603.41        3.22897900e-03        1.84757275e-06  81.2272  80.8443
0202-11-02_00:36:38.110000      1605.50        3.11574000e-03        1.85941086e-06  81.3156  80.8692
0202-11-02_00:36:40.266000      1607.65        3.10112200e-03        1.85219038e-06  81.2850  80.8823
0202-11-02_00:36:42.360000      1609.75        3.10572200e-03        1.85584717e-06  81.2289  80.8971
0202-11-02_00:36:44.434000      1611.82        2.85052600e-03        1.85436053e-06  81.3964  80.9318
0202-11-02_00:36:46.530000      1613.92        3.13147000e-03        1.85584801e-06  81.3591  80.9528
0202-11-02_00:36:48.610000      1616.00        3.08026700e-03        1.84924776e-06  81.3061  80.9657
0202-11-02_00:36:50.707000      1618.10        2.99084800e-03        1.85566290e-06  81.3550  80.9762
0202-11-02_00:36:52.800000      1620.19        3.46346800e-03        1.85597278e-06  81.4351  81.0006
0202-11-02_00:36:54.875000      1622.26        3.45916500e-03        1.85705762e-06  81.3437  81.0064
0202-11-02_00:36:56.960000      1624.35        3.66813000e-03        1.85922700e-06  81.4825  81.0269
0202-11-02_00:36:59.047000      1626.44        3.15788700e-03        1.85879310e-06  81.4868  81.0480
0202-11-02_00:37:01.125000      1628.51        3.30807900e-03        1.85745973e-06  81.3960  81.0698
0202-11-02_00:37:03.242000      1630.63        2.95025700e-03        1.85175762e-06  81.4277  81.0780
0202-11-02_00:37:05.320000      1632.71        3.16397000e-03        1.85504244e-06  81.4983  81.1075
0202-11-02_00:37:07.400000      1634.79        3.10519900e-03        1.85321328e-06  81.4598  81.1289
0202-11-02_00:37:09.496000      1636.88        3.22274100e-03        1.85708692e-06  81.4715  81.1366
0202-11-02_00:37:11.574000      1638.96        3.26340700e-03        1.85742766e-06  81.4958  81.1554
0202-11-02_00:37:13.656000      1641.04        3.38480800e-03        1.85894586e-06  81.5383  81.1852
0202-11-02_00:37:15.766000      1643.15        3.47311500e-03        1.85993749e-06  81.5516  81.1809
0202-11-02_00:37:17.844000      1645.23        3.12100800e-03        1.85922425e-06  81.5758  81.2102
0202-11-02_00:37:19.930000      1647.32        3.01274100e-03        1.85618697e-06  81.5164  81.2271
0202-11-02_00:37:22.020000      1649.41        3.47942600e-03        1.85922394e-06  81.5735  81.2300
0202-11-02_00:37:24.105000      1651.49        3.23528800e-03        1.86058769e-06  81.5676  81.2543
0202-11-02_00:37:26.210000      1653.60        3.04888200e-03        1.86284994e-06  81.5204  81.2653
0202-11-02_00:37:28.290000      1655.68        3.57559900e-03        1.86780818e-06  81.5515  81.2845
0202-11-02_00:37:30.363000      1657.75        3.24159500e-03        1.85615687e-06  81.6324  81.3097
0202-11-02_00:37:32.460000      1659.85        3.26897600e-03        1.85668370e-06  81.6537  81.3288
0202-11-02_00:37:34.555000      1661.94        3.71013100e-03        1.85922480e-06  81.7332  81.3541
0202-11-02_00:37:36.633000      1664.02        3.47831000e-03        1.86238519e-06  81.7703  81.3786
0202-11-02_00:37:38.770000      1666.16        3.60401500e-03        1.86474039e-06  81.7337  81.4014
0202-11-02_00:37:40.860000      1668.25        3.21999800e-03        1.85916179e-06  81.7051  81.3981
0202-11-02_00:37:42.940000      1670.33        2.78047400e-03        1.86408876e-06  81.7437  81.4090
0202-11-02_00:37:45.020000      1672.41        2.77290600e-03        1.86421274e-06  81.8252  81.4550
0202-11-02_00:37:47.117000      1674.51        3.01481800e-03        1.86343739e-06  81.8009  81.4538
0202-11-02_00:37:49.246000      1676.63        3.36588700e-03        1.86036907e-06  81.8292  81.4856
0202-11-02_00:37:51.330000      1678.72        3.23068400e-03        1.86030710e-06  81.9514  81.4811
0202-11-02_00:37:53.414000      1680.80        2.90306300e-03        1.87081167e-06  81.9423  81.4821
0202-11-02_00:37:55.500000      1682.89        3.11039600e-03        1.86768171e-06  81.8869  81.4968
0202-11-02_00:37:57.586000      1684.97        3.07344100e-03        1.86402500e-06  82.0041  81.5145
0202-11-02_00:37:59.723000      1687.11        3.22415100e-03        1.86610071e-06  82.0181  81.5298
0202-11-02_00:38:01.812000      1689.20        3.19432000e-03        1.86238207e-06  81.9615  81.5253
0202-11-02_00:38:03.906000      1691.30        3.08048800e-03        1.86210347e-06  81.9863  81.5622
0202-11-02_00:38:05.984000      1693.37        3.29642800e-03        1.86458300e-06  81.9049  81.5573
0202-11-02_00:38:08.070000      1695.46        3.18623100e-03        1.86920036e-06  81.8960  81.5896
0202-11-02_00:38:10.168000      1697.56        3.07076700e-03        1.86436676e-06  81.9640  81.6093
0202-11-02_00:38:12.300000      1699.69        3.04360800e-03        1.86706326e-06  82.0095  81.6248
0202-11-02_00:38:14.400000      1701.79        3.01489100e-03        1.87140174e-06  81.9911  81.6700
0202-11-02_00:38:16.477000      1703.86        3.34785500e-03        1.86898460e-06  81.8954  81.6869
0202-11-02_00:38:18.562000      1705.95        3.42183800e-03        1.87068901e-06  81.9446  81.7052
0202-11-02_00:38:20.660000      1708.05        3.30221800e-03        1.86675342e-06  81.9644  81.7277
0202-11-02_00:38:22.785000      1710.17        3.33813300e-03        1.86867501e-06  82.0559  81.7582
0202-11-02_00:38:24.863000      1712.25        3.07893100e-03        1.86498731e-06  82.0968  81.7843
0202-11-02_00:38:26.940000      1714.33        2.96324300e-03        1.87010071e-06  82.0505  81.7924
0202-11-02_00:38:29.020000      1716.41        3.25457500e-03        1.86455426e-06  82.0839  81.8052
0202-11-02_00:38:31.117000      1718.50        3.25472200e-03        1.86852091e-06  82.1361  81.8201
0202-11-02_00:38:33.273000      1720.66        2.68007000e-03        1.87034855e-06  82.1293  81.8420
0202-11-02_00:38:35.360000      1722.75        2.96724800e-03        1.87013118e-06  82.0946  81.8199
0202-11-02_00:38:37.450000      1724.84        3.21279600e-03        1.87384986e-06  82.2015  81.8397
0202-11-02_00:38:39.535000      1726.92        3.10846300e-03        1.87140164e-06  82.2223  81.8592
0202-11-02_00:38:41.610000      1729.00        3.32574000e-03        1.87149456e-06  82.3624  81.8791
0202-11-02_00:38:43.758000      1731.15        3.30236700e-03        1.87242421e-06  82.3666  81.8969
0202-11-02_00:38:45.840000      1733.23        3.27966000e-03        1.87651511e-06  82.3486  81.9299
0202-11-02_00:38:47.918000      1735.31        2.86944800e-03        1.87056518e-06  82.3413  81.9256
0202-11-02_00:38:50.004000      1737.39        3.59637200e-03        1.87248645e-06  82.3922  81.9558
0202-11-02_00:38:52.100000      1739.49        3.40046800e-03        1.87109110e-06  82.4579  81.9640
0202-11-02_00:38:54.254000      1741.64        3.41523400e-03        1.87378716e-06  82.4119  81.9712
0202-11-02_00:38:56.355000      1743.74        3.44773600e-03        1.87784762e-06  82.4963  82.0318
0202-11-02_00:38:58.453000      1745.84        3.35942900e-03        1.88076114e-06  82.3896  82.0500
0202-11-02_00:39:00.530000      1747.92        3.54257000e-03        1.87075166e-06  82.4894  82.0750
0202-11-02_00:39:02.610000      1750.00        3.40365600e-03        1.87143386e-06  82.5217  82.0816
0202-11-02_00:39:04.715000      1752.10        3.03500000e-03        1.87403722e-06  82.5347  82.1075
0202-11-02_00:39:06.805000      1754.19        2.98520800e-03        1.87183700e-06  82.5099  82.1172
0202-11-02_00:39:08.883000      1756.27        3.32588900e-03        1.87865597e-06  82.4748  82.1324
0202-11-02_00:39:10.970000      1758.36        3.32885700e-03        1.88429604e-06  82.4642  82.1493
0202-11-02_00:39:13.060000      1760.45        3.51452200e-03        1.87149750e-06  82.4779  82.1580
0202-11-02_00:39:15.164000      1762.55        3.32425900e-03        1.87602280e-06  82.5054  82.1779
0202-11-02_00:39:17.266000      1764.66        3.27283400e-03        1.87599181e-06  82.5925  82.2052
0202-11-02_00:39:19.375000      1766.76        3.46524900e-03        1.87884258e-06  82.5118  82.1714
0202-11-02_00:39:21.453000      1768.84        3.73432200e-03        1.88262300e-06  82.4808  82.1859
0202-11-02_00:39:23.547000      1770.94        2.94551000e-03        1.88011286e-06  82.6178  82.2118
0202-11-02_00:39:25.637000      1773.03        3.21947900e-03        1.87661089e-06  82.6048  82.2365
0202-11-02_00:39:27.760000      1775.15        2.81572300e-03        1.88119717e-06  82.6746  82.2541
0202-11-02_00:39:29.844000      1777.23        3.30815600e-03        1.87648683e-06  82.6593  82.2673
0202-11-02_00:39:31.930000      1779.32        3.12026600e-03        1.88544097e-06  82.7008  82.2843
0202-11-02_00:39:34.020000      1781.41        3.52120200e-03        1.87992460e-06  82.7279  82.3113
0202-11-02_00:39:36.113000      1783.50        3.14779700e-03        1.87769340e-06  82.6498  82.3156
0202-11-02_00:39:38.266000      1785.65        2.98246600e-03        1.88441772e-06  82.5955  82.3353
0202-11-02_00:39:40.350000      1787.74        3.10987800e-03        1.88637003e-06  82.6761  82.3963
0202-11-02_00:39:42.453000      1789.84        3.05021600e-03        1.87980042e-06  82.6633  82.4125
0202-11-02_00:39:44.527000      1791.92        3.40084000e-03        1.88150506e-06  82.6922  82.4333
0202-11-02_00:39:46.630000      1794.02        3.70605100e-03        1.87698066e-06  82.7423  82.4431
0202-11-02_00:39:48.746000      1796.13        2.99478200e-03        1.88640079e-06  82.7365  82.4547
0202-11-02_00:39:50.832000      1798.22        3.35779900e-03        1.88478897e-06  82.6530  82.4636
0202-11-02_00:39:52.930000      1800.32        3.21131600e-03        1.88844568e-06  82.8856  82.4909
0202-11-02_00:39:55.010000      1802.40        3.65247000e-03        1.87973755e-06  82.9726  82.5288
0202-11-02_00:39:57.098000      1804.49        3.39052100e-03        1.88215465e-06  82.9486  82.5306
0202-11-02_00:39:59.246000      1806.63        3.27297800e-03        1.88596636e-06  82.9322  82.5470
0202-11-02_00:40:01.348000      1808.74        3.38888800e-03        1.88454047e-06  82.8559  82.5265
0202-11-02_00:40:03.426000      1810.82        3.04190000e-03        1.88736051e-06  82.8902  82.5546
0202-11-02_00:40:05.504000      1812.89        3.13072500e-03        1.88736048e-06  82.9688  82.5819
0202-11-02_00:40:07.582000      1814.97        2.93296500e-03        1.88119358e-06  82.8907  82.5883
0202-11-02_00:40:09.684000      1817.07        2.74121600e-03        1.89234970e-06  82.8593  82.5962
0202-11-02_00:40:11.773000      1819.16        2.61335800e-03        1.88984004e-06  83.0181  82.6373
0202-11-02_00:40:13.848000      1821.24        2.86202300e-03        1.87955195e-06  83.0807  82.6452
0202-11-02_00:40:15.938000      1823.33        3.20841700e-03        1.88308474e-06  82.9516  82.6505
0202-11-02_00:40:18.016000      1825.40        2.90766000e-03        1.88568819e-06  83.0573  82.6826
0202-11-02_00:40:20.094000      1827.48        2.96702500e-03        1.88909719e-06  83.0513  82.6911
0202-11-02_00:40:22.260000      1829.65        2.86239400e-03        1.88940707e-06  83.0554  82.7066
0202-11-02_00:40:24.340000      1831.73        2.79575800e-03        1.89185429e-06  83.1516  82.7808
0202-11-02_00:40:26.426000      1833.81        3.04635400e-03        1.89293891e-06  83.1815  82.7993
0202-11-02_00:40:28.527000      1835.92        3.13874200e-03        1.88773272e-06  83.1814  82.8034
0202-11-02_00:40:30.605000      1837.99        3.01058700e-03        1.88869364e-06  83.1983  82.8274
0202-11-02_00:40:32.703000      1840.09        3.18304100e-03        1.88810481e-06  83.2135  82.8422
0202-11-02_00:40:34.820000      1842.21        2.77661500e-03        1.89061555e-06  83.3160  82.8476
0202-11-02_00:40:36.900000      1844.29        2.80169700e-03        1.89204148e-06  83.2516  82.8790
0202-11-02_00:40:38.977000      1846.37        3.07692900e-03        1.89365288e-06  83.2270  82.8874
0202-11-02_00:40:41.082000      1848.47        2.83932000e-03        1.89052255e-06  83.3042  82.9110
0202-11-02_00:40:43.195000      1850.58        2.63206100e-03        1.89213369e-06  83.3043  82.9254
0202-11-02_00:40:45.293000      1852.68        3.01080900e-03        1.89451986e-06  83.2065  82.9245
0202-11-02_00:40:47.380000      1854.77        2.61447400e-03        1.89086417e-06  83.4379  82.9348
0202-11-02_00:40:49.465000      1856.85        2.65974000e-03        1.88925285e-06  83.2927  82.9343
0202-11-02_00:40:51.543000      1858.93        2.82967200e-03        1.89043041e-06  83.3371  82.9701
0202-11-02_00:40:53.620000      1861.01        2.99084800e-03        1.88661804e-06  83.3706  82.9970
0202-11-02_00:40:55.742000      1863.13        3.32722500e-03        1.89603876e-06  83.3035  82.9976
0202-11-02_00:40:57.832000      1865.22        3.26652400e-03        1.89944666e-06  83.3718  83.0218
0202-11-02_00:40:59.926000      1867.31        3.32166100e-03        1.89894927e-06  83.3747  83.0325
0202-11-02_00:41:02.004000      1869.39        3.11188000e-03        1.89464180e-06  83.3496  83.0446
0202-11-02_00:41:04.080000      1871.47        2.76734000e-03        1.89473542e-06  83.4287  83.0556
0202-11-02_00:41:06.200000      1873.59        3.34919100e-03        1.89166797e-06  83.4975  83.0855
0202-11-02_00:41:08.324000      1875.71        2.78017700e-03        1.89582052e-06  83.5508  83.1045
0202-11-02_00:41:10.410000      1877.80        3.39326900e-03        1.90146001e-06  83.5456  83.1661
0202-11-02_00:41:12.496000      1879.89        3.03433300e-03        1.89761724e-06  83.5720  83.1827
0202-11-02_00:41:14.574000      1881.96        3.23706400e-03        1.89966250e-06  83.6552  83.2114
0202-11-02_00:41:16.652000      1884.04        3.44432000e-03        1.88640032e-06  83.5214  83.2000
0202-11-02_00:41:18.797000      1886.19        3.32202800e-03        1.89111067e-06  83.5293  83.2237
0202-11-02_00:41:20.887000      1888.28        3.22897300e-03        1.89191687e-06  83.6359  83.2460
0202-11-02_00:41:22.965000      1890.35        3.52928500e-03        1.90192791e-06  83.6987  83.2727
0202-11-02_00:41:25.040000      1892.43        3.51236500e-03        1.90614239e-06  83.7910  83.2976
0202-11-02_00:41:27.125000      1894.51        3.27869000e-03        1.90233082e-06  83.7230  83.2875
0202-11-02_00:41:29.270000      1896.66        3.42072000e-03        1.89851921e-06  83.6835  83.3080
0202-11-02_00:41:31.344000      1898.73        3.45404000e-03        1.90115331e-06  83.6904  83.2910
0202-11-02_00:41:33.430000      1900.82        3.44751000e-03        1.90542999e-06  83.7901  83.3104
0202-11-02_00:41:35.516000      1902.90        3.30718600e-03        1.90505820e-06  83.7827  83.3180
0202-11-02_00:41:37.598000      1904.99        3.31905900e-03        1.90632874e-06  83.8036  83.3581
0202-11-02_00:41:39.680000      1907.07        3.74975100e-03        1.89932487e-06  83.7292  83.3547
0202-11-02_00:41:41.790000      1909.18        3.68244700e-03        1.90601855e-06  83.8855  83.3712
0202-11-02_00:41:43.863000      1911.25        3.01437000e-03        1.90642141e-06  83.7610  83.3812
0202-11-02_00:41:45.950000      1913.34        3.10497600e-03        1.90332274e-06  83.7736  83.3957
0202-11-02_00:41:48.035000      1915.42        3.12145000e-03        1.89758975e-06  83.8230  83.4200
0202-11-02_00:41:50.125000      1917.51        3.20330000e-03        1.89910878e-06  83.8634  83.4379
0202-11-02_00:41:52.258000      1919.64        2.95522900e-03        1.90431552e-06  83.8709  83.4554
0202-11-02_00:41:54.336000      1921.72        3.10802000e-03        1.90239417e-06  83.8043  83.5149
0202-11-02_00:41:56.420000      1923.81        3.02669000e-03        1.90713581e-06  83.8728  83.5437
0202-11-02_00:41:58.504000      1925.89        3.18192900e-03        1.90050431e-06  83.9221  83.5622
0202-11-02_00:42:00.582000      1927.97        3.08405100e-03        1.90146501e-06  83.8259  83.5558
0202-11-02_00:42:02.695000      1930.08        3.34726000e-03        1.90248585e-06  83.8724  83.5838
0202-11-02_00:42:04.777000      1932.17        3.52216400e-03        1.90539851e-06  84.0292  83.6202
0202-11-02_00:42:06.875000      1934.26        3.14868400e-03        1.90648316e-06  83.9981  83.6385
0202-11-02_00:42:08.960000      1936.35        3.29724500e-03        1.90673012e-06  83.9293  83.6404
0202-11-02_00:42:11.040000      1938.43        3.54843400e-03        1.90409605e-06  83.9985  83.6594
0202-11-02_00:42:13.125000      1940.51        3.58420200e-03        1.90099678e-06  83.8656  83.6714
0202-11-02_00:42:15.280000      1942.67        3.40358400e-03        1.90232838e-06  83.9855  83.6808
0202-11-02_00:42:17.367000      1944.75        3.38258300e-03        1.90775145e-06  84.1362  83.6813
0202-11-02_00:42:19.465000      1946.85        2.89089200e-03        1.90304076e-06  84.0379  83.6916
0202-11-02_00:42:21.543000      1948.93        2.76162500e-03        1.90796781e-06  84.0870  83.7040
0202-11-02_00:42:23.620000      1951.01        3.04190100e-03        1.90942427e-06  84.0436  83.7162
0202-11-02_00:42:25.742000      1953.13        2.94869700e-03        1.91416695e-06  84.1481  83.7409
0202-11-02_00:42:27.824000      1955.21        2.80058100e-03        1.91097558e-06  84.1650  83.7548
0202-11-02_00:42:29.900000      1957.29        2.95663700e-03        1.91522111e-06  84.1211  83.7743
0202-11-02_00:42:31.977000      1959.36        2.67695400e-03        1.90877471e-06  84.2255  83.8078
0202-11-02_00:42:34.074000      1961.46        3.24715400e-03        1.90951845e-06  84.2069  83.8055
0202-11-02_00:42:36.210000      1963.60        2.73847200e-03        1.91252437e-06  84.2421  83.8358
0202-11-02_00:42:38.305000      1965.69        3.23513400e-03        1.90623341e-06  84.2607  83.8562
0202-11-02_00:42:40.395000      1967.78        3.29123500e-03        1.90973518e-06  84.3550  83.9165
0202-11-02_00:42:42.480000      1969.87        3.21012800e-03        1.91035508e-06  84.4072  83.9270
0202-11-02_00:42:44.560000      1971.95        3.13043100e-03        1.90638858e-06  84.3975  83.9429
0202-11-02_00:42:46.660000      1974.05        3.04079000e-03        1.91568534e-06  84.2746  83.9452
0202-11-02_00:42:48.742000      1976.13        3.22571200e-03        1.91546807e-06  84.3880  83.9629
0202-11-02_00:42:50.830000      1978.21        3.45040800e-03        1.91571571e-06  84.3302  83.9813
0202-11-02_00:42:52.910000      1980.30        3.36907800e-03        1.91460011e-06  84.3340  83.9965
0202-11-02_00:42:55             1982.39        3.14913000e-03        1.90809358e-06  84.3658  84.0239
0202-11-02_00:42:57.086000      1984.47        3.25910400e-03        1.91742141e-06  84.3776  84.0391
0202-11-02_00:42:59.190000      1986.58        3.50479900e-03        1.91317590e-06  84.3598  84.0332
0202-11-02_00:43:01.300000      1988.69        3.44031400e-03        1.91264951e-06  84.4277  84.0656
0202-11-02_00:43:03.375000      1990.76        3.37612700e-03        1.91416800e-06  84.4629  84.0571
0202-11-02_00:43:05.480000      1992.87        3.01466800e-03        1.91531471e-06  84.4227  84.0792
0202-11-02_00:43:07.562000      1994.95        3.42844100e-03        1.91379644e-06  84.4751  84.0972
0202-11-02_00:43:09.637000      1997.03        3.43578900e-03        1.91633757e-06  84.4508  84.1113
0202-11-02_00:43:11.754000      1999.14        3.13859400e-03        1.91364186e-06  84.4865  84.1250
0202-11-02_00:43:13.832000      2001.22        3.17428600e-03        1.91581134e-06  84.5671  84.1476
0202-11-02_00:43:15.930000      2003.32        3.37716600e-03        1.91385906e-06  84.5587  84.1569
0202-11-02_00:43:18.016000      2005.40        3.08375500e-03        1.91141016e-06  84.6463  84.1881
0202-11-02_00:43:20.105000      2007.49        3.31327400e-03        1.91965312e-06  84.6183  84.1991
0202-11-02_00:43:22.227000      2009.61        3.24930800e-03        1.91785577e-06  84.6849  84.2037
0202-11-02_00:43:24.320000      2011.71        3.20990400e-03        1.91729825e-06  84.6313  84.2560
0202-11-02_00:43:26.418000      2013.81        3.13822100e-03        1.92042816e-06  84.7139  84.2865