# Tc = 0.00 K, f23-step11
#datetime                        t_s     iHTS_A                vHTS_V                tHTS_K  tTAR_K
0202-11-01_10:52:31.980000      106.74        1.15491400e-03        1.96566901e-06  85.9708  85.0072
0202-11-01_10:52:34.070000      108.82        1.31594100e-03        1.96858160e-06  85.9141  84.9938
0202-11-01_10:52:36.188000      110.94        1.44134900e-03        1.97121568e-06  85.9227  84.9973
0202-11-01_10:52:38.300000      113.06        1.32633000e-03        1.96836409e-06  85.9532  85.0001
0202-11-01_10:52:40.395000      115.15        1.34124500e-03        1.96672165e-06  85.9826  85.0414
0202-11-01_10:52:42.473000      117.23        1.19802700e-03        1.96551280e-06  85.9496  85.0243
0202-11-01_10:52:44.550000      119.30        1.68608100e-03        1.96864133e-06  85.9254  85.0168
0202-11-01_10:52:46.645000      121.40        1.81824200e-03        1.96359013e-06  85.9415  85.0133
0202-11-01_10:52:48.790000      123.54        1.40424600e-03        1.96873468e-06  85.9730  85.0058
0202-11-01_10:52:50.875000      125.63        1.51934000e-03        1.96665869e-06  85.9755  84.9958
0202-11-01_10:52:52.965000      127.72        1.59176500e-03        1.96517120e-06  85.8841  84.9864
0202-11-01_10:52:55.043000      129.80        1.75405400e-03        1.97081194e-06  85.8920  84.9711
0202-11-01_10:52:57.120000      131.87        1.60022400e-03        1.96752749e-06  85.9833  84.9726
0202-11-01_10:52:59.266000      134.02        1.60460200e-03        1.96675272e-06  85.9766  84.9635
0202-11-01_10:53:01.350000      136.11        1.33901800e-03        1.96328257e-06  85.9149  84.9112
0202-11-01_10:53:03.430000      138.19        1.41018200e-03        1.96446017e-06  85.9648  84.8996
0202-11-01_10:53:05.508000      140.26        1.51800400e-03        1.96588565e-06  85.9561  84.8798
0202-11-01_10:53:07.590000      142.35        1.25516600e-03        1.96058770e-06  85.8745  84.8598
0202-11-01_10:53:09.703000      144.46        1.40313300e-03        1.96130047e-06  85.9350  84.8642
0202-11-01_10:53:11.790000      146.54        1.37990700e-03        1.96554537e-06  85.9356  84.8478
0202-11-01_10:53:13.863000      148.62        1.50791200e-03        1.95916090e-06  85.9299  84.8298
0202-11-01_10:53:15.950000      150.71        1.48401800e-03        1.96111326e-06  85.8866  84.8090
0202-11-01_10:53:18.055000      152.81        1.12419300e-03        1.95944030e-06  85.8517  84.8011
0202-11-01_10:53:20.164000      154.92        1.59866600e-03        1.96523561e-06  85.8977  84.7847
0202-11-01_10:53:22.280000      157.03        1.23238600e-03        1.96526660e-06  85.8915  84.7687
0202-11-01_10:53:24.355000      159.11        1.60445400e-03        1.96678508e-06  85.8946  84.7841
0202-11-01_10:53:26.434000      161.19        1.33389900e-03        1.96185781e-06  85.8820  84.7704
0202-11-01_10:53:28.520000      163.27        1.52713200e-03        1.96607238e-06  85.8318  84.7494
0202-11-01_10:53:30.610000      165.36        1.62189300e-03        1.96027796e-06  85.8549  84.7352
0202-11-01_10:53:32.703000      167.46        1.48750500e-03        1.96037094e-06  85.8928  84.7231
0202-11-01_10:53:34.800000      169.56        1.23943400e-03        1.95863557e-06  85.8128  84.7061
0202-11-01_10:53:36.883000      171.64        1.31957600e-03        1.96241632e-06  85.8192  84.6798
0202-11-01_10:53:38.980000      173.74        1.42034800e-03        1.96343894e-06  85.8065  84.6592
0202-11-01_10:53:41.062000      175.82        1.40765900e-03        1.96455399e-06  85.7854  84.6452
0202-11-01_10:53:43.156000      177.91        1.23372100e-03        1.96650586e-06  85.7940  84.6304
0202-11-01_10:53:45.254000      180.01        1.35942600e-03        1.96399572e-06  85.8368  84.6166
0202-11-01_10:53:47.350000      182.11        1.14200200e-03        1.96117539e-06  85.8204  84.5539
0202-11-01_10:53:49.430000      184.18        1.27379200e-03        1.96647436e-06  85.7491  84.5242
0202-11-01_10:53:51.508000      186.26        1.28870800e-03        1.95714664e-06  85.7764  84.5253
0202-11-01_10:53:53.582000      188.34        1.28559100e-03        1.96535756e-06  85.7716  84.5044
0202-11-01_10:53:55.742000      190.50        1.61098500e-03        1.96486170e-06  85.7640  84.4779
0202-11-01_10:53:57.830000      192.58        1.63020400e-03        1.96321922e-06  85.7265  84.4589
0202-11-01_10:53:59.906000      194.66        1.44008800e-03        1.96120444e-06  85.6938  84.4422
0202-11-01_10:54:02.004000      196.76        1.63599200e-03        1.96191719e-06  85.7015  84.4213
0202-11-01_10:54:04.082000      198.84        1.55525600e-03        1.95606058e-06  85.7142  84.4084
0202-11-01_10:54:06.266000      201.02        1.58056000e-03        1.95432548e-06  85.7018  84.3941
0202-11-01_10:54:08.348000      203.10        1.68860400e-03        1.95702153e-06  85.6277  84.3898
0202-11-01_10:54:10.438000      205.19        1.67799200e-03        1.96036857e-06  85.6567  84.3782
0202-11-01_10:54:12.516000      207.27        1.55896600e-03        1.95875725e-06  85.6345  84.3568
0202-11-01_10:54:14.600000      209.36        1.68526500e-03        1.96399439e-06  85.6263  84.3368
0202-11-01_10:54:16.740000      211.49        1.73965800e-03        1.95906869e-06  85.6084  84.3244
0202-11-01_10:54:18.824000      213.58        1.55829800e-03        1.95609374e-06  85.6119  84.3025
0202-11-01_10:54:20.902000      215.66        1.92257600e-03        1.95519505e-06  85.6345  84.2834
0202-11-01_10:54:22.990000      217.74        1.73617000e-03        1.95869742e-06  85.5755  84.2667
0202-11-01_10:54:25.086000      219.84        1.72971400e-03        1.95863544e-06  85.5527  84.2481
0202-11-01_10:54:27.234000      221.99        1.74284900e-03        1.95714804e-06  85.5134  84.2204
0202-11-01_10:54:29.332000      224.09        1.70834300e-03        1.95451406e-06  85.4996  84.1553
0202-11-01_10:54:31.418000      226.17        1.75056600e-03        1.95265473e-06  85.4705  84.1397
0202-11-01_10:54:33.508000      228.26        1.40038800e-03        1.95603234e-06  85.5210  84.1189
0202-11-01_10:54:35.582000      230.34        1.74774600e-03        1.95643501e-06  85.4813  84.1014
0202-11-01_10:54:37.734000      232.49        1.32158100e-03        1.95671385e-06  85.4410  84.0824
0202-11-01_10:54:39.824000      234.58        1.73817400e-03        1.95590676e-06  85.4512  84.0587
0202-11-01_10:54:41.910000      236.67        1.58486400e-03        1.95466713e-06  85.4702  84.0536
0202-11-01_10:54:44             238.76        1.87174500e-03        1.95268380e-06  85.4302  84.0272
0202-11-01_10:54:46.086000      240.84        1.60297000e-03        1.95426523e-06  85.3799  84.0110
0202-11-01_10:54:48.230000      242.99        1.81972600e-03        1.95014370e-06  85.3641  83.9801
0202-11-01_10:54:50.316000      245.07        1.63814400e-03        1.95330429e-06  85.3620  83.9932
0202-11-01_10:54:52.395000      247.15        1.99463000e-03        1.95717755e-06  85.3719  83.9749
0202-11-01_10:54:54.492000      249.25        1.78447800e-03        1.95661974e-06  85.3530  83.9615
0202-11-01_10:54:56.580000      251.33        1.79716700e-03        1.95990481e-06  85.2779  83.9343
0202-11-01_10:54:58.656000      253.41        1.73201400e-03        1.94707554e-06  85.2933  83.9162
0202-11-01_10:55:00.760000      255.52        1.60898100e-03        1.95333532e-06  85.2857  83.8945
0202-11-01_10:55:02.836000      257.59        1.25516600e-03        1.94679672e-06  85.2617  83.8802
0202-11-01_10:55:04.926000      259.68        1.31653500e-03        1.95624843e-06  85.2005  83.8507
0202-11-01_10:55:07.010000      261.77        1.43392900e-03        1.94738553e-06  85.2641  83.8422
0202-11-01_10:55:09.113000      263.87        1.50872800e-03        1.94258193e-06  85.2348  83.8230
0202-11-01_10:55:11.240000      265.99        1.76793000e-03        1.94081554e-06  85.1780  83.8008
0202-11-01_10:55:13.330000      268.08        1.78425600e-03        1.94930614e-06  85.1427  83.7402
0202-11-01_10:55:15.414000      270.17        1.64786500e-03        1.95125749e-06  85.1051  83.7179
0202-11-01_10:55:17.516000      272.27        1.63584300e-03        1.95038977e-06  85.1533  83.7014
0202-11-01_10:55:19.590000      274.35        1.90172400e-03        1.94385163e-06  85.1185  83.6824
0202-11-01_10:55:21.746000      276.50        1.69506000e-03        1.94611428e-06  85.0813  83.6659
0202-11-01_10:55:23.836000      278.59        1.80162000e-03        1.94406899e-06  85.0969  83.6364
0202-11-01_10:55:25.934000      280.69        1.80585000e-03        1.95073113e-06  85.0515  83.6286
0202-11-01_10:55:28.023000      282.78        1.49470300e-03        1.94202298e-06  85.0592  83.6071
0202-11-01_10:55:30.113000      284.87        1.87901700e-03        1.94518388e-06  84.9968  83.5864
0202-11-01_10:55:32.242000      287.00        1.61024200e-03        1.94239434e-06  85.0143  83.5724
0202-11-01_10:55:34.336000      289.09        1.65996000e-03        1.95169102e-06  84.9471  83.5748
0202-11-01_10:55:36.414000      291.17        1.60645800e-03        1.94152688e-06  84.9423  83.5587
0202-11-01_10:55:38.492000      293.25        1.64296700e-03        1.94267478e-06  84.9336  83.5408
0202-11-01_10:55:40.590000      295.34        1.47726500e-03        1.94391437e-06  84.9299  83.5210
0202-11-01_10:55:42.690000      297.44        1.52987700e-03        1.94065996e-06  84.8913  83.5016
0202-11-01_10:55:44.793000      299.55        1.44498500e-03        1.95376792e-06  84.8698  83.4853
0202-11-01_10:55:46.870000      301.63        1.49180900e-03        1.94657841e-06  84.8835  83.4740
0202-11-01_10:55:48.970000      303.72        1.74871100e-03        1.94220861e-06  84.8435  83.4459
0202-11-01_10:55:51.047000      305.80        1.68622900e-03        1.93935744e-06  84.8370  83.4384
0202-11-01_10:55:53.227000      307.98        1.58286000e-03        1.94360294e-06  84.8055  83.4123
0202-11-01_10:55:55.330000      310.08        1.77394100e-03        1.94450268e-06  84.7999  83.3535
0202-11-01_10:55:57.406000      312.16        1.53826200e-03        1.94096991e-06  84.8291  83.3307
0202-11-01_10:55:59.492000      314.25        1.41864100e-03        1.93718922e-06  84.7632  83.3124
0202-11-01_10:56:01.566000      316.32        1.39304000e-03        1.94193034e-06  84.7165  83.2916
0202-11-01_10:56:03.668000      318.42        1.67257500e-03        1.94251914e-06  84.7163  83.2754
0202-11-01_10:56:05.790000      320.55        1.59569800e-03        1.93749829e-06  84.7007  83.2530
0202-11-01_10:56:07.870000      322.63        1.69201700e-03        1.93734289e-06  84.7299  83.2409
0202-11-01_10:56:09.957000      324.71        1.22815400e-03        1.93663013e-06  84.6308  83.2184
0202-11-01_10:56:12.050000      326.80        1.72170000e-03        1.93517455e-06  84.6280  83.2080
0202-11-01_10:56:14.125000      328.88        1.72170000e-03        1.93734421e-06  84.6249  83.1867
0202-11-01_10:56:16.258000      331.01        1.81126700e-03        1.94066005e-06  84.6664  83.1720
0202-11-01_10:56:18.348000      333.10        2.02038000e-03        1.93938868e-06  84.5724  83.1828
0202-11-01_10:56:20.434000      335.19        1.72674600e-03        1.93176529e-06  84.5612  83.1574
0202-11-01_10:56:22.510000      337.27        1.80896600e-03        1.93573191e-06  84.5467  83.1412
0202-11-01_10:56:24.590000      339.34        1.89608400e-03        1.93458646e-06  84.5060  83.1158
0202-11-01_10:56:26.710000      341.46        1.63888600e-03        1.93427652e-06  84.5312  83.1073
0202-11-01_10:56:28.797000      343.55        1.61536200e-03        1.93687990e-06  84.4553  83.0834
0202-11-01_10:56:30.890000      345.65        1.30258400e-03        1.93812001e-06  84.4669  83.0719
0202-11-01_10:56:32.970000      347.72        1.56668300e-03        1.93970044e-06  84.4781  83.0583
0202-11-01_10:56:35.047000      349.80        1.51785600e-03        1.93409172e-06  84.4060  83.0399
0202-11-01_10:56:37.133000      351.89        1.50115900e-03        1.93852335e-06  84.4010  83.0164
0202-11-01_10:56:39.258000      354.01        1.51867200e-03        1.93213961e-06  84.3878  83.0003
0202-11-01_10:56:41.360000      356.11        1.51600000e-03        1.93303852e-06  84.3669  82.9377
0202-11-01_10:56:43.438000      358.19        1.54983800e-03        1.92715061e-06  84.3619  82.9238
0202-11-01_10:56:45.523000      360.28        1.70188700e-03        1.93421616e-06  84.3323  82.9057
0202-11-01_10:56:47.610000      362.36        1.68274200e-03        1.93898767e-06  84.2948  82.8878
0202-11-01_10:56:49.710000      364.47        1.62782900e-03        1.92795554e-06  84.3114  82.8681
0202-11-01_10:56:51.816000      366.57        1.66493200e-03        1.93068247e-06  84.2818  82.8520
0202-11-01_10:56:53.890000      368.65        1.40083300e-03        1.93164257e-06  84.2742  82.8363
0202-11-01_10:56:55.977000      370.73        1.49930400e-03        1.93213839e-06  84.2558  82.8221
0202-11-01_10:56:58.080000      372.83        1.41812200e-03        1.93058848e-06  84.1949  82.7913
0202-11-01_10:57:00.168000      374.92        1.60942600e-03        1.92913172e-06  84.2172  82.7791
0202-11-01_10:57:02.260000      377.02        1.84228500e-03        1.93402798e-06  84.1399  82.7620
0202-11-01_10:57:04.340000      379.09        1.83197000e-03        1.93244778e-06  84.1934  82.7822
0202-11-01_10:57:06.426000      381.18        1.55347400e-03        1.92581628e-06  84.1094  82.7527
0202-11-01_10:57:08.527000      383.28        1.64415400e-03        1.92953498e-06  84.1118  82.7374
0202-11-01_10:57:10.610000      385.36        1.18889900e-03        1.93805636e-06  84.0892  82.7242
0202-11-01_10:57:12.730000      387.48        1.30792600e-03        1.92479299e-06  84.0988  82.7090
0202-11-01_10:57:14.836000      389.59        1.31215600e-03        1.93433766e-06  84.0946  82.6939
0202-11-01_10:57:16.926000      391.68        1.36202200e-03        1.93164232e-06  83.9898  82.6650
0202-11-01_10:57:19.027000      393.78        1.60371200e-03        1.92767571e-06  84.0363  82.6481
0202-11-01_10:57:21.105000      395.86        1.40788200e-03        1.92609576e-06  84.0007  82.6360
0202-11-01_10:57:23.227000      397.98        1.50516600e-03        1.92935010e-06  84.0385  82.6248
0202-11-01_10:57:25.310000      400.06        1.47518700e-03        1.92603428e-06  83.9769  82.5631
0202-11-01_10:57:27.387000      402.14        1.63873700e-03        1.92268771e-06  83.9794  82.5450
0202-11-01_10:57:29.490000      404.24        1.72058700e-03        1.92566279e-06  83.9649  82.5258
0202-11-01_10:57:31.574000      406.33        1.84124600e-03        1.92392740e-06  83.9457  82.5101
0202-11-01_10:57:33.652000      408.41        1.59087500e-03        1.92628210e-06  83.8902  82.4959
0202-11-01_10:57:35.760000      410.52        1.45233200e-03        1.93034157e-06  83.8384  82.4721
0202-11-01_10:57:37.850000      412.60        1.68259300e-03        1.92538327e-06  83.8887  82.4557
0202-11-01_10:57:39.926000      414.68        1.55043200e-03        1.91834806e-06  83.9188  82.4478
0202-11-01_10:57:42.027000      416.78        1.64385800e-03        1.91937071e-06  83.8250  82.4258
0202-11-01_10:57:44.105000      418.86        1.90105600e-03        1.92705570e-06  83.7769  82.4048
0202-11-01_10:57:46.242000      421.00        1.79019200e-03        1.92042320e-06  83.8144  82.4001
0202-11-01_10:57:48.348000      423.10        1.55302900e-03        1.92246848e-06  83.7803  82.3974
0202-11-01_10:57:50.434000      425.19        1.48743100e-03        1.92296401e-06  83.7435  82.3882
0202-11-01_10:57:52.520000      427.28        1.75961900e-03        1.91459678e-06  83.7432  82.3670
0202-11-01_10:57:54.610000      429.37        2.12553000e-03        1.91980296e-06  83.7177  82.3540
0202-11-01_10:57:56.746000      431.50        1.53061900e-03        1.91444188e-06  83.7182  82.3359
0202-11-01_10:57:58.830000      433.58        1.94981000e-03        1.92330480e-06  83.6882  82.3222
0202-11-01_10:58:00.902000      435.66        1.81549700e-03        1.92212721e-06  83.6474  82.3051
0202-11-01_10:58:02.980000      437.74        1.53744600e-03        1.91788264e-06  83.6714  82.2900
0202-11-01_10:58:05.070000      439.83        1.68296400e-03        1.91419496e-06  83.6147  82.2671
0202-11-01_10:58:07.176000      441.93        1.87745900e-03        1.91716993e-06  83.5909  82.2482
0202-11-01_10:58:09.290000      444.04        1.88948000e-03        1.91658145e-06  83.6198  82.2348
0202-11-01_10:58:11.367000      446.12        1.91330000e-03        1.91645748e-06  83.5896  82.1798
0202-11-01_10:58:13.445000      448.20        1.45530000e-03        1.91961791e-06  83.5395  82.1614
0202-11-01_10:58:15.523000      450.28        1.57031900e-03        1.91385360e-06  83.5545  82.1469
0202-11-01_10:58:17.600000      452.36        1.63465600e-03        1.91772722e-06  83.4595  82.1172
0202-11-01_10:58:19.707000      454.46        1.82662700e-03        1.91766614e-06  83.5315  82.1069
0202-11-01_10:58:21.785000      456.54        1.82276800e-03        1.91648906e-06  83.5110  82.0917
0202-11-01_10:58:23.863000      458.62        1.63035200e-03        1.91695388e-06  83.4796  82.0800
0202-11-01_10:58:25.938000      460.69        1.80777900e-03        1.91713872e-06  83.4671  82.0661
0202-11-01_10:58:28.027000      462.78        2.64682700e-03        9.59578508e-07  83.4737  82.0462
0202-11-01_10:58:30.125000      464.88        2.91092700e-03       -3.96659200e-09  83.3539  82.0352
0202-11-01_10:58:32.280000      467.04        2.73988100e-03        4.05955650e-09  83.3460  82.0069
0202-11-01_10:58:34.363000      469.12        2.84325100e-03        4.92724800e-09  83.4472  82.0271
0202-11-01_10:58:36.438000      471.19        1.68125800e-03        1.01368063e-06  83.3985  82.0115
0202-11-01_10:58:38.520000      473.28        1.58879700e-03        1.91825288e-06  83.3661  81.9881
0202-11-01_10:58:40.620000      475.38        1.35719900e-03        1.91202404e-06  83.3369  81.9656
0202-11-01_10:58:42.780000      477.54        1.55028400e-03        1.91394487e-06  83.2939  81.9524
0202-11-01_10:58:44.867000      479.62        1.66352200e-03        1.91224016e-06  83.3009  81.9365
0202-11-01_10:58:46.945000      481.70        1.50145600e-03        1.91602080e-06  83.3191  81.9245
0202-11-01_10:58:49.040000      483.80        1.51377400e-03        1.90830466e-06  83.2494  81.9048
0202-11-01_10:58:51.133000      485.89        1.82529200e-03        1.91719858e-06  83.2413  81.8857
0202-11-01_10:58:53.260000      488.02        1.71850900e-03        1.91112475e-06  83.2237  81.8671
0202-11-01_10:58:55.360000      490.11        1.40803000e-03        1.90784177e-06  83.2305  81.8116
0202-11-01_10:58:57.440000      492.20        1.34718100e-03        1.90530067e-06  83.1728  81.7944
0202-11-01_10:58:59.516000      494.27        1.67443100e-03        1.91537234e-06  83.1101  81.7696
0202-11-01_10:59:01.594000      496.35        1.91107400e-03        1.91044583e-06  83.1484  81.7668
0202-11-01_10:59:03.707000      498.46        1.73565100e-03        1.91146845e-06  83.1360  81.7459
0202-11-01_10:59:05.797000      500.55        1.49923000e-03        1.90871015e-06  83.1075  81.7289
0202-11-01_10:59:07.887000      502.64        1.92777000e-03        1.90998053e-06  83.0971  81.7074
0202-11-01_10:59:09.970000      504.72        2.00828300e-03        1.91007351e-06  83.0715  81.6933
0202-11-01_10:59:12.047000      506.80        1.73283100e-03        1.90998124e-06  83.0263  81.6709
0202-11-01_10:59:14.137000      508.89        1.66990400e-03        1.91351431e-06  83.0419  81.6610
0202-11-01_10:59:16.242000      511.00        1.80466200e-03        1.90319492e-06  83.0198  81.6410
0202-11-01_10:59:18.348000      513.10        1.24232900e-03        1.90641559e-06  83.0209  81.6537
0202-11-01_10:59:20.430000      515.18        1.55859500e-03        1.91149772e-06  82.9876  81.6382
0202-11-01_10:59:22.504000      517.26        1.63777300e-03        1.91106385e-06  82.9820  81.6131
0202-11-01_10:59:24.582000      519.34        1.40929200e-03        1.90418332e-06  82.9782  81.6065
0202-11-01_10:59:26.703000      521.46        1.46205300e-03        1.90297474e-06  82.9082  81.5783
0202-11-01_10:59:28.824000      523.58        1.31000400e-03        1.90542320e-06  82.9033  81.5687
0202-11-01_10:59:30.902000      525.66        1.61714300e-03        1.90517557e-06  82.8953  81.5531
0202-11-01_10:59:32.990000      527.74        1.60801600e-03        1.90151882e-06  82.9358  81.5383
0202-11-01_10:59:35.090000      529.84        1.37679000e-03        1.90499010e-06  82.8724  81.5155
0202-11-01_10:59:37.215000      531.97        1.25568500e-03        1.90554817e-06  82.8808  81.5065
0202-11-01_10:59:39.293000      534.05        1.19075500e-03        1.90610595e-06  82.8133  81.4449
0202-11-01_10:59:41.370000      536.12        1.84080100e-03        1.90616904e-06  82.8336  81.4272
0202-11-01_10:59:43.457000      538.21        1.64697400e-03        1.90585933e-06  82.8067  81.4051
0202-11-01_10:59:45.555000      540.31        1.63361700e-03        1.90548749e-06  82.7906  81.3945
0202-11-01_10:59:47.633000      542.39        1.92272400e-03        1.90734764e-06  82.7474  81.3731
0202-11-01_10:59:49.758000      544.51        1.77483100e-03        1.90706874e-06  82.7610  81.3626
0202-11-01_10:59:51.840000      546.60        1.76971100e-03        1.89671836e-06  82.7446  81.3388
0202-11-01_10:59:53.918000      548.67        1.69817700e-03        1.90511632e-06  82.6832  81.3286
0202-11-01_10:59:56.020000      550.78        1.70975300e-03        1.90341191e-06  82.6648  81.3009
0202-11-01_10:59:58.098000      552.85        1.74767200e-03        1.91326642e-06  82.6680  81.2926
0202-11-01_11:00:00.270000      555.02        1.70515200e-03        1.90173845e-06  82.6697  81.2762
0202-11-01_11:00:02.348000      557.10        1.47214500e-03        1.90310197e-06  82.6233  81.2823
0202-11-01_11:00:04.434000      559.19        1.17658200e-03        1.90055992e-06  82.5876  81.2622
0202-11-01_11:00:06.535000      561.29        1.07915000e-03        1.89718180e-06  82.6019  81.2533
0202-11-01_11:00:08.613000      563.37        1.27624100e-03        1.90167522e-06  82.5737  81.2295
0202-11-01_11:00:10.760000      565.52        1.06928000e-03        1.89767548e-06  82.5433  81.2115
0202-11-01_11:00:12.840000      567.60        2.12553000e-03        9.48421358e-07  82.5453  81.2043
0202-11-01_11:00:14.926000      569.68        1.16604400e-03        1.82454104e-06  82.5168  81.1811
0202-11-01_11:00:17.023000      571.78        1.26355100e-03        1.90660003e-06  82.5483  81.1724
0202-11-01_11:00:19.100000      573.85        1.07922300e-03        1.89745824e-06  82.4801  81.1519
0202-11-01_11:00:21.230000      575.99        1.02609200e-03        1.89755094e-06  82.4396  81.1308
0202-11-01_11:00:23.330000      578.08        1.02297500e-03        1.89215872e-06  82.4129  81.0702
0202-11-01_11:00:25.410000      580.17        9.18640900e-04        1.89342926e-06  82.4172  81.0563
0202-11-01_11:00:27.490000      582.24        1.05889000e-03        1.89336773e-06  82.3694  81.0458
0202-11-01_11:00:29.566000      584.32        8.28777000e-04        1.89110578e-06  82.3447  81.0257
0202-11-01_11:00:31.660000      586.42        1.36335800e-03        1.89293415e-06  82.4149  81.0086
0202-11-01_11:00:33.760000      588.52        1.43726700e-03        1.89417516e-06  82.3443  80.9921
0202-11-01_11:00:35.863000      590.62        1.28173100e-03        1.89197501e-06  82.3400  80.9733
0202-11-01_11:00:37.940000      592.69        1.31594000e-03        1.89637548e-06  82.3350  80.9599
0202-11-01_11:00:40.016000      594.77        1.44587600e-03        1.88986835e-06  82.3831  80.9510
0202-11-01_11:00:42.100000      596.86        1.52728000e-03        1.89426878e-06  82.3057  80.9188
0202-11-01_11:00:44.260000      599.02        1.59866600e-03        1.89116955e-06  82.2728  80.9062
0202-11-01_11:00:46.340000      601.09        1.58887100e-03        1.89318349e-06  82.3194  80.9243
0202-11-01_11:00:48.426000      603.18        1.49129000e-03        1.88580807e-06  82.2545  80.9054
0202-11-01_11:00:50.510000      605.27        1.32981700e-03        1.89776988e-06  82.1919  80.8829
0202-11-01_11:00:52.590000      607.34        1.36914600e-03        1.89206789e-06  82.1444  80.8622
0202-11-01_11:00:54.720000      609.47        1.16908600e-03        1.89848263e-06  82.1735  80.8497
0202-11-01_11:00:56.797000      611.55        1.29523600e-03        1.88791611e-06  82.1771  80.8352
0202-11-01_11:00:58.870000      613.63        1.31987300e-03        1.88841210e-06  82.1762  80.8247
0202-11-01_11:01:00.970000      615.72        1.27193600e-03        1.88769939e-06  82.1260  80.7955
0202-11-01_11:01:03.062000      617.82        1.38057400e-03        1.88435379e-06  82.1155  80.7827
0202-11-01_11:01:05.242000      620.00        1.37137200e-03        1.89377447e-06  82.1588  80.7731
0202-11-01_11:01:07.348000      622.10        1.60675400e-03        1.88435373e-06  82.0832  80.7140
0202-11-01_11:01:09.438000      624.19        1.50063900e-03        1.88754558e-06  81.8946  80.6891
0202-11-01_11:01:11.543000      626.30        1.38495200e-03        1.88577924e-06  81.9966  80.6761
0202-11-01_11:01:13.617000      628.37        1.56757400e-03        1.88639974e-06  82.0230  80.6564
0202-11-01_11:01:15.740000      630.49        1.82855700e-03        1.88323921e-06  82.0346  80.6390
0202-11-01_11:01:17.824000      632.58        1.53855900e-03        1.88624517e-06  81.9935  80.6216
0202-11-01_11:01:19.914000      634.67        1.66626800e-03        1.88615168e-06  81.9589  80.6107
0202-11-01_11:01:22             636.76        1.73876700e-03        1.88398229e-06  81.9242  80.5871
0202-11-01_11:01:24.098000      638.85        1.49359000e-03        1.88252583e-06  81.9321  80.5756
0202-11-01_11:01:26.280000      641.03        1.55933700e-03        1.88444581e-06  81.9334  80.5614
0202-11-01_11:01:28.360000      643.12        1.16908600e-03        1.88602628e-06  81.8952  80.5707
0202-11-01_11:01:30.438000      645.19        1.18808300e-03        1.88760658e-06  81.8606  80.5479
0202-11-01_11:01:32.516000      647.27        1.44750800e-03        1.88698616e-06  81.8510  80.5347
0202-11-01_11:01:34.610000      649.36        1.39363400e-03        1.88649034e-06  81.8109  80.5089
0202-11-01_11:01:36.700000      651.45        1.40224200e-03        1.88410389e-06  81.7685  80.4970
0202-11-01_11:01:38.810000      653.56        1.70789700e-03        1.88261629e-06  81.8028  80.4866
0202-11-01_11:01:40.887000      655.64        1.71071700e-03        1.88521940e-06  81.7882  80.4653
0202-11-01_11:01:42.973000      657.73        1.30881700e-03        1.88608664e-06  81.7743  80.4515
0202-11-01_11:01:45.050000      659.80        1.47978800e-03        1.88611743e-06  81.7435  80.4341
0202-11-01_11:01:47.168000      661.92        1.13502600e-03        1.88583851e-06  81.7110  80.4100
0202-11-01_11:01:49.293000      664.05        1.33812800e-03        1.88930893e-06  81.7065  80.4028
0202-11-01_11:01:51.370000      666.13        1.53974600e-03        1.87973331e-06  81.7412  80.3474
0202-11-01_11:01:53.450000      668.20        1.28625800e-03        1.88301817e-06  81.6724  80.3311
0202-11-01_11:01:55.527000      670.28        1.13866200e-03        1.88435114e-06  81.6829  80.3121
0202-11-01_11:01:57.625000      672.38        7.79503100e-04        1.87775042e-06  81.6403  80.2937
0202-11-01_11:01:59.720000      674.47        1.28262100e-03        1.88332832e-06  81.6463  80.2800
0202-11-01_11:02:01.800000      676.56        1.36751300e-03        1.87598370e-06  81.6222  80.2646
0202-11-01_11:02:03.895000      678.65        1.45863900e-03        1.88295627e-06  81.6273  80.2476
0202-11-01_11:02:05.973000      680.73        1.18637600e-03        1.88484696e-06  81.5369  80.2259
0202-11-01_11:02:08.050000      682.81        1.39823400e-03        1.88258492e-06  81.5139  80.2071
0202-11-01_11:02:10.195000      684.95        1.52824400e-03        1.88181018e-06  81.5197  80.1960
0202-11-01_11:02:12.300000      687.06        1.54160100e-03        1.87387753e-06  81.5557  80.1810
0202-11-01_11:02:14.390000      689.14        1.05681100e-03        1.88143898e-06  81.4918  80.1839
0202-11-01_11:02:16.490000      691.24        1.18711700e-03        1.87951767e-06  81.4632  80.1662
0202-11-01_11:02:18.566000      693.32        1.01058100e-03        1.88444528e-06  81.4218  80.1456
0202-11-01_11:02:20.664000      695.42        1.09384100e-03        1.87443582e-06  81.4387  80.1400
0202-11-01_11:02:22.777000      697.53        1.57261900e-03        1.87973502e-06  81.4706  80.1196
0202-11-01_11:02:24.880000      699.63        1.52728000e-03        1.87703906e-06  81.3988  80.1003
0202-11-01_11:02:26.980000      701.73        1.55718500e-03        1.87548963e-06  81.3385  80.0806
0202-11-01_11:02:29.055000      703.81        1.66181600e-03        1.87806157e-06  81.3831  80.0708
0202-11-01_11:02:31.133000      705.89        1.37582500e-03        1.87676000e-06  81.3998  80.0559
0202-11-01_11:02:33.285000      708.04        1.55169400e-03        1.87338215e-06  81.3016  80.0357
0202-11-01_11:02:35.375000      710.13        1.52520200e-03        1.87316472e-06  81.3248  79.9770
0202-11-01_11:02:37.453000      712.21        1.36684600e-03        1.87009667e-06  81.3202  79.9601
0202-11-01_11:02:39.540000      714.29        1.63161400e-03        1.87183206e-06  81.3123  79.9425
0202-11-01_11:02:41.630000      716.38        1.69268500e-03        1.87037561e-06  81.2761  79.9243
0202-11-01_11:02:43.754000      718.51        1.45389000e-03        1.87561274e-06  81.2078  79.9077
0202-11-01_11:02:45.832000      720.59        1.62968400e-03        1.87428023e-06  81.2549  79.8976
0202-11-01_11:02:47.906000      722.66        1.42843700e-03        1.87341267e-06  81.2266  79.8804
0202-11-01_11:02:49.996000      724.75        2.23298000e-03        1.87146036e-06  81.2155  79.8630
0202-11-01_11:02:52.082000      726.84        1.80473600e-03        1.86935372e-06  81.1741  79.8449
0202-11-01_11:02:54.227000      728.98        1.54523800e-03        1.87056261e-06  81.1647  79.8267
0202-11-01_11:02:56.336000      731.09        1.90150100e-03        1.86780459e-06  81.1709  79.8348
0202-11-01_11:02:58.418000      733.17        1.91092600e-03        1.87341343e-06  81.1372  79.8176
0202-11-01_11:03:00.508000      735.26        1.97875000e-03        1.87152299e-06  81.1190  79.8028
0202-11-01_11:03:02.610000      737.37        1.75761600e-03        1.87102720e-06  81.0772  79.7860
0202-11-01_11:03:04.742000      739.50        1.54820600e-03        1.86764939e-06  81.1154  79.7726
0202-11-01_11:03:06.824000      741.58        1.62820000e-03        1.87158499e-06  81.0794  79.7567
0202-11-01_11:03:08.910000      743.67        1.73297900e-03        1.86916789e-06  81.0594  79.7374
0202-11-01_11:03:11.010000      745.77        1.62011200e-03        1.87056231e-06  81.0428  79.7182
0202-11-01_11:03:13.117000      747.87        1.28729700e-03        1.87208076e-06  80.9695  79.6970
0202-11-01_11:03:15.270000      750.02        1.33078200e-03        1.86687438e-06  80.9694  79.6841
0202-11-01_11:03:17.348000      752.10        1.32165400e-03        1.87211136e-06  80.9907  79.6221
0202-11-01_11:03:19.426000      754.18        1.41448600e-03        1.87056188e-06  80.9997  79.6142
0202-11-01_11:03:21.516000      756.27        1.61669800e-03        1.87301110e-06  80.9196  79.5845
0202-11-01_11:03:23.590000      758.35        1.49188300e-03        1.87012964e-06  80.8744  79.5794
0202-11-01_11:03:25.734000      760.49        1.84688600e-03        1.86222746e-06  80.8920  79.5544
0202-11-01_11:03:27.844000      762.60        1.36907200e-03        1.86619416e-06  80.9063  79.5429
0202-11-01_11:03:29.926000      764.68        1.44335200e-03        1.86761968e-06  80.8963  79.5245
0202-11-01_11:03:32             766.75        1.80095200e-03        1.85754821e-06  80.8595  79.5127
0202-11-01_11:03:34.080000      768.83        1.63896000e-03        1.86650348e-06  80.8208  79.4904
0202-11-01_11:03:36.277000      771.03        1.49255100e-03        1.86154522e-06  80.7920  79.4748
0202-11-01_11:03:38.363000      773.12        1.29783300e-03        1.86092526e-06  80.7439  79.4835
0202-11-01_11:03:40.470000      775.22        1.37063000e-03        1.86650289e-06  80.8020  79.4718
0202-11-01_11:03:42.566000      777.32        1.62923900e-03        1.86058395e-06  80.7772  79.4528
0202-11-01_11:03:44.720000      779.47        1.51548000e-03        1.86436426e-06  80.7505  79.4308
0202-11-01_11:03:46.797000      781.55        1.63636300e-03        1.86154406e-06  80.7371  79.4200
0202-11-01_11:03:48.875000      783.63        1.99292400e-03        1.86591354e-06  80.7035  79.3956
0202-11-01_11:03:50.960000      785.71        1.85386100e-03        1.86414676e-06  80.6634  79.3816
0202-11-01_11:03:53.050000      787.80        1.86313700e-03        1.86529330e-06  80.7228  79.3748
0202-11-01_11:03:55.125000      789.88        1.86261700e-03        1.86138867e-06  80.6720  79.3490
0202-11-01_11:03:57.242000      792.00        1.62256000e-03        1.86284576e-06  80.7138  79.3409
0202-11-01_11:03:59.332000      794.09        1.66752900e-03        1.85931301e-06  80.5795  79.2758
0202-11-01_11:04:01.410000      796.17        1.78343900e-03        1.86002583e-06  80.6022  79.2651
0202-11-01_11:04:03.490000      798.24        1.60638300e-03        1.85568772e-06  80.5999  79.2404
0202-11-01_11:04:05.574000      800.33        1.65691800e-03        1.85531587e-06  80.5413  79.2236
0202-11-01_11:04:07.730000      802.49        1.69216600e-03        1.85881800e-06  80.4936  79.2022
0202-11-01_11:04:09.832000      804.59        1.80362300e-03        1.86262982e-06  80.5089  79.1896
0202-11-01_11:04:11.918000      806.67        1.61091000e-03        1.85212449e-06  80.5834  79.1741
0202-11-01_11:04:14.008000      808.76        1.57670100e-03        1.85931407e-06  80.4675  79.1526
0202-11-01_11:04:16.094000      810.85        1.71160800e-03        1.85500662e-06  80.5022  79.1415
0202-11-01_11:04:18.250000      813.00        1.31237900e-03        1.85649413e-06  80.4817  79.1228
0202-11-01_11:04:20.340000      815.10        1.28922600e-03        1.85547169e-06  80.3977  79.1245
0202-11-01_11:04:22.418000      817.17        1.45841600e-03        1.85342643e-06  80.4510  79.1182
0202-11-01_11:04:24.496000      819.25        1.36335800e-03        1.85386026e-06  80.4339  79.1025
0202-11-01_11:04:26.574000      821.33        1.41982900e-03        1.85280573e-06  80.3883  79.0836
0202-11-01_11:04:28.650000      823.40        1.31534700e-03        1.85305365e-06  80.3345  79.0581
0202-11-01_11:04:30.773000      825.53        1.25909800e-03        1.85794898e-06  80.3361  79.0481
0202-11-01_11:04:32.863000      827.62        1.62189200e-03        1.85909414e-06  80.3581  79.0295
0202-11-01_11:04:34.940000      829.70        1.80585000e-03        1.85686292e-06  80.3757  79.0213
0202-11-01_11:04:37.020000      831.77        1.24581500e-03        1.85559284e-06  80.2569  78.9973
0202-11-01_11:04:39.094000      833.85        1.64942300e-03        1.84995306e-06  80.2672  78.9761
0202-11-01_11:04:41.270000      836.02        1.43415000e-03        1.84846560e-06  80.2955  78.9729
0202-11-01_11:04:43.355000      838.11        1.37092600e-03        1.85017041e-06  80.2686  78.9075
0202-11-01_11:04:45.430000      840.19        1.61825600e-03        1.85097619e-06  80.1840  78.8891
0202-11-01_11:04:47.516000      842.27        1.44402000e-03        1.85416805e-06  80.1820  78.8712
0202-11-01_11:04:49.600000      844.36        1.56260100e-03        1.85202950e-06  80.2393  78.8577
0202-11-01_11:04:51.688000      846.44        1.57558700e-03        1.85227742e-06  80.2169  78.8405
0202-11-01_11:04:53.805000      848.56        1.80807600e-03        1.85323834e-06  80.1225  78.8188
0202-11-01_11:04:55.895000      850.65        1.85690400e-03        1.85832223e-06  80.1158  78.8031
0202-11-01_11:04:57.973000      852.73        1.48498200e-03        1.85029600e-06  80.0855  78.7878
0202-11-01_11:05:00.047000      854.80        1.67123900e-03        1.85085269e-06  80.0742  78.7687
0202-11-01_11:05:02.130000      856.88        1.43207200e-03        1.85342417e-06  80.0726  78.7539
0202-11-01_11:05:04.270000      859.03        1.38317000e-03        1.85193670e-06  80.0500  78.7347
0202-11-01_11:05:06.370000      861.13        1.36766100e-03        1.85007703e-06  80.0247  78.7470
0202-11-01_11:05:08.450000      863.20        1.64949700e-03        1.84765972e-06  80.0443  78.7276
0202-11-01_11:05:10.547000      865.30        1.61484300e-03        1.84518062e-06  79.9844  78.7114
0202-11-01_11:05:12.645000      867.40        1.83642300e-03        1.84945786e-06  79.9682  78.6957
0202-11-01_11:05:14.746000      869.50        1.79650000e-03        1.84778444e-06  79.9836  78.6776
0202-11-01_11:05:16.840000      871.59        1.50642700e-03        1.84273320e-06  79.9325  78.6585
0202-11-01_11:05:18.914000      873.67        1.49678000e-03        1.84676199e-06  79.9347  78.6457
0202-11-01_11:05:20.992000      875.75        1.57447500e-03        1.84344614e-06  79.9197  78.6299
0202-11-01_11:05:23.080000      877.83        1.52483100e-03        1.84329161e-06  79.9353  78.6171
0202-11-01_11:05:25.242000      880.00        1.41678700e-03        1.84202169e-06  79.8816  78.5901
0202-11-01_11:05:27.336000      882.09        1.57514300e-03        1.84195971e-06  79.8751  78.5395
0202-11-01_11:05:29.414000      884.17        1.32796200e-03        1.84862205e-06  79.8664  78.5204
0202-11-01_11:05:31.490000      886.24        1.27995000e-03        1.84161833e-06  79.8349  78.5070
0202-11-01_11:05:33.566000      888.32        1.80503300e-03        1.84239305e-06  79.7890  78.4824
0202-11-01_11:05:35.640000      890.40        1.53714900e-03        1.84573986e-06  79.7728  78.4655
0202-11-01_11:05:37.760000      892.52        1.59569800e-03        1.84651459e-06  79.7826  78.4524
0202-11-01_11:05:39.840000      894.60        1.61996300e-03        1.84738224e-06  79.7274  78.4398
0202-11-01_11:05:41.918000      896.67        1.87003800e-03        1.83845594e-06  79.7164  78.4182
0202-11-01_11:05:43.996000      898.75        1.40803000e-03        1.84332125e-06  79.6999  78.3984
0202-11-01_11:05:46.082000      900.84        1.98490900e-03        1.84381708e-06  79.6923  78.3863
0202-11-01_11:05:48.210000      902.97        1.71235000e-03        1.84818641e-06  79.6702  78.3695
0202-11-01_11:05:50.310000      905.06        1.62218900e-03        1.83879674e-06  79.7176  78.3853
0202-11-01_11:05:52.387000      907.14        1.75576000e-03        1.84043853e-06  79.6437  78.3675
0202-11-01_11:05:54.470000      909.22        1.51889400e-03        1.83578990e-06  79.6117  78.3470
0202-11-01_11:05:56.547000      911.30        1.55755600e-03        1.83891981e-06  79.6016  78.3309
0202-11-01_11:05:58.633000      913.39        1.84926000e-03        1.83473618e-06  79.6152  78.3206
0202-11-01_11:06:00.785000      915.54        1.20470600e-03        1.84124383e-06  79.5536  78.2937
0202-11-01_11:06:02.860000      917.61        1.45418700e-03        1.83560383e-06  79.5226  78.2777
0202-11-01_11:06:04.950000      919.70        1.58412200e-03        1.83752638e-06  79.5488  78.2651
0202-11-01_11:06:07.023000      921.78        1.31519900e-03        1.84074930e-06  79.5410  78.2512
0202-11-01_11:06:09.110000      923.87        1.65105600e-03        1.83768139e-06  79.5327  78.2344
0202-11-01_11:06:11.234000      925.99        1.67064600e-03        1.83247550e-06  79.4803  78.2102
0202-11-01_11:06:13.324000      928.08        1.58887100e-03        1.83898318e-06  79.4735  78.1970
0202-11-01_11:06:15.430000      930.18        1.05681200e-03        1.83920028e-06  79.4786  78.1423
0202-11-01_11:06:17.504000      932.26        1.57276800e-03        1.84183459e-06  79.4724  78.1252
0202-11-01_11:06:19.605000      934.36        1.74670700e-03        1.83768204e-06  79.4396  78.1064
0202-11-01_11:06:21.730000      936.49        1.75153100e-03        1.83269300e-06  79.3908  78.0939
0202-11-01_11:06:23.820000      938.58        1.60118900e-03        1.83566808e-06  79.3920  78.0791
0202-11-01_11:06:25.900000      940.65        1.73364700e-03        1.83588502e-06  79.3664  78.0564
0202-11-01_11:06:27.996000      942.75        1.93964400e-03        1.83597775e-06  79.3197  78.0369
0202-11-01_11:06:30.086000      944.84        1.88962900e-03        1.84102874e-06  79.3355  78.0217
0202-11-01_11:06:32.184000      946.94        1.81171200e-03        1.84059486e-06  79.3031  78.0064
0202-11-01_11:06:34.273000      949.03        1.62938700e-03        1.83095733e-06  79.3134  78.0169
0202-11-01_11:06:36.367000      951.12        1.76822700e-03        1.83433514e-06  79.2889  78.0021
0202-11-01_11:06:38.457000      953.21        1.78885600e-03        1.83622569e-06  79.2661  77.9792
0202-11-01_11:06:40.530000      955.29        1.54605400e-03        1.83291082e-06  79.2263  77.9694
0202-11-01_11:06:42.610000      957.36        1.73097600e-03        1.82448178e-06  79.2334  77.9482
0202-11-01_11:06:44.720000      959.47        1.53240000e-03        1.83405749e-06  79.2012  77.9338
0202-11-01_11:06:46.805000      961.56        1.64178000e-03        1.83411948e-06  79.1830  77.9125
0202-11-01_11:06:48.880000      963.64        1.59814700e-03        1.83353068e-06  79.1523  77.8948
0202-11-01_11:06:50.960000      965.71        1.41871600e-03        1.82956460e-06  79.1793  77.8858
0202-11-01_11:06:53.047000      967.80        1.63102000e-03        1.83446112e-06  79.1339  77.8677
0202-11-01_11:06:55.145000      969.90        1.57974300e-03        1.83080441e-06  79.1630  77.8501
0202-11-01_11:06:57.277000      972.03        1.87033500e-03        1.83244692e-06  79.0783  77.8345
0202-11-01_11:06:59.363000      974.12        1.65721500e-03        1.82854226e-06  79.0735  77.7762
0202-11-01_11:07:01.453000      976.21        1.56000400e-03        1.82488556e-06  79.0668  77.7588
0202-11-01_11:07:03.530000      978.29        1.40157400e-03        1.83129958e-06  79.0632  77.7448
0202-11-01_11:07:05.617000      980.37        1.59718200e-03        1.82485376e-06  79.0360  77.7235
0202-11-01_11:07:07.766000      982.52        1.38309700e-03        1.82909886e-06  78.9805  77.7062
0202-11-01_11:07:09.844000      984.60        1.65469200e-03        1.83185654e-06  78.9617  77.7004
0202-11-01_11:07:11.930000      986.69        1.55473600e-03        1.82330353e-06  78.9931  77.6905
0202-11-01_11:07:14.030000      988.79        1.34644000e-03        1.82934577e-06  78.9313  77.6616
0202-11-01_11:07:16.117000      990.87        1.80993100e-03        1.82754813e-06  78.9716  77.6545
0202-11-01_11:07:18.277000      993.03        1.46294300e-03        1.82919055e-06  78.8747  77.6358
0202-11-01_11:07:20.355000      995.11        1.40810500e-03        1.82472844e-06  78.9099  77.6173
0202-11-01_11:07:22.430000      997.19        1.68029300e-03        1.82348889e-06  78.8599  77.5977
0202-11-01_11:07:24.520000      999.27        1.49514900e-03        1.82283813e-06  78.8770  77.5894
0202-11-01_11:07:26.613000      1001.37        1.39474800e-03        1.82717759e-06  78.8498  77.5715
0202-11-01_11:07:28.766000      1003.52        1.34859100e-03        1.82079383e-06  78.8330  77.5530
0202-11-01_11:07:30.870000      1005.62        1.56549600e-03        1.82417190e-06  78.8513  77.5364
0202-11-01_11:07:32.957000      1007.71        1.52178800e-03        1.82209603e-06  78.7837  77.5134
0202-11-01_11:07:35.043000      1009.80        1.27594300e-03        1.82135230e-06  78.7762  77.4993
0202-11-01_11:07:37.168000      1011.92        1.65877300e-03        1.82398683e-06  78.7735  77.4853
0202-11-01_11:07:39.277000      1014.03        1.48127100e-03        1.82203470e-06  78.7175  77.4647
0202-11-01_11:07:41.363000      1016.12        1.68021800e-03        1.82308832e-06  78.7271  77.4384
0202-11-01_11:07:43.460000      1018.22        1.43578300e-03        1.82432732e-06  78.7047  77.4253
0202-11-01_11:07:45.547000      1020.30        1.87508400e-03        1.82411029e-06  78.6599  77.4052
0202-11-01_11:07:47.645000      1022.40        1.66597100e-03        1.82547385e-06  78.6563  77.3886
0202-11-01_11:07:49.746000      1024.50        1.63532400e-03        1.82224943e-06  78.6373  77.3730
0202-11-01_11:07:51.848000      1026.60        1.75338600e-03        1.81973932e-06  78.6482  77.3507
0202-11-01_11:07:53.926000      1028.68        1.48038200e-03        1.81911971e-06  78.6322  77.3373
0202-11-01_11:07:56.004000      1030.76        1.69906700e-03        1.82122761e-06  78.6242  77.3221
0202-11-01_11:07:58.090000      1032.84        1.49707800e-03        1.81419309e-06  78.5731  77.3054
0202-11-01_11:08:00.240000      1034.99        1.60400900e-03        1.81468869e-06  78.5360  77.2860
0202-11-01_11:08:02.324000      1037.08        1.54501500e-03        1.81428573e-06  78.5585  77.2629
0202-11-01_11:08:04.402000      1039.16        1.58783200e-03        1.82262179e-06  78.5261  77.2433
0202-11-01_11:08:06.480000      1041.23        1.44914000e-03        1.81877913e-06  78.5044  77.2322
0202-11-01_11:08:08.566000      1043.32        1.53470000e-03        1.82039060e-06  78.4488  77.2051
0202-11-01_11:08:10.668000      1045.42        1.56104300e-03        1.81614508e-06  78.5109  77.1988
0202-11-01_11:08:12.746000      1047.50        1.65973700e-03        1.81955396e-06  78.4462  77.1817
0202-11-01_11:08:14.832000      1049.59        1.76911800e-03        1.81722978e-06  78.4432  77.1635
0202-11-01_11:08:16.920000      1051.68        1.50375600e-03        1.81546342e-06  78.4023  77.1466
0202-11-01_11:08:19             1053.75        1.45069800e-03        1.81636194e-06  78.3998  77.1326
0202-11-01_11:08:21.080000      1055.83        1.33026200e-03        1.81502938e-06  78.4292  77.1185
0202-11-01_11:08:23.207000      1057.96        1.86439800e-03        1.81406811e-06  78.4138  77.0995
0202-11-01_11:08:25.293000      1060.05        1.55518100e-03        1.81583382e-06  78.3171  77.0633
0202-11-01_11:08:27.390000      1062.15        1.56950300e-03        1.81527600e-06  78.3070  77.0525
0202-11-01_11:08:29.470000      1064.22        1.78907900e-03        1.81496629e-06  78.3712  77.0438
0202-11-01_11:08:31.547000      1066.30        1.65461700e-03        1.80703319e-06  78.3084  77.0178
0202-11-01_11:08:33.637000      1068.39        1.60883200e-03        1.81248729e-06  78.2893  77.0083
0202-11-01_11:08:35.758000      1070.51        1.41033100e-03        1.81174364e-06  78.2404  76.9840
0202-11-01_11:08:37.848000      1072.60        1.17821400e-03        1.81633006e-06  78.2714  76.9696
0202-11-01_11:08:39.926000      1074.68        1.36803300e-03        1.81282831e-06  78.2505  76.9516
0202-11-01_11:08:42.016000      1076.77        1.51258700e-03        1.81685659e-06  78.1766  76.9332
0202-11-01_11:08:44.100000      1078.85        1.37716100e-03        1.80817965e-06  78.2142  76.9247
0202-11-01_11:08:46.215000      1080.97        1.26384800e-03        1.81028719e-06  78.1929  76.9071
0202-11-01_11:08:48.297000      1083.05        1.60467700e-03        1.81388306e-06  78.1351  76.8740
0202-11-01_11:08:50.390000      1085.15        1.39467300e-03        1.81289137e-06  78.1363  76.8608
0202-11-01_11:08:52.480000      1087.24        1.23097400e-03        1.81410005e-06  78.1232  76.8432
0202-11-01_11:08:54.560000      1089.31        1.47860000e-03        1.80266512e-06  78.1119  76.8313
0202-11-01_11:08:56.652000      1091.41        1.32573600e-03        1.80619787e-06  78.0338  76.8103
0202-11-01_11:08:58.780000      1093.54        1.53685200e-03        1.80821195e-06  78.0957  76.7982
0202-11-01_11:09:00.860000      1095.61        1.50687300e-03        1.80681735e-06  78.0486  76.7771
0202-11-01_11:09:02.957000      1097.71        1.65899600e-03        1.81035012e-06  78.0285  76.7646
0202-11-01_11:09:05.043000      1099.80        1.29672000e-03        1.80691105e-06  78.0353  76.7489
0202-11-01_11:09:07.120000      1101.88        1.45811900e-03        1.80480382e-06  77.9857  76.7291
0202-11-01_11:09:09.266000      1104.02        1.38977500e-03        1.80774781e-06  77.9857  76.7112
0202-11-01_11:09:11.355000      1106.11        1.49967500e-03        1.80870692e-06  77.9418  76.6882
0202-11-01_11:09:13.438000      1108.19        1.33590200e-03        1.80455437e-06  77.9109  76.6727
0202-11-01_11:09:15.516000      1110.27        1.68697100e-03        1.81267316e-06  77.8807  76.6551
0202-11-01_11:09:17.594000      1112.35        1.77898700e-03        1.80672294e-06  77.9281  76.6398
0202-11-01_11:09:19.715000      1114.47        1.58857400e-03        1.80706379e-06  77.8851  76.6184
0202-11-01_11:09:21.805000      1116.56        1.63554600e-03        1.80743607e-06  77.8478  76.6013
0202-11-01_11:09:23.895000      1118.65        1.40409700e-03        1.80424439e-06  77.8198  76.5810
0202-11-01_11:09:25.970000      1120.72        1.63747600e-03        1.80402748e-06  77.8386  76.5698
0202-11-01_11:09:28.047000      1122.80        1.68296400e-03        1.80433673e-06  77.8483  76.5558
0202-11-01_11:09:30.137000      1124.89        1.50657600e-03        1.80049400e-06  77.7836  76.5382
0202-11-01_11:09:32.254000      1127.01        1.77690900e-03        1.80631995e-06  77.7359  76.5194
0202-11-01_11:09:34.340000      1129.09        1.85675500e-03        1.80086742e-06  77.7286  76.4936
0202-11-01_11:09:36.426000      1131.18        1.86239500e-03        1.80591862e-06  77.7757  76.4795
0202-11-01_11:09:38.504000      1133.26        2.06839200e-03        1.80889341e-06  77.7344  76.4630
0202-11-01_11:09:40.582000      1135.34        2.08501400e-03        1.80486456e-06  77.7091  76.4548
0202-11-01_11:09:42.684000      1137.44        1.75138200e-03        1.80474061e-06  77.7210  76.4360
0202-11-01_11:09:44.785000      1139.54        1.79427400e-03        1.80523631e-06  77.7242  76.4198
0202-11-01_11:09:46.870000      1141.63        1.82314000e-03        1.80207539e-06  77.7200  76.4043
0202-11-01_11:09:48.960000      1143.72        1.69127500e-03        1.80309800e-06  77.6285  76.3835
0202-11-01_11:09:51.040000      1145.79        1.73735700e-03        1.80539050e-06  77.5949  76.3581
0202-11-01_11:09:53.117000      1147.87        1.96279600e-03        1.79776699e-06  77.6023  76.3514
0202-11-01_11:09:55.258000      1150.01        1.95596900e-03        1.80139275e-06  77.6263  76.3330
0202-11-01_11:09:57.344000      1152.10        1.90409900e-03        1.80055533e-06  77.5668  76.3086
0202-11-01_11:09:59.420000      1154.18        1.71383400e-03        1.80052435e-06  77.5825  76.2919
0202-11-01_11:10:01.500000      1156.26        1.78343900e-03        1.80040035e-06  77.5109  76.2777
0202-11-01_11:10:03.590000      1158.34        1.58115300e-03        1.79538091e-06  77.5179  76.2633
0202-11-01_11:10:05.703000      1160.46        1.64385800e-03        1.79844885e-06  77.4598  76.2352
0202-11-01_11:10:07.785000      1162.54        1.52030400e-03        1.79407955e-06  77.4797  76.2167
0202-11-01_11:10:09.863000      1164.62        1.57885300e-03        1.79373878e-06  77.4714  76.2117
0202-11-01_11:10:11.950000      1166.70        1.57143200e-03        1.79336693e-06  77.4365  76.1903
0202-11-01_11:10:14.050000      1168.80        1.36996300e-03        1.79172450e-06  77.4228  76.1707
0202-11-01_11:10:16.125000      1170.88        1.33998400e-03        1.79968868e-06  77.4065  76.1595
0202-11-01_11:10:18.277000      1173.03        1.25932200e-03        1.79237524e-06  77.4063  76.1455
0202-11-01_11:10:20.355000      1175.11        1.78254900e-03        1.79590798e-06  77.3237  76.1145
0202-11-01_11:10:22.438000      1177.19        1.62901600e-03        1.79652775e-06  77.3537  76.0962
0202-11-01_11:10:24.520000      1179.28        1.72503900e-03        1.79420359e-06  77.3685  76.0857
0202-11-01_11:10:26.620000      1181.37        1.52631500e-03        1.80539034e-06  77.3077  76.0647
0202-11-01_11:10:28.780000      1183.53        1.26600000e-03        1.79736413e-06  77.2722  76.0441
0202-11-01_11:10:30.867000      1185.62        1.31237900e-03        1.79138294e-06  77.2582  76.0280
0202-11-01_11:10:32.945000      1187.70        1.52164000e-03        1.78471982e-06  77.2627  76.0173
0202-11-01_11:10:35.043000      1189.80        1.19357400e-03        1.79073171e-06  77.2639  75.9984
0202-11-01_11:10:37.125000      1191.88        1.43437400e-03        1.79336623e-06  77.1932  75.9753
0202-11-01_11:10:39.246000      1194.00        1.15476500e-03        1.79429610e-06  77.2526  75.9685
0202-11-01_11:10:41.330000      1196.08        1.34050300e-03        1.79063939e-06  77.2108  75.9463
0202-11-01_11:10:43.426000      1198.18        8.28776600e-04        1.79020544e-06  77.2230  75.9284
0202-11-01_11:10:45.516000      1200.27        1.09295100e-03        1.79262259e-06  77.1556  75.9054
0202-11-01_11:10:47.600000      1202.36        1.47800700e-03        1.79674412e-06  77.0876  75.8894
0202-11-01_11:10:49.710000      1204.47        1.53202900e-03        1.79290142e-06  77.1393  75.8767
0202-11-01_11:10:51.790000      1206.55        1.48661500e-03        1.78444140e-06  77.1148  75.8581
0202-11-01_11:10:53.880000      1208.63        1.51652000e-03        1.79231278e-06  77.0574  75.8396
0202-11-01_11:10:55.973000      1210.73        1.53989500e-03        1.78803723e-06  77.0406  75.8249
0202-11-01_11:10:58.050000      1212.81        1.69750900e-03        1.78620885e-06  77.0700  75.8074
0202-11-01_11:11:00.130000      1214.88        1.45722900e-03        1.78614701e-06  77.0343  75.7895
0202-11-01_11:11:02.270000      1217.03        1.63413700e-03        1.78546528e-06  77.0317  75.7721
0202-11-01_11:11:04.367000      1219.12        1.64430300e-03        1.78165363e-06  76.9604  75.7451
0202-11-01_11:11:06.450000      1221.21        1.49692900e-03        1.78865713e-06  76.9615  75.7365
0202-11-01_11:11:08.540000      1223.29        1.47949100e-03        1.78794434e-06  76.9220  75.7126
0202-11-01_11:11:10.637000      1225.39        1.59035500e-03        1.78800631e-06  76.9268  75.7001
0202-11-01_11:11:12.760000      1227.52        1.47273800e-03        1.78394701e-06  76.9255  75.6852
0202-11-01_11:11:14.863000      1229.62        1.33456600e-03        1.78469077e-06  76.8477  75.6582
0202-11-01_11:11:16.953000      1231.71        1.54813200e-03        1.78177780e-06  76.9163  75.6529
0202-11-01_11:11:19.040000      1233.79        1.45478000e-03        1.78388531e-06  76.8824  75.6369
0202-11-01_11:11:21.150000      1235.90        1.32677400e-03        1.78537277e-06  76.8350  75.6157
0202-11-01_11:11:23.280000      1238.03        1.47689300e-03        1.78109582e-06  76.8525  75.6044
0202-11-01_11:11:25.360000      1240.11        1.74047400e-03        1.78778919e-06  76.8180  75.5716
0202-11-01_11:11:27.434000      1242.19        1.36833000e-03        1.78001091e-06  76.8014  75.5584
0202-11-01_11:11:29.520000      1244.28        1.98594800e-03        1.78261392e-06  76.7894  75.5412
0202-11-01_11:11:31.610000      1246.37        1.66775200e-03        1.78270682e-06  76.7596  75.5194
0202-11-01_11:11:33.780000      1248.53        1.72696800e-03        1.78053762e-06  76.7474  75.5037
0202-11-01_11:11:35.883000      1250.64        1.66255700e-03        1.78379103e-06  76.7389  75.4925
0202-11-01_11:11:37.957000      1252.71        1.75093700e-03        1.78574333e-06  76.7497  75.4751
0202-11-01_11:11:40.055000      1254.81        1.75798700e-03        1.78357409e-06  76.7156  75.4537
0202-11-01_11:11:42.150000      1256.90        2.24062400e-03        1.78295369e-06  76.6719  75.4402
0202-11-01_11:11:44.258000      1259.01        1.75642800e-03        1.78459613e-06  76.6068  75.4198
0202-11-01_11:11:46.344000      1261.10        1.61558500e-03        1.78363499e-06  76.6644  75.4003
0202-11-01_11:11:48.420000      1263.18        1.61365600e-03        1.78003965e-06  76.5789  75.3784
0202-11-01_11:11:50.523000      1265.28        1.81453200e-03        1.77331502e-06  76.6252  75.3634
0202-11-01_11:11:52.600000      1267.36        1.93244500e-03        1.77994723e-06  76.5993  75.3459
0202-11-01_11:11:54.695000      1269.45        1.99418500e-03        1.78134195e-06  76.5576  75.3314
0202-11-01_11:11:56.797000      1271.55        1.64734500e-03        1.78028836e-06  76.6065  75.3222
0202-11-01_11:11:58.875000      1273.63        1.77312500e-03        1.77790247e-06  76.5283  75.2931
0202-11-01_11:12:00.960000      1275.72        1.62693800e-03        1.77567133e-06  76.5478  75.2819
0202-11-01_11:12:03.060000      1277.81        1.52995100e-03        1.77737572e-06  76.4899  75.2639
0202-11-01_11:12:05.180000      1279.94        1.72214500e-03        1.77384251e-06  76.4909  75.2484
0202-11-01_11:12:07.285000      1282.04        1.53944900e-03        1.77762319e-06  76.5132  75.2322
0202-11-01_11:12:09.375000      1284.13        1.49982400e-03        1.77263394e-06  76.4444  75.2026
0202-11-01_11:12:11.465000      1286.22        1.81519900e-03        1.77855336e-06  76.3918  75.1920
0202-11-01_11:12:13.543000      1288.30        1.96227600e-03        1.76993837e-06  76.4165  75.1755
0202-11-01_11:12:15.620000      1290.37        1.50256900e-03        1.77127048e-06  76.4277  75.1581
0202-11-01_11:12:17.797000      1292.55        1.63502700e-03        1.77046461e-06  76.3730  75.1383
0202-11-01_11:12:19.875000      1294.63        1.59228400e-03        1.77291274e-06  76.3432  75.1231
0202-11-01_11:12:21.953000      1296.71        1.86076200e-03        1.76947309e-06  76.3159  75.1024
0202-11-01_11:12:24.040000      1298.79        1.48238500e-03        1.77870790e-06  76.3560  75.0905
0202-11-01_11:12:26.152000      1300.91        1.48268200e-03        1.77328479e-06  76.3357  75.0767
0202-11-01_11:12:28.270000      1303.02        1.66411600e-03        1.77350152e-06  76.2862  75.0568
0202-11-01_11:12:30.360000      1305.11        1.78900500e-03        1.77384239e-06  76.2733  75.0344
0202-11-01_11:12:32.450000      1307.20        1.74433300e-03        1.77303666e-06  76.2482  75.0147
0202-11-01_11:12:34.535000      1309.29        1.25798500e-03        1.77399855e-06  76.2079  74.9972
0202-11-01_11:12:36.633000      1311.39        1.81883600e-03        1.76488777e-06  76.2137  74.9799
0202-11-01_11:12:38.773000      1313.53        1.59161600e-03        1.76801778e-06  76.2137  74.9692
0202-11-01_11:12:40.850000      1315.61        1.46969600e-03        1.76485701e-06  76.2063  74.9502
0202-11-01_11:12:42.930000      1317.68        1.52646300e-03        1.77254232e-06  76.1631  74.9309
0202-11-01_11:12:45.016000      1319.77        1.67190700e-03        1.77167414e-06  76.1868  74.9237
0202-11-01_11:12:47.100000      1321.86        1.76874700e-03        1.77375020e-06  76.1173  74.8936
0202-11-01_11:12:49.230000      1323.98        1.75427600e-03        1.77139504e-06  76.0852  74.8782
0202-11-01_11:12:51.324000      1326.08        1.67636000e-03        1.77074495e-06  76.0827  74.8546
0202-11-01_11:12:53.402000      1328.16        1.87018600e-03        1.76684039e-06  76.1196  74.8419
0202-11-01_11:12:55.490000      1330.24        1.59822100e-03        1.76897866e-06  76.0879  74.8270
0202-11-01_11:12:57.586000      1332.34        1.60126300e-03        1.76721277e-06  76.0133  74.8005
0202-11-01_11:12:59.742000      1334.50        1.79509000e-03        1.77158223e-06  76.0229  74.7899
0202-11-01_11:13:01.848000      1336.60        1.77527700e-03        1.76519817e-06  75.9630  74.7684
0202-11-01_11:13:03.953000      1338.71        1.45492900e-03        1.76947426e-06  76.0234  74.7575
0202-11-01_11:13:06.027000      1340.78        1.43051500e-03        1.76569359e-06  75.9574  74.7385
0202-11-01_11:13:08.105000      1342.86        1.59317500e-03        1.76240938e-06  75.8738  74.7092
0202-11-01_11:13:10.240000      1344.99        1.47733900e-03        1.77086964e-06  75.9384  74.7022
0202-11-01_11:13:12.344000      1347.10        1.19891800e-03        1.76485776e-06  75.8861  74.6781
0202-11-01_11:13:14.430000      1349.18        1.31579200e-03        1.76244163e-06  75.8998  74.6660
0202-11-01_11:13:16.508000      1351.26        1.18511600e-03        1.76210093e-06  75.8345  74.6416
0202-11-01_11:13:18.605000      1353.36        1.24143800e-03        1.76479697e-06  75.8504  74.6294
0202-11-01_11:13:20.700000      1355.45        1.67791800e-03        1.76501266e-06  75.8457  74.6220
0202-11-01_11:13:22.800000      1357.56        1.53766900e-03        1.76408299e-06  75.8158  74.5919
0202-11-01_11:13:24.880000      1359.63        1.60564200e-03        1.76340142e-06  75.8039  74.5813
0202-11-01_11:13:26.960000      1361.72        1.48238500e-03        1.76386698e-06  75.7876  74.5673
0202-11-01_11:13:29.047000      1363.80        1.51637200e-03        1.75825795e-06  75.7420  74.5449
0202-11-01_11:13:31.168000      1365.92        1.26503500e-03        1.75274176e-06  75.7759  74.5333
0202-11-01_11:13:33.270000      1368.02        1.50294000e-03        1.75742108e-06  75.7497  74.5122
0202-11-01_11:13:35.350000      1370.11        1.52386600e-03        1.75872262e-06  75.7377  74.4936
0202-11-01_11:13:37.430000      1372.18        1.89014800e-03        1.76312231e-06  75.7065  74.4747
0202-11-01_11:13:39.516000      1374.27        1.55993000e-03        1.76166557e-06  75.6726  74.4553
0202-11-01_11:13:41.617000      1376.37        1.85527100e-03        1.76178951e-06  75.6511  74.4437
0202-11-01_11:13:43.750000      1378.51        2.03626000e-03        1.76073665e-06  75.6425  74.4211
0202-11-01_11:13:45.840000      1380.59        1.78841100e-03        1.76033379e-06  75.6403  74.4053
0202-11-01_11:13:47.926000      1382.68        1.81275100e-03        1.75915620e-06  75.5745  74.3843
0202-11-01_11:13:50.016000      1384.77        2.13977800e-03        1.75822643e-06  75.6200  74.3765
0202-11-01_11:13:52.113000      1386.87        1.82774100e-03        1.76079851e-06  75.5637  74.3586
0202-11-01_11:13:54.240000      1388.99        1.74752400e-03        1.75357811e-06  75.5736  74.3428
0202-11-01_11:13:56.332000      1391.09        1.70233200e-03        1.75968297e-06  75.5042  74.3117
0202-11-01_11:13:58.410000      1393.17        1.33679200e-03        1.75810253e-06  75.5227  74.3014
0202-11-01_11:14:00.496000      1395.25        1.23231000e-03        1.75655344e-06  75.5007  74.2821
0202-11-01_11:14:02.598000      1397.35        1.52104600e-03        1.75426039e-06  75.4695  74.2656
0202-11-01_11:14:04.720000      1399.47        1.52401500e-03        1.75317575e-06  75.4387  74.2446
0202-11-01_11:14:06.797000      1401.55        1.57380700e-03        1.75069663e-06  75.4649  74.2381
0202-11-01_11:14:08.870000      1403.63        1.65335600e-03        1.75655358e-06  75.4451  74.2210
0202-11-01_11:14:10.970000      1405.73        1.60556700e-03        1.75571687e-06  75.4070  74.1967
0202-11-01_11:14:13.055000      1407.81        1.85942600e-03        1.74911551e-06  75.3666  74.1771
0202-11-01_11:14:15.133000      1409.89        1.63042600e-03        1.74908452e-06  75.3661  74.1708
0202-11-01_11:14:17.258000      1412.01        1.78907900e-03        1.75531302e-06  75.3869  74.1473
0202-11-01_11:14:19.340000      1414.09        1.73795100e-03        1.74861880e-06  75.3306  74.1229
0202-11-01_11:14:21.438000      1416.19        1.56579300e-03        1.74660453e-06  75.3497  74.1074
0202-11-01_11:14:23.516000      1418.27        1.63354300e-03        1.74889730e-06  75.2781  74.0897