# Ic = 5.03 A, n = 26.60 , Tavg = 19.98 K, f33-150keV-100nA-20K
#datetime                        t_s     iHTS_A                vHTS_V                tHTS_K  tTAR_K
0202-12-20_14:38:46.883000      73742.04        4.96784100e-02       -4.55541000e-10  19.9682  19.9597
0202-12-20_14:38:47.090000      73742.24        4.81586600e-02       -1.13731100e-09  19.9768  19.7513
0202-12-20_14:38:47.293000      73742.44        9.79555300e-02       -4.48416100e-09  19.9768  19.7513
0202-12-20_14:38:47.496000      73742.65        1.44964600e-01       -5.78648100e-09  19.9768  19.7513
0202-12-20_14:38:47.690000      73742.84        1.97327500e-01       -8.08046100e-09  19.9768  19.7513
0202-12-20_14:38:47.914000      73743.07        2.47753700e-01       -5.78827100e-09  19.9768  19.7513
0202-12-20_14:38:48.133000      73743.28        2.95230900e-01       -3.61902100e-09  19.9781  19.7221
0202-12-20_14:38:48.340000      73743.49        3.45988000e-01       -1.00648010e-08  19.9781  19.7221
0202-12-20_14:38:48.530000      73743.69        3.92997700e-01       -9.50699100e-09  19.9781  19.7221
0202-12-20_14:38:48.742000      73743.90        4.44927300e-01       -9.01116100e-09  19.9781  19.7221
0202-12-20_14:38:48.945000      73744.10        4.95071500e-01       -3.55704100e-09  19.9738  19.9577
0202-12-20_14:38:49.160000      73744.31        5.42131200e-01       -5.16849100e-09  19.9738  19.9577
0202-12-20_14:38:49.360000      73744.51        5.94004400e-01       -1.03127110e-08  19.9738  19.9577
0202-12-20_14:38:49.570000      73744.72        6.42174700e-01       -9.32106100e-09  19.9738  19.9577
0202-12-20_14:38:49.770000      73744.92        6.90104500e-01       -7.33774100e-09  19.9738  19.9577
0202-12-20_14:38:49.980000      73745.13        7.41857500e-01       -5.10651100e-09  19.9812  19.7913
0202-12-20_14:38:50.176000      73745.33        7.89392600e-01       -8.76325100e-09  19.9812  19.7913
0202-12-20_14:38:50.387000      73745.54        8.41622000e-01       -4.36276100e-09  19.9812  19.7913
0202-12-20_14:38:50.594000      73745.75        8.90103900e-01       -9.07314100e-09  19.9812  19.7913
0202-12-20_14:38:50.797000      73745.95        9.38745200e-01       -1.04366710e-08  19.9812  19.7913
0202-12-20_14:38:50.990000      73746.14        9.90067700e-01       -1.44033010e-08  19.9930  19.9216
0202-12-20_14:38:51.190000      73746.34        1.03518400e+00       -1.34116510e-08  19.9930  19.9216
0202-12-20_14:38:51.395000      73746.55        1.08894500e+00       -4.54870100e-09  19.9930  19.9216
0202-12-20_14:38:51.586000      73746.74        1.13885300e+00        9.96990000e-11  19.9930  19.9216
0202-12-20_14:38:51.790000      73746.94        1.18322400e+00       -5.41640100e-09  19.9930  19.9216
0202-12-20_14:38:52             73747.15        1.23783200e+00       -1.15522910e-08  20.0228  19.6450
0202-12-20_14:38:52.190000      73747.34        1.28726400e+00       -2.25225110e-08  20.0228  19.6450
0202-12-20_14:38:52.400000      73747.55        1.33193000e+00       -1.47751810e-08  20.0228  19.6450
0202-12-20_14:38:52.590000      73747.74        1.38619900e+00       -1.42793510e-08  20.0228  19.6450
0202-12-20_14:38:52.780000      73747.93        1.43595600e+00       -8.51533100e-09  20.0228  19.6450
0202-12-20_14:38:52.984000      73748.14        1.48394300e+00       -1.27298810e-08  19.9531  19.9553
0202-12-20_14:38:53.188000      73748.34        1.53339200e+00       -1.37215410e-08  19.9531  19.9553
0202-12-20_14:38:53.383000      73748.54        1.58498600e+00       -1.39073310e-08  19.9531  19.9553
0202-12-20_14:38:53.594000      73748.75        1.63364400e+00       -1.00021110e-08  19.9531  19.9553
0202-12-20_14:38:53.785000      73748.94        1.68376300e+00       -9.07200100e-09  19.9531  19.9553
0202-12-20_14:38:53.984000      73749.14        1.73403300e+00       -8.26599100e-09  19.9780  19.7139
0202-12-20_14:38:54.188000      73749.34        1.78177900e+00       -1.10550310e-08  19.9780  19.7139
0202-12-20_14:38:54.383000      73749.53        1.83133800e+00       -1.34721910e-08  19.9780  19.7139
0202-12-20_14:38:54.574000      73749.73        1.88222600e+00       -1.71289410e-08  19.9780  19.7139
0202-12-20_14:38:54.785000      73749.94        1.93288700e+00       -2.23351410e-08  19.9780  19.7139
0202-12-20_14:38:54.990000      73750.14        1.98032400e+00       -2.20872310e-08  19.9797  19.7536
0202-12-20_14:38:55.180000      73750.33        2.03154700e+00       -1.84924710e-08  19.9797  19.7536
0202-12-20_14:38:55.380000      73750.53        2.08121600e+00       -1.06211810e-08  19.9797  19.7536
0202-12-20_14:38:55.574000      73750.73        2.12404900e+00       -1.23565810e-08  19.9797  19.7536
0202-12-20_14:38:55.770000      73750.92        2.18008500e+00       -1.32242810e-08  19.9797  19.7536
0202-12-20_14:38:55.977000      73751.13        2.23006800e+00       -1.36581310e-08  19.9772  19.9461
0202-12-20_14:38:56.168000      73751.32        2.27746000e+00       -1.04352410e-08  19.9772  19.9461
0202-12-20_14:38:56.375000      73751.53        2.32926800e+00       -9.00973100e-09  19.9772  19.9461
0202-12-20_14:38:56.570000      73751.72        2.37909100e+00       -6.71652100e-09  19.9772  19.9461
0202-12-20_14:38:56.766000      73751.92        2.42472200e+00       -1.18607510e-08  19.9772  19.9461
0202-12-20_14:38:56.977000      73752.13        2.47832400e+00       -1.48357310e-08  19.9948  19.7559
0202-12-20_14:38:57.184000      73752.33        2.52797400e+00       -1.35961510e-08  19.9948  19.7559
0202-12-20_14:38:57.383000      73752.54        2.57456900e+00       -1.09930510e-08  19.9948  19.7559
0202-12-20_14:38:57.580000      73752.73        2.62748000e+00       -1.55174910e-08  19.9948  19.7559
0202-12-20_14:38:57.790000      73752.94        2.67684000e+00       -1.84304910e-08  19.9948  19.7559
0202-12-20_14:38:57.996000      73753.15        2.72538100e+00       -1.24185610e-08  19.9948  19.7559
0202-12-20_14:38:58.188000      73753.34        2.77567800e+00       -7.52224100e-09  19.9853  19.9879
0202-12-20_14:38:58.395000      73753.55        2.82393000e+00       -9.38160100e-09  19.9853  19.9879
0202-12-20_14:38:58.586000      73753.74        2.87369100e+00       -1.74388310e-08  19.9853  19.9879
0202-12-20_14:38:58.785000      73753.94        2.92521500e+00       -1.92981910e-08  19.9853  19.9879
0202-12-20_14:38:58.990000      73754.14        2.97292600e+00       -1.97940210e-08  19.9992  19.6913
0202-12-20_14:38:59.180000      73754.33        3.02244400e+00       -2.05377610e-08  19.9992  19.6913
0202-12-20_14:38:59.375000      73754.53        3.07397000e+00       -1.99795910e-08  19.9992  19.6913
0202-12-20_14:38:59.586000      73754.74        3.12402100e+00       -2.05359310e-08  19.9992  19.6913
0202-12-20_14:38:59.785000      73754.94        3.17173100e+00       -1.57624810e-08  19.9992  19.6913
0202-12-20_14:38:59.980000      73755.13        3.22260500e+00       -1.83648510e-08  19.9839  19.7888
0202-12-20_14:39:00.176000      73755.33        3.27135200e+00       -1.48940410e-08  19.9839  19.7888
0202-12-20_14:39:00.367000      73755.52        3.31969600e+00       -1.86747410e-08  19.9839  19.7888
0202-12-20_14:39:00.562000      73755.71        3.37171500e+00       -1.55758110e-08  19.9839  19.7888
0202-12-20_14:39:00.770000      73755.92        3.42199500e+00       -1.69393410e-08  19.9839  19.7888
0202-12-20_14:39:00.965000      73756.12        3.46888200e+00       -1.71872510e-08  19.9762  19.9204
0202-12-20_14:39:01.164000      73756.32        3.52127900e+00       -1.44601910e-08  19.9762  19.9204
0202-12-20_14:39:01.367000      73756.52        3.57091200e+00       -1.35305110e-08  19.9762  19.9204
0202-12-20_14:39:01.566000      73756.72        3.61810600e+00       -1.54518510e-08  19.9762  19.9204
0202-12-20_14:39:01.780000      73756.93        3.66989300e+00       -1.70013210e-08  19.9762  19.9204
0202-12-20_14:39:01.973000      73757.13        3.71762000e+00       -1.34685310e-08  20.0058  19.6419
0202-12-20_14:39:02.170000      73757.32        3.76711600e+00       -1.07414710e-08  20.0058  19.6419
0202-12-20_14:39:02.370000      73757.52        3.81888900e+00       -1.37164510e-08  20.0058  19.6419
0202-12-20_14:39:02.580000      73757.73        3.86863800e+00       -1.26628110e-08  20.0058  19.6419
0202-12-20_14:39:02.770000      73757.92        3.91619100e+00       -1.37164510e-08  20.0058  19.6419
0202-12-20_14:39:02.965000      73758.12        3.96733300e+00       -1.69393410e-08  19.9673  19.7142
0202-12-20_14:39:03.170000      73758.32        4.01750100e+00       -1.63815310e-08  19.9673  19.7142
0202-12-20_14:39:03.367000      73758.52        4.06527600e+00       -9.87377100e-09  19.9673  19.7142
0202-12-20_14:39:03.566000      73758.72        4.11645800e+00       -1.12992810e-08  19.9673  19.7142
0202-12-20_14:39:03.766000      73758.92        4.16690600e+00       -1.56997610e-08  19.9673  19.7142
0202-12-20_14:39:03.960000      73759.11        4.21246700e+00       -1.81789110e-08  19.9602  19.9593
0202-12-20_14:39:04.170000      73759.32        4.26548600e+00       -8.88211100e-09  19.9602  19.9593
0202-12-20_14:39:04.370000      73759.52        4.31583800e+00       -7.64253100e-09  19.9602  19.9593
0202-12-20_14:39:04.574000      73759.73        4.36225000e+00       -6.83681100e-09  19.9602  19.9593
0202-12-20_14:39:04.777000      73759.93        4.41460700e+00       -1.06175110e-08  19.9602  19.9593
0202-12-20_14:39:04.984000      73760.14        4.46392700e+00       -1.04315810e-08  19.9647  19.7530
0202-12-20_14:39:05.188000      73760.34        4.51203600e+00       -9.99772100e-09  19.9647  19.7530
0202-12-20_14:39:05.383000      73760.54        4.56416300e+00       -3.11728100e-09  19.9647  19.7530
0202-12-20_14:39:05.580000      73760.73        4.61168300e+00        1.22242900e-09  19.9647  19.7530
0202-12-20_14:39:05.777000      73760.93        4.66034200e+00        8.47554900e-09  19.9647  19.7530
0202-12-20_14:39:05.973000      73761.12        4.71211700e+00        1.08931190e-08  19.9743  19.9515
0202-12-20_14:39:06.168000      73761.32        4.76255000e+00        2.40945890e-08  19.9743  19.9515
0202-12-20_14:39:06.380000      73761.53        4.80799400e+00        5.23568890e-08  19.9743  19.9515
0202-12-20_14:39:06.574000      73761.73        4.86210500e+00        7.24999790e-08  19.9743  19.9515
0202-12-20_14:39:06.770000      73761.92        4.91109400e+00        9.30769190e-08  19.9743  19.9515
0202-12-20_14:39:06.977000      73762.13        4.95595000e+00        1.27537099e-07  19.9961  19.6117
0202-12-20_14:39:07.168000      73762.32        5.01001700e+00        1.67885249e-07  19.9961  19.6117
0202-12-20_14:39:07.367000      73762.52        5.06006100e+00        2.18645829e-07  19.9961  19.6117
0202-12-20_14:39:07.570000      73762.72        5.10849600e+00        3.04672319e-07  19.9961  19.6117
0202-12-20_14:39:07.766000      73762.92        5.15814200e+00        3.89025369e-07  19.9961  19.6117
0202-12-20_14:39:07.965000      73763.12        5.20887400e+00        4.83233039e-07  19.9821  19.7193
0202-12-20_14:39:08.170000      73763.33        5.25701500e+00        6.10041529e-07  19.9821  19.7193
0202-12-20_14:39:08.375000      73763.53        5.30809200e+00        8.18661939e-07  19.9821  19.7193
0202-12-20_14:39:08.574000      73763.73        5.35852900e+00        1.01941106e-06  19.9821  19.7193
0202-12-20_14:39:08.785000      73763.94        5.40519500e+00        1.34269213e-06  19.9821  19.7193
0202-12-20_14:39:08.996000      73764.15        5.45756100e+00        1.63182291e-06  20.0025  19.6937
0202-12-20_14:39:09.200000      73764.35        5.50727300e+00        1.97332573e-06  20.0025  19.6937
0202-12-20_14:39:09.395000      73764.55        5.55367900e+00        2.52425467e-06  20.0025  19.6937
0202-12-20_14:39:09.586000      73764.74        5.60634700e+00        4.13117723e-06  20.0025  19.6937
0202-12-20_14:39:09.780000      73764.93        5.65646800e+00        4.25903933e-06  20.0025  19.6937
0202-12-20_14:39:09.992000      73765.14        5.70179400e+00        5.62449283e-06  19.9774  19.7807
0202-12-20_14:39:10.195000      73765.35        5.75552100e+00        7.39658863e-06  19.9774  19.7807
0202-12-20_14:39:10.390000      73765.54        5.80503500e+00        8.91841443e-06  19.9774  19.7807
0202-12-20_14:39:10.598000      73765.75        5.85342700e+00        1.04916825e-05  19.9774  19.7807