# Ic = 5.03 A, n = 26.69 , Tavg = 20.00 K, f33-150keV-100nA-20K
#datetime                        t_s     iHTS_A                vHTS_V                tHTS_K  tTAR_K
0202-12-20_14:38:09.875000      73705.03        4.90385100e-02       -1.12956150e-08  19.9773  19.9514
0202-12-20_14:38:10.070000      73705.22        4.67707700e-02       -7.14304500e-09  20.0013  19.6178
0202-12-20_14:38:10.270000      73705.42        9.83737300e-02       -6.52325500e-09  20.0013  19.6178
0202-12-20_14:38:10.470000      73705.62        1.48142300e-01       -2.92849500e-09  20.0013  19.6178
0202-12-20_14:38:10.670000      73705.83        1.95986000e-01        2.32425000e-10  20.0013  19.6178
0202-12-20_14:38:10.887000      73706.04        2.47808600e-01        1.08465000e-10  20.0013  19.6178
0202-12-20_14:38:11.090000      73706.24        2.95331700e-01        7.42194500e-09  19.9596  19.9587
0202-12-20_14:38:11.280000      73706.43        3.44007300e-01        4.01311500e-09  19.9596  19.9587
0202-12-20_14:38:11.496000      73706.65        3.96597100e-01        1.12646250e-08  19.9596  19.9587
0202-12-20_14:38:11.688000      73706.84        4.43482100e-01        7.60788500e-09  19.9596  19.9587
0202-12-20_14:38:11.900000      73707.05        4.93517800e-01        7.17403500e-09  19.9596  19.9587
0202-12-20_14:38:12.105000      73707.26        5.45445700e-01        6.36764500e-09  19.9940  19.6438
0202-12-20_14:38:12.320000      73707.47        5.92677900e-01        1.36806250e-08  19.9940  19.6438
0202-12-20_14:38:12.560000      73707.71        6.44827000e-01        1.13249350e-08  19.9940  19.6438
0202-12-20_14:38:12.760000      73707.91        6.88411300e-01        1.02093250e-08  19.9940  19.6438
0202-12-20_14:38:12.980000      73708.13        7.41902500e-01        1.48577150e-08  19.9824  19.7317
0202-12-20_14:38:13.195000      73708.35        7.91090800e-01        1.17587850e-08  19.9824  19.7317
0202-12-20_14:38:13.400000      73708.55        8.40423000e-01        7.73017500e-09  19.9824  19.7317
0202-12-20_14:38:13.600000      73708.75        8.90788200e-01        7.23434500e-09  19.9824  19.7317
0202-12-20_14:38:13.805000      73708.96        9.38063400e-01        1.02712950e-08  19.9824  19.7317
0202-12-20_14:38:14.010000      73709.16        9.89991400e-01        1.53535450e-08  19.9831  19.9501
0202-12-20_14:38:14.220000      73709.37        1.03770200e+00        1.66551050e-08  19.9831  19.9501
0202-12-20_14:38:14.465000      73709.62        1.08800700e+00        1.70269750e-08  19.9831  19.9501
0202-12-20_14:38:14.676000      73709.83        1.13816300e+00        1.21306550e-08  19.9831  19.9501
0202-12-20_14:38:14.926000      73710.08        1.18937700e+00        2.10555850e-08  19.9831  19.9501
0202-12-20_14:38:15.133000      73710.28        1.23685400e+00        1.91342450e-08  19.9990  19.6189
0202-12-20_14:38:15.350000      73710.50        1.28724200e+00        1.86384150e-08  19.9990  19.6189
0202-12-20_14:38:15.570000      73710.72        1.33637600e+00        1.67790550e-08  19.9990  19.6189
0202-12-20_14:38:15.773000      73710.93        1.38614100e+00        1.59733350e-08  19.9990  19.6189
0202-12-20_14:38:15.977000      73711.13        1.43654200e+00        1.89483150e-08  19.9941  19.9486
0202-12-20_14:38:16.176000      73711.33        1.48198800e+00        2.17993250e-08  19.9941  19.9486
0202-12-20_14:38:16.387000      73711.54        1.53511200e+00        2.11795450e-08  19.9941  19.9486
0202-12-20_14:38:16.594000      73711.75        1.58411300e+00        2.05597550e-08  19.9941  19.9486
0202-12-20_14:38:16.797000      73711.95        1.63480000e+00        2.15514150e-08  19.9941  19.9486
0202-12-20_14:38:17             73712.15        1.68450700e+00        2.39066050e-08  20.0039  19.6191
0202-12-20_14:38:17.203000      73712.36        1.72978600e+00        2.45263850e-08  20.0039  19.6191
0202-12-20_14:38:17.400000      73712.55        1.78343400e+00        2.20472450e-08  20.0039  19.6191
0202-12-20_14:38:17.598000      73712.75        1.83372700e+00        1.89483150e-08  20.0039  19.6191
0202-12-20_14:38:17.793000      73712.94        1.87899400e+00        1.68410350e-08  20.0039  19.6191
0202-12-20_14:38:18.004000      73713.16        1.93223100e+00        1.41758950e-08  19.9806  19.9921
0202-12-20_14:38:18.210000      73713.36        1.98238100e+00        2.19851450e-08  19.9806  19.9921
0202-12-20_14:38:18.406000      73713.56        2.02972200e+00        1.88861350e-08  19.9806  19.9921
0202-12-20_14:38:18.598000      73713.75        2.08137800e+00        2.09934050e-08  19.9806  19.9921
0202-12-20_14:38:18.830000      73713.98        2.13165500e+00        1.77705150e-08  19.9806  19.9921
0202-12-20_14:38:19.062000      73714.21        2.18342500e+00        2.20470450e-08  19.9788  19.9511
0202-12-20_14:38:19.270000      73714.42        2.22913400e+00        1.85762450e-08  19.9788  19.9511
0202-12-20_14:38:19.473000      73714.62        2.27904400e+00        1.79564550e-08  19.9788  19.9511
0202-12-20_14:38:19.676000      73714.83        2.33020100e+00        1.74606250e-08  19.9788  19.9511
0202-12-20_14:38:19.880000      73715.03        2.37600900e+00        2.08074750e-08  19.9788  19.9511
0202-12-20_14:38:20.094000      73715.25        2.43022800e+00        1.20684850e-08  20.0212  19.6163
0202-12-20_14:38:20.297000      73715.45        2.47714400e+00        1.35559750e-08  20.0212  19.6163
0202-12-20_14:38:20.492000      73715.64        2.52070300e+00        1.56012650e-08  20.0212  19.6163
0202-12-20_14:38:20.690000      73715.84        2.57806400e+00        1.81423950e-08  20.0212  19.6163
0202-12-20_14:38:20.895000      73716.05        2.62672300e+00        1.60970950e-08  20.0212  19.6163
0202-12-20_14:38:21.098000      73716.25        2.67609800e+00        1.42377350e-08  19.9856  19.9597
0202-12-20_14:38:21.290000      73716.44        2.72276200e+00        1.15106750e-08  19.9856  19.9597
0202-12-20_14:38:21.484000      73716.64        2.77613000e+00        1.33700350e-08  19.9856  19.9597
0202-12-20_14:38:21.690000      73716.84        2.82177200e+00        8.90757500e-09  19.9856  19.9597
0202-12-20_14:38:21.906000      73717.06        2.87593800e+00        1.23163950e-08  19.9856  19.9597
0202-12-20_14:38:22.133000      73717.29        2.92501900e+00        1.00851650e-08  19.9948  19.7478
0202-12-20_14:38:22.360000      73717.51        2.97539800e+00        8.10185500e-09  19.9948  19.7478
0202-12-20_14:38:22.574000      73717.73        3.02439300e+00        1.05809950e-08  19.9948  19.7478
0202-12-20_14:38:22.777000      73717.93        3.07532700e+00        4.87896500e-09  19.9948  19.7478
0202-12-20_14:38:22.990000      73718.14        3.12415000e+00        1.28419500e-09  19.9779  19.9648
0202-12-20_14:38:23.188000      73718.34        3.17251200e+00       -7.64072500e-09  19.9779  19.9648
0202-12-20_14:38:23.383000      73718.53        3.22341000e+00       -6.09125500e-09  19.9779  19.9648
0202-12-20_14:38:23.580000      73718.73        3.27286100e+00       -1.62879500e-09  19.9779  19.9648
0202-12-20_14:38:23.785000      73718.94        3.31845900e+00       -3.27245000e-10  19.9779  19.9648
0202-12-20_14:38:23.990000      73719.14        3.37275600e+00        3.55215000e-10  19.9779  19.9648
0202-12-20_14:38:24.184000      73719.34        3.42229300e+00       -5.59404500e-09  20.0080  19.7131
0202-12-20_14:38:24.380000      73719.53        3.46875200e+00       -5.77905500e-09  20.0080  19.7131
0202-12-20_14:38:24.580000      73719.73        3.52151400e+00       -1.13065500e-09  20.0080  19.7131
0202-12-20_14:38:24.770000      73719.92        3.57042800e+00       -2.43220500e-09  20.0080  19.7131
0202-12-20_14:38:24.970000      73720.12        3.61877100e+00       -1.44054500e-09  19.9724  19.6147
0202-12-20_14:38:25.164000      73720.32        3.66836700e+00       -2.80407500e-09  19.9724  19.6147
0202-12-20_14:38:25.360000      73720.51        3.71958800e+00        2.09223500e-09  19.9724  19.6147
0202-12-20_14:38:25.566000      73720.72        3.76996300e+00        7.29844500e-09  19.9724  19.6147
0202-12-20_14:38:25.766000      73720.92        3.81767500e+00        7.54636500e-09  19.9724  19.6147
0202-12-20_14:38:25.977000      73721.13        3.86961200e+00        6.98855500e-09  19.9966  19.9463
0202-12-20_14:38:26.170000      73721.33        3.91719600e+00        4.63336500e-09  19.9966  19.9463
0202-12-20_14:38:26.367000      73721.52        3.96574200e+00        1.28651500e-09  19.9966  19.9463
0202-12-20_14:38:26.580000      73721.73        4.01805400e+00       -1.50252500e-09  19.9966  19.9463
0202-12-20_14:38:26.785000      73721.94        4.06595900e+00       -8.50611500e-09  19.9966  19.9463
0202-12-20_14:38:26.990000      73722.14        4.11551900e+00       -1.81241500e-09  19.9775  19.6127
0202-12-20_14:38:27.180000      73722.33        4.16625900e+00        1.08925000e-10  19.9775  19.6127
0202-12-20_14:38:27.387000      73722.54        4.21252300e+00        1.16255500e-09  19.9775  19.6127
0202-12-20_14:38:27.586000      73722.74        4.26575400e+00       -5.72845000e-10  19.9775  19.6127
0202-12-20_14:38:27.777000      73722.93        4.31506900e+00       -2.61814500e-09  19.9775  19.6127
0202-12-20_14:38:27.984000      73723.14        4.36095500e+00        3.57972500e-09  19.9806  19.9944
0202-12-20_14:38:28.180000      73723.33        4.41432100e+00        8.10416500e-09  19.9806  19.9944
0202-12-20_14:38:28.370000      73723.52        4.46405700e+00        9.52967500e-09  19.9806  19.9944
0202-12-20_14:38:28.580000      73723.73        4.50884100e+00        7.91823500e-09  19.9806  19.9944
0202-12-20_14:38:28.773000      73723.93        4.56403200e+00        7.98021500e-09  19.9806  19.9944
0202-12-20_14:38:28.984000      73724.14        4.61275500e+00        1.44259950e-08  19.9806  19.9944
0202-12-20_14:38:29.176000      73724.33        4.66086700e+00        2.16155150e-08  19.9981  19.6785
0202-12-20_14:38:29.375000      73724.53        4.71285900e+00        2.96107650e-08  19.9981  19.6785
0202-12-20_14:38:29.586000      73724.74        4.76299900e+00        4.49194950e-08  19.9981  19.6785
0202-12-20_14:38:29.780000      73724.93        4.80952300e+00        6.06620750e-08  19.9981  19.6785
0202-12-20_14:38:29.992000      73725.15        4.86117800e+00        8.13629450e-08  20.0025  19.7978
0202-12-20_14:38:30.188000      73725.34        4.90912500e+00        1.03303375e-07  20.0025  19.7978
0202-12-20_14:38:30.383000      73725.54        4.95902700e+00        1.34602595e-07  20.0025  19.7978
0202-12-20_14:38:30.590000      73725.74        5.01070600e+00        1.88957885e-07  20.0025  19.7978
0202-12-20_14:38:30.785000      73725.94        5.05995100e+00        2.51742275e-07  20.0025  19.7978
0202-12-20_14:38:30.996000      73726.15        5.10559400e+00        3.11427735e-07  20.0025  19.7978
0202-12-20_14:38:31.188000      73726.34        5.15936000e+00        4.20572165e-07  19.9701  19.9153
0202-12-20_14:38:31.383000      73726.53        5.20882900e+00        5.18064605e-07  19.9701  19.9153
0202-12-20_14:38:31.580000      73726.73        5.25798800e+00        6.37063655e-07  19.9701  19.9153
0202-12-20_14:38:31.777000      73726.93        5.30705300e+00        8.38742235e-07  19.9701  19.9153
0202-12-20_14:38:31.980000      73727.13        5.35851800e+00        1.03304536e-06  19.9870  19.6449
0202-12-20_14:38:32.170000      73727.32        5.40764700e+00        1.28610426e-06  19.9870  19.6449
0202-12-20_14:38:32.380000      73727.53        5.45587200e+00        1.69200256e-06  19.9870  19.6449
0202-12-20_14:38:32.586000      73727.74        5.50627400e+00        1.92516630e-06  19.9870  19.6449
0202-12-20_14:38:32.777000      73727.93        5.55686500e+00        3.36586042e-06  19.9870  19.6449
0202-12-20_14:38:32.980000      73728.13        5.60297700e+00        3.47897149e-06  19.9798  19.9577
0202-12-20_14:38:33.180000      73728.33        5.65614400e+00        4.76942935e-06  19.9798  19.9577
0202-12-20_14:38:33.375000      73728.53        5.70579800e+00        6.19642615e-06  19.9798  19.9577
0202-12-20_14:38:33.586000      73728.74        5.75261000e+00        7.48496255e-06  19.9798  19.9577
0202-12-20_14:38:33.793000      73728.95        5.80514400e+00        9.13297535e-06  19.9798  19.9577
0202-12-20_14:38:33.996000      73729.15        5.85441700e+00        1.07456601e-05  20.0015  19.7098