# Ic = 4.73 A, n = 26.74 , Tavg = 19.98 K, f33-150keV-0nA-20K
#datetime                        t_s     iHTS_A                vHTS_V                tHTS_K  tTAR_K
0202-12-20_18:55:07.620000      89122.77        4.90627900e-02       -3.45531050e-09  19.9749  19.7112
0202-12-20_18:55:07.840000      89122.99        4.67802100e-02        1.44100950e-09  19.9749  19.7112
0202-12-20_18:55:08.050000      89123.20        9.82150000e-02       -2.58761050e-09  19.9573  19.9538
0202-12-20_18:55:08.254000      89123.40        1.47447700e-01       -5.56259050e-09  19.9573  19.9538
0202-12-20_18:55:08.453000      89123.61        1.93816100e-01       -7.79382050e-09  19.9573  19.9538
0202-12-20_18:55:08.656000      89123.81        2.46585500e-01       -5.06676050e-09  19.9573  19.9538
0202-12-20_18:55:08.883000      89124.03        2.97516100e-01        7.74695000e-11  19.9573  19.9538
0202-12-20_18:55:09.074000      89124.23        3.43945300e-01        1.06912950e-09  19.9919  19.6124
0202-12-20_18:55:09.266000      89124.42        3.95051000e-01       -3.55740500e-10  19.9919  19.6124
0202-12-20_18:55:09.460000      89124.61        4.43007400e-01       -5.80923050e-09  19.9919  19.6124
0202-12-20_18:55:09.664000      89124.82        4.91395100e-01       -4.87870050e-09  19.9919  19.6124
0202-12-20_18:55:09.863000      89125.01        5.43750400e-01       -5.00266050e-09  19.9919  19.6124
0202-12-20_18:55:10.055000      89125.21        5.93130100e-01       -6.11827050e-09  19.9506  19.9441
0202-12-20_18:55:10.260000      89125.41        6.37730900e-01       -1.28739605e-08  19.9506  19.9441
0202-12-20_18:55:10.453000      89125.61        6.92322800e-01       -1.00229405e-08  19.9506  19.9441
0202-12-20_18:55:10.645000      89125.80        7.41733600e-01       -6.49015050e-09  19.9506  19.9441
0202-12-20_18:55:10.863000      89126.02        7.86785600e-01       -2.83340050e-09  19.9506  19.9441
0202-12-20_18:55:11.090000      89126.24        8.42189900e-01       -4.78210500e-10  19.9790  19.7339
0202-12-20_18:55:11.285000      89126.44        8.88588000e-01        1.69104950e-09  19.9790  19.7339
0202-12-20_18:55:11.477000      89126.63        9.37869700e-01        1.13323950e-09  19.9790  19.7339
0202-12-20_18:55:11.688000      89126.84        9.89515700e-01       -1.09800050e-09  19.9790  19.7339
0202-12-20_18:55:11.883000      89127.04        1.03921600e+00        1.41579500e-10  19.9790  19.7339
0202-12-20_18:55:12.086000      89127.24        1.08485600e+00       -2.52351050e-09  19.9645  19.7120
0202-12-20_18:55:12.277000      89127.43        1.13845500e+00       -2.39955050e-09  19.9645  19.7120
0202-12-20_18:55:12.473000      89127.62        1.18787300e+00        1.13323950e-09  19.9645  19.7120
0202-12-20_18:55:12.676000      89127.83        1.23302100e+00        3.42644950e-09  19.9645  19.7120
0202-12-20_18:55:12.880000      89128.03        1.28718200e+00        4.10821950e-09  19.9645  19.7120
0202-12-20_18:55:13.070000      89128.22        1.33678600e+00       -2.83340050e-09  19.9599  19.9493
0202-12-20_18:55:13.273000      89128.43        1.38146500e+00        4.10821950e-09  19.9599  19.9493
0202-12-20_18:55:13.465000      89128.62        1.43613400e+00        1.19521950e-09  19.9599  19.9493
0202-12-20_18:55:13.660000      89128.81        1.48571100e+00        4.04623950e-09  19.9599  19.9493
0202-12-20_18:55:13.867000      89129.02        1.53428800e+00       -5.40190500e-10  19.9599  19.9493
0202-12-20_18:55:14.060000      89129.21        1.58375200e+00        1.19521950e-09  19.9649  19.6090
0202-12-20_18:55:14.254000      89129.41        1.63438600e+00       -1.34591050e-09  19.9649  19.6090
0202-12-20_18:55:14.460000      89129.61        1.68387200e+00       -1.15998050e-09  19.9649  19.6090
0202-12-20_18:55:14.652000      89129.80        1.73156900e+00       -2.39955050e-09  19.9649  19.6090
0202-12-20_18:55:14.850000      89130.00        1.78346800e+00       -2.30290500e-10  19.9649  19.6090
0202-12-20_18:55:15.055000      89130.21        1.83325800e+00        3.17853950e-09  19.9525  19.9497
0202-12-20_18:55:15.246000      89130.40        1.87964400e+00        2.99215950e-09  19.9525  19.9497
0202-12-20_18:55:15.440000      89130.59        1.93192800e+00        3.17764950e-09  19.9525  19.9497
0202-12-20_18:55:15.645000      89130.80        1.98179900e+00       -7.27590500e-10  19.9525  19.9497
0202-12-20_18:55:15.860000      89131.01        2.02873500e+00        1.61495000e-11  19.9525  19.9497
0202-12-20_18:55:16.080000      89131.23        2.08176400e+00       -2.09113050e-09  19.9627  19.7305
0202-12-20_18:55:16.270000      89131.42        2.12871100e+00       -2.83487050e-09  19.9627  19.7305
0202-12-20_18:55:16.477000      89131.63        2.17691400e+00       -1.03749050e-09  19.9627  19.7305
0202-12-20_18:55:16.668000      89131.82        2.22950400e+00       -1.84321050e-09  19.9627  19.7305
0202-12-20_18:55:16.880000      89132.03        2.27952800e+00       -8.72285050e-09  19.9627  19.7305
0202-12-20_18:55:17.080000      89132.23        2.32818900e+00       -1.17598105e-08  19.9825  19.7236
0202-12-20_18:55:17.273000      89132.42        2.37851800e+00       -7.42130050e-09  19.9825  19.7236
0202-12-20_18:55:17.465000      89132.62        2.42806700e+00       -3.51664050e-09  19.9825  19.7236
0202-12-20_18:55:17.668000      89132.82        2.47625200e+00       -1.96717050e-09  19.9825  19.7236
0202-12-20_18:55:17.880000      89133.03        2.52652700e+00       -4.50830050e-09  19.9825  19.7236
0202-12-20_18:55:18.074000      89133.23        2.57702100e+00       -2.93740500e-10  19.9825  19.9463
0202-12-20_18:55:18.266000      89133.42        2.62523100e+00       -1.47134050e-09  19.9825  19.9463
0202-12-20_18:55:18.457000      89133.61        2.67377500e+00       -2.33904050e-09  19.9825  19.9463
0202-12-20_18:55:18.656000      89133.81        2.72588000e+00       -7.42130050e-09  19.9825  19.9463
0202-12-20_18:55:18.855000      89134.01        2.77199500e+00       -6.67755050e-09  19.9825  19.9463
0202-12-20_18:55:19.050000      89134.20        2.82304700e+00       -3.08279050e-09  20.0009  19.6129
0202-12-20_18:55:19.246000      89134.40        2.87473900e+00       -9.75510500e-10  20.0009  19.6129
0202-12-20_18:55:19.438000      89134.59        2.92468700e+00        2.64069500e-10  20.0009  19.6129
0202-12-20_18:55:19.633000      89134.78        2.97054300e+00       -2.31760500e-10  20.0009  19.6129
0202-12-20_18:55:19.860000      89135.01        3.02351800e+00        3.61091950e-09  20.0009  19.6129
0202-12-20_18:55:20.062000      89135.22        3.07212700e+00        7.26765950e-09  19.9674  19.9508
0202-12-20_18:55:20.266000      89135.42        3.12151000e+00        7.76348950e-09  19.9674  19.9508
0202-12-20_18:55:20.457000      89135.61        3.17290000e+00        1.56561950e-09  19.9674  19.9508
0202-12-20_18:55:20.664000      89135.82        3.22095300e+00       -5.12808050e-09  19.9674  19.9508
0202-12-20_18:55:20.875000      89136.03        3.27135500e+00       -5.93381050e-09  19.9674  19.9508
0202-12-20_18:55:21.080000      89136.23        3.32153500e+00       -4.94215050e-09  19.9925  19.7229
0202-12-20_18:55:21.273000      89136.43        3.36945600e+00        1.63495000e-11  19.9925  19.7229
0202-12-20_18:55:21.465000      89136.62        3.42085400e+00        3.30136950e-09  19.9925  19.7229
0202-12-20_18:55:21.656000      89136.81        3.47069100e+00        3.73536950e-09  19.9925  19.7229
0202-12-20_18:55:21.870000      89137.02        3.51668500e+00       -4.25989050e-09  19.9925  19.7229
0202-12-20_18:55:22.062000      89137.22        3.56997400e+00       -1.60978305e-08  19.9606  19.7200
0202-12-20_18:55:22.254000      89137.41        3.61995300e+00       -1.43004405e-08  19.9606  19.7200
0202-12-20_18:55:22.460000      89137.61        3.66739000e+00       -8.28851050e-09  19.9606  19.7200
0202-12-20_18:55:22.652000      89137.81        3.71755200e+00        1.62808950e-09  19.9606  19.7200
0202-12-20_18:55:22.855000      89138.01        3.76853000e+00        4.10723950e-09  19.9606  19.7200
0202-12-20_18:55:23.060000      89138.21        3.81652900e+00        1.00829950e-09  19.9755  19.9468
0202-12-20_18:55:23.250000      89138.40        3.86593100e+00       -6.11925050e-09  19.9755  19.9468
0202-12-20_18:55:23.440000      89138.59        3.91713800e+00       -8.72236050e-09  19.9755  19.9468
0202-12-20_18:55:23.650000      89138.80        3.96707500e+00       -9.15621050e-09  19.9755  19.9468
0202-12-20_18:55:23.890000      89139.04        4.01206200e+00       -6.55310050e-09  19.9755  19.9468
0202-12-20_18:55:24.082000      89139.23        4.06668500e+00       -5.56144050e-09  19.9706  19.6062
0202-12-20_18:55:24.285000      89139.44        4.11606500e+00       -4.13593050e-09  19.9706  19.6062
0202-12-20_18:55:24.477000      89139.63        4.16313700e+00        1.40599500e-10  19.9706  19.6062
0202-12-20_18:55:24.670000      89139.82        4.21546500e+00       -1.59480050e-09  19.9706  19.6062
0202-12-20_18:55:24.906000      89140.06        4.26845400e+00        1.87600950e-09  19.9706  19.6062
0202-12-20_18:55:25.113000      89140.27        4.31489600e+00        7.88793950e-09  19.9555  19.9535
0202-12-20_18:55:25.310000      89140.46        4.36473800e+00        2.13373295e-08  19.9555  19.9535
0202-12-20_18:55:25.510000      89140.66        4.41062100e+00        2.38784595e-08  19.9555  19.9535
0202-12-20_18:55:25.715000      89140.87        4.46376800e+00        2.88987295e-08  19.9555  19.9535
0202-12-20_18:55:25.914000      89141.07        4.51391500e+00        4.48272695e-08  19.9555  19.9535
0202-12-20_18:55:26.117000      89141.27        4.56060400e+00        7.66223595e-08  19.9840  19.7238
0202-12-20_18:55:26.312000      89141.46        4.61264300e+00        1.07673700e-07  19.9840  19.7238
0202-12-20_18:55:26.504000      89141.66        4.66246800e+00        1.36369850e-07  19.9840  19.7238
0202-12-20_18:55:26.707000      89141.86        4.71034600e+00        1.87502310e-07  19.9840  19.7238
0202-12-20_18:55:26.906000      89142.06        4.76031500e+00        2.34420209e-07  19.9840  19.7238
0202-12-20_18:55:27.100000      89142.25        4.81158100e+00        2.98816420e-07  19.9713  19.7370
0202-12-20_18:55:27.305000      89142.46        4.85929100e+00        4.13912200e-07  19.9713  19.7370
0202-12-20_18:55:27.500000      89142.65        4.90943900e+00        5.32168600e-07  19.9713  19.7370
0202-12-20_18:55:27.690000      89142.84        4.96071900e+00        6.76703690e-07  19.9713  19.7370
0202-12-20_18:55:27.926000      89143.08        5.01255600e+00        9.30444730e-07  19.9713  19.7370
0202-12-20_18:55:28.133000      89143.28        5.06029900e+00        1.22199282e-06  19.9597  19.9419
0202-12-20_18:55:28.324000      89143.48        5.10968000e+00        1.49736445e-06  19.9597  19.9419
0202-12-20_18:55:28.516000      89143.67        5.15481700e+00        1.79170157e-06  19.9597  19.9419
0202-12-20_18:55:28.720000      89143.87        5.20887600e+00        3.08557015e-06  19.9597  19.9419
0202-12-20_18:55:28.920000      89144.07        5.25883000e+00        3.27225017e-06  19.9597  19.9419
0202-12-20_18:55:29.117000      89144.27        5.30555900e+00        4.69020025e-06  19.9757  19.6176
0202-12-20_18:55:29.316000      89144.47        5.35777100e+00        5.83060935e-06  19.9757  19.6176
0202-12-20_18:55:29.510000      89144.66        5.40773200e+00        7.52696795e-06  19.9757  19.6176
0202-12-20_18:55:29.703000      89144.86        5.45287900e+00        7.66728785e-06  19.9757  19.6176
0202-12-20_18:55:29.902000      89145.05        5.50746200e+00        1.04089801e-05  19.9757  19.6176