# Ic =  nan A, n =  nan , Tavg = 22.08 K, f34-800keV-45nA-20K
#datetime                        t_s     iHTS_A                vHTS_V                tHTS_K  tTAR_K
0202-12-14_10:19:35.473000      8433.20        4.86432700e-02       -1.69150030e-08  22.0883  19.0629
0202-12-14_10:19:35.668000      8433.40        4.67762500e-02       -1.88363430e-08  22.0451  19.2660
0202-12-14_10:19:35.870000      8433.60        9.81727400e-02       -2.18113130e-08  22.0451  19.2660
0202-12-14_10:19:36.066000      8433.79        1.47951500e-01       -1.48697130e-08  22.0451  19.2660
0202-12-14_10:19:36.258000      8433.99        1.93984400e-01       -2.03858030e-08  22.0451  19.2660
0202-12-14_10:19:36.465000      8434.19        2.47293900e-01       -2.20592230e-08  22.0451  19.2660
0202-12-14_10:19:36.656000      8434.38        2.96581500e-01       -3.86074930e-08  22.0847  18.9459
0202-12-14_10:19:36.848000      8434.58        3.41817500e-01       -2.98065430e-08  22.0847  18.9459
0202-12-14_10:19:37.043000      8434.77        3.95557400e-01       -2.88148830e-08  22.0847  18.9459
0202-12-14_10:19:37.240000      8434.97        4.45012700e-01       -1.90222730e-08  22.0847  18.9459
0202-12-14_10:19:37.445000      8435.17        4.92559300e-01       -2.79471830e-08  22.0847  18.9459
0202-12-14_10:19:37.640000      8435.37        5.43193000e-01       -2.44144130e-08  22.0403  19.2672
0202-12-14_10:19:37.832000      8435.56        5.93469000e-01       -1.75967730e-08  22.0403  19.2672
0202-12-14_10:19:38.040000      8435.77        6.41443100e-01       -1.01593430e-08  22.0403  19.2672
0202-12-14_10:19:38.234000      8435.96        6.91790300e-01       -1.09650630e-08  22.0403  19.2672
0202-12-14_10:19:38.426000      8436.16        7.42060400e-01       -1.03452830e-08  22.0403  19.2672
0202-12-14_10:19:38.637000      8436.36        7.89820800e-01       -1.39400330e-08  22.0403  19.2672
0202-12-14_10:19:38.830000      8436.56        8.40343100e-01       -9.66352300e-09  22.0874  19.0741
0202-12-14_10:19:39.023000      8436.75        8.90868400e-01       -1.49936730e-08  22.0874  19.0741
0202-12-14_10:19:39.227000      8436.95        9.38266700e-01       -1.31343130e-08  22.0874  19.0741
0202-12-14_10:19:39.420000      8437.15        9.88545600e-01       -1.66828300e-09  22.0874  19.0741
0202-12-14_10:19:39.613000      8437.34        1.03907100e+00       -2.10213300e-09  22.0743  19.0273
0202-12-14_10:19:39.820000      8437.55        1.08740300e+00       -7.43229300e-09  22.0743  19.0273
0202-12-14_10:19:40.010000      8437.74        1.13649700e+00       -1.19567230e-08  22.0743  19.0273
0202-12-14_10:19:40.203000      8437.93        1.18780800e+00       -1.48699330e-08  22.0743  19.0273
0202-12-14_10:19:40.410000      8438.14        1.23751200e+00       -1.12760330e-08  22.0743  19.0273
0202-12-14_10:19:40.613000      8438.34        1.28571000e+00       -1.23303230e-08  22.0775  19.2972
0202-12-14_10:19:40.810000      8438.54        1.33682400e+00       -2.06358730e-08  22.0775  19.2972
0202-12-14_10:19:41             8438.73        1.38622200e+00       -2.10697230e-08  22.0775  19.2972
0202-12-14_10:19:41.195000      8438.92        1.43425100e+00       -3.11722330e-08  22.0775  19.2972
0202-12-14_10:19:41.387000      8439.11        1.47778100e+00       -2.22473230e-08  22.0775  19.2972
0202-12-14_10:19:41.600000      8439.33        1.53634800e+00       -2.10697230e-08  22.0775  19.2972
0202-12-14_10:19:41.797000      8439.52        1.58308600e+00       -1.95202630e-08  22.0856  18.9143
0202-12-14_10:19:42             8439.73        1.63153000e+00       -1.27026230e-08  22.0856  18.9143
0202-12-14_10:19:42.190000      8439.92        1.68409500e+00       -2.16627300e-09  22.0856  18.9143
0202-12-14_10:19:42.383000      8440.11        1.73336200e+00        8.70677000e-10  22.0856  18.9143
0202-12-14_10:19:42.600000      8440.33        1.77965900e+00       -5.88498300e-09  22.0856  18.9143
0202-12-14_10:19:42.797000      8440.52        1.83290100e+00       -9.85161300e-09  22.0739  19.2976
0202-12-14_10:19:42.996000      8440.73        1.88283300e+00       -7.37246300e-09  22.0739  19.2976
0202-12-14_10:19:43.200000      8440.93        1.92922700e+00       -6.16803000e-10  22.0739  19.2976
0202-12-14_10:19:43.402000      8441.13        1.98165200e+00       -5.45113300e-09  22.0739  19.2976
0202-12-14_10:19:43.605000      8441.33        2.03181100e+00       -1.58635330e-08  22.0653  19.0450
0202-12-14_10:19:43.800000      8441.53        2.07886600e+00       -1.93963030e-08  22.0653  19.0450
0202-12-14_10:19:44.004000      8441.73        2.13052100e+00       -1.45619830e-08  22.0653  19.0450
0202-12-14_10:19:44.200000      8441.93        2.18046600e+00       -1.56775930e-08  22.0653  19.0450
0202-12-14_10:19:44.390000      8442.12        2.22529700e+00       -2.92508930e-08  22.0653  19.0450
0202-12-14_10:19:44.598000      8442.33        2.27923600e+00       -3.67503030e-08  22.0653  19.0450
0202-12-14_10:19:44.793000      8442.52        2.32904000e+00       -3.77419530e-08  22.0897  19.0535
0202-12-14_10:19:44.984000      8442.71        2.37379400e+00       -4.67288430e-08  22.0897  19.0535
0202-12-14_10:19:45.190000      8442.92        2.42798300e+00       -8.86883230e-08  22.0897  19.0535
0202-12-14_10:19:45.383000      8443.11        2.47785700e+00       -1.32631123e-07  22.0897  19.0535
0202-12-14_10:19:45.586000      8443.31        2.52408400e+00       -1.74404663e-07  22.0897  19.0535
0202-12-14_10:19:45.777000      8443.51        2.57696800e+00       -2.68612063e-07  22.0743  19.2632
0202-12-14_10:19:45.973000      8443.70        2.62648300e+00       -3.86433293e-07  22.0743  19.2632
0202-12-14_10:19:46.164000      8443.89        2.67472400e+00       -5.56316203e-07  22.0743  19.2632
0202-12-14_10:19:46.367000      8444.10        2.72368600e+00       -8.55175553e-07  22.0743  19.2632
0202-12-14_10:19:46.580000      8444.31        2.77551300e+00       -1.16265018e-06  22.0743  19.2632
0202-12-14_10:19:46.780000      8444.51        2.82532100e+00       -2.60767903e-06  22.1042  18.9375
0202-12-14_10:19:46.977000      8444.70        2.87250000e+00       -2.69847763e-06  22.1042  18.9375
0202-12-14_10:19:47.180000      8444.91        2.92446200e+00       -4.17424843e-06  22.1042  18.9375
0202-12-14_10:19:47.375000      8445.10        2.97431900e+00       -5.77044353e-06  22.1042  18.9375
0202-12-14_10:19:47.586000      8445.31        3.02334300e+00       -6.93997843e-06  22.1042  18.9375
0202-12-14_10:19:47.805000      8445.53        3.07394200e+00       -9.59935323e-06  22.0776  19.2666
0202-12-14_10:19:47.996000      8445.72        3.12311600e+00       -1.13791907e-05  22.0776  19.2666