# Ic =  nan A, n =  nan , Tavg = 20.25 K, f34_pristine
#datetime                        t_s     iHTS_A                vHTS_V                tHTS_K  tTAR_K
0202-12-12_05:37:14.547000      46214.76       -4.47976600e-01        8.69556900e-09  20.0114  18.8551
0202-12-12_05:37:14.950000      46215.16       -4.23064100e-01       -1.02698210e-08  19.9879  19.0171
0202-12-12_05:37:15.344000      46215.56        1.48757500e-01       -1.46083110e-08  19.9879  19.0171
0202-12-12_05:37:15.742000      46215.96        7.45997200e-01       -1.54772410e-08  20.0007  18.6582
0202-12-12_05:37:16.133000      46216.35        1.34049300e+00       -2.37852410e-08  20.0007  18.6582
0202-12-12_05:37:16.547000      46216.76        2.12017700e+00       -1.41166110e-08  20.0007  18.6582
0202-12-12_05:37:16.957000      46217.17        2.71492800e+00       -5.00578100e-09  20.0073  19.0920
0202-12-12_05:37:17.363000      46217.58        3.31165300e+00       -1.72155310e-08  20.0073  19.0920
0202-12-12_05:37:17.760000      46217.98        3.90685300e+00       -1.72775110e-08  19.9918  18.7249
0202-12-12_05:37:18.160000      46218.37        4.50638400e+00       -1.54801310e-08  19.9918  18.7249
0202-12-12_05:37:18.566000      46218.78        5.10209000e+00       -1.41785910e-08  19.9918  18.7249
0202-12-12_05:37:18.960000      46219.18        5.69324400e+00       -2.58862100e-09  20.0237  18.8701
0202-12-12_05:37:19.355000      46219.57        6.29073100e+00       -7.23700100e-09  20.0237  18.8701
0202-12-12_05:37:19.760000      46219.98        6.88646300e+00       -1.41166110e-08  19.9979  18.9864
0202-12-12_05:37:20.164000      46220.38        7.48159600e+00       -1.23192310e-08  19.9979  18.9864
0202-12-12_05:37:20.574000      46220.79        8.05368500e+00        3.24359000e-10  19.9979  18.9864
0202-12-12_05:37:20.992000      46221.21        8.64818700e+00       -1.70915710e-08  20.0057  18.6807
0202-12-12_05:37:21.387000      46221.60        9.24250700e+00       -2.72560310e-08  20.0057  18.6807
0202-12-12_05:37:21.793000      46222.01        9.84168100e+00       -1.31246210e-08  19.9850  19.0598
0202-12-12_05:37:22.195000      46222.41        1.04373100e+01       -1.63472810e-08  19.9850  19.0598
0202-12-12_05:37:22.600000      46222.81        1.10291700e+01       -2.21112710e-08  19.9850  19.0598
0202-12-12_05:37:22.992000      46223.21        1.16224700e+01       -1.28145110e-08  20.0223  18.7542
0202-12-12_05:37:23.387000      46223.60        1.24047300e+01       -2.46411100e-09  20.0223  18.7542
0202-12-12_05:37:23.780000      46224.00        1.29998900e+01       -5.87293100e-09  20.0246  18.8341
0202-12-12_05:37:24.176000      46224.39        1.35955200e+01       -1.13270310e-08  20.0246  18.8341
0202-12-12_05:37:24.574000      46224.79        1.41867500e+01        5.03527900e-09  20.0246  18.8341
0202-12-12_05:37:24.980000      46225.20        1.47800100e+01        6.52275900e-09  20.0087  19.0204
0202-12-12_05:37:25.380000      46225.59        1.53773500e+01        2.24624900e-09  20.0087  19.0204
0202-12-12_05:37:25.773000      46225.99        1.59728400e+01       -1.00874610e-08  20.0171  18.6517
0202-12-12_05:37:26.180000      46226.39        1.65666500e+01       -1.12030710e-08  20.0171  18.6517
0202-12-12_05:37:26.598000      46226.81        1.71627500e+01       -9.83954100e-09  20.0171  18.6517
0202-12-12_05:37:27.004000      46227.22        1.77604700e+01       -6.05886100e-09  20.0337  19.0814
0202-12-12_05:37:27.410000      46227.63        1.83309800e+01       -1.89501710e-08  20.0337  19.0814
0202-12-12_05:37:27.810000      46228.02        1.89305900e+01       -3.12214110e-08  20.0270  18.7336
0202-12-12_05:37:28.210000      46228.43        1.95242300e+01       -1.58507610e-08  20.0270  18.7336
0202-12-12_05:37:28.620000      46228.84        2.01219800e+01       -1.39914110e-08  20.0488  18.8536
0202-12-12_05:37:29.016000      46229.23        2.07165300e+01       -2.09329910e-08  20.0488  18.8536
0202-12-12_05:37:29.406000      46229.62        2.13109100e+01       -1.70903310e-08  20.0488  18.8536
0202-12-12_05:37:29.816000      46230.03        2.19079300e+01       -3.20716100e-09  20.0291  18.9980
0202-12-12_05:37:30.223000      46230.44        2.24996800e+01       -7.73159100e-09  20.0291  18.9980
0202-12-12_05:37:30.630000      46230.85        2.32819600e+01       -9.90083100e-09  20.0680  18.6812
0202-12-12_05:37:31.035000      46231.25        2.38779200e+01       -3.13453710e-08  20.0680  18.6812
0202-12-12_05:37:31.450000      46231.67        2.44697700e+01       -2.24824510e-08  20.0680  18.6812
0202-12-12_05:37:31.906000      46232.12        2.50631600e+01       -5.99619100e-09  20.0953  19.0560
0202-12-12_05:37:32.310000      46232.52        2.56564300e+01        1.00736900e-09  20.0953  19.0560
0202-12-12_05:37:32.723000      46232.94        2.62529900e+01       -7.60763100e-09  20.1031  18.7723
0202-12-12_05:37:33.130000      46233.34        2.68493700e+01       -2.27749100e-09  20.1031  18.7723
0202-12-12_05:37:33.547000      46233.76        2.74414000e+01       -2.46553910e-08  20.1031  18.7723
0202-12-12_05:37:33.940000      46234.16        2.80398900e+01       -1.92022110e-08  20.0805  18.8226
0202-12-12_05:37:34.344000      46234.56        2.86342600e+01       -1.12689710e-08  20.0805  18.8226
0202-12-12_05:37:34.746000      46234.96        2.92097600e+01       -7.48828100e-09  20.1138  19.0368
0202-12-12_05:37:35.140000      46235.36        2.98027700e+01       -1.57314210e-08  20.1138  19.0368
0202-12-12_05:37:35.543000      46235.76        3.03986000e+01       -5.44299100e-09  20.1138  19.0368
0202-12-12_05:37:35.934000      46236.15        3.09954200e+01       -9.71951100e-09  20.1255  18.6558
0202-12-12_05:37:36.330000      46236.54        3.15902200e+01       -6.99246100e-09  20.1255  18.6558
0202-12-12_05:37:36.723000      46236.94        3.21835600e+01       -1.96360610e-08  20.1253  19.0954
0202-12-12_05:37:37.117000      46237.33        3.27801600e+01       -2.77552410e-08  20.1253  19.0954
0202-12-12_05:37:37.555000      46237.77        3.35653800e+01       -3.53166110e-08  20.1253  19.0954
0202-12-12_05:37:37.950000      46238.17        3.41563000e+01       -5.98600710e-08  20.1593  18.7632
0202-12-12_05:37:38.344000      46238.56        3.47506000e+01       -9.98981510e-08  20.1593  18.7632
0202-12-12_05:37:38.742000      46238.96        3.53437800e+01       -1.95716841e-07  20.1683  18.8514
0202-12-12_05:37:39.137000      46239.35        3.59375800e+01       -3.74338861e-07  20.1683  18.8514
0202-12-12_05:37:39.543000      46239.76        3.65374700e+01       -6.65947681e-07  20.1683  18.8514
0202-12-12_05:37:39.945000      46240.16        3.71342500e+01       -1.20664770e-06  20.1889  19.0239
0202-12-12_05:37:40.355000      46240.57        3.77266800e+01       -2.79298623e-06  20.1889  19.0239
0202-12-12_05:37:40.760000      46240.98        3.83223900e+01       -5.27962363e-06  20.2491  18.6991
0202-12-12_05:37:41.164000      46241.38        3.89174200e+01       -1.06338802e-05  20.2491  18.6991
0202-12-12_05:37:41.582000      46241.80        3.94929900e+01       -2.26818096e-05  20.2491  18.6991