# Tc = 0.00 K, f29-Anneal3daysAt310K
#datetime                        t_s     iHTS_A                vHTS_V                tHTS_K  tTAR_K
15457.73	15457.73	2.36E-03	1.43E-06	80.49	79.1396
15458.8	15458.8	2.07E-03	1.45E-06	80.4901	79.142
15459.89	15459.89	2.10E-03	1.40E-06	80.5026	79.1003
15460.96	15460.96	2.01E-03	1.47E-06	80.4026	79.0828
15462.04	15462.04	2.48E-03	1.46E-06	80.4152	79.0389
15463.13	15463.13	2.32E-03	1.47E-06	80.4636	79.0471
15464.21	15464.21	2.07E-03	1.49E-06	80.3654	79.0097
15465.3	15465.3	1.86E-03	1.47E-06	80.3846	79.0522
15466.39	15466.39	1.69E-03	1.39E-06	80.4184	79.0316
15467.46	15467.46	1.82E-03	1.43E-06	80.3974	79.0487
15468.54	15468.54	1.92E-03	1.44E-06	80.4602	79.0407
15469.63	15469.63	1.80E-03	1.44E-06	80.3789	79.0415
15470.73	15470.73	1.89E-03	1.43E-06	80.3526	79.0085
15471.82	15471.82	2.25E-03	1.39E-06	80.3209	78.9626
15472.91	15472.91	1.87E-03	1.45E-06	80.3484	78.9817
15473.99	15473.99	2.10E-03	1.31E-06	80.2432	78.926
15475.08	15475.08	2.05E-03	1.48E-06	80.2753	78.951
15476.17	15476.17	2.01E-03	1.34E-06	80.303	78.9045
15477.25	15477.25	1.96E-03	1.47E-06	80.3372	78.9252
15478.34	15478.34	2.04E-03	1.47E-06	80.2603	78.9125
15479.42	15479.42	1.78E-03	1.47E-06	80.2612	78.949
15480.5	15480.5	2.00E-03	1.48E-06	80.289	78.91
15481.59	15481.59	1.82E-03	1.47E-06	80.2478	78.9387
15482.69	15482.69	1.73E-03	1.47E-06	80.2488	78.8911
15483.79	15483.79	1.65E-03	1.34E-06	80.2058	78.8109
15484.86	15484.86	1.77E-03	1.39E-06	80.2039	78.8249
15485.94	15485.94	1.61E-03	1.48E-06	80.113	78.7884
15487.02	15487.02	1.86E-03	1.30E-06	80.1654	78.8201
15488.11	15488.11	1.97E-03	1.44E-06	80.2103	78.7983
15489.21	15489.21	2.00E-03	1.35E-06	80.2525	78.8738
15490.28	15490.28	1.88E-03	1.48E-06	80.2113	78.8271
15491.37	15491.37	1.94E-03	1.48E-06	80.1732	78.8349
15492.45	15492.45	1.85E-03	1.46E-06	80.2076	78.7728
15493.54	15493.54	2.03E-03	1.48E-06	80.2019	78.7748
15494.68	15494.68	2.08E-03	1.39E-06	80.2462	78.7725
15495.76	15495.76	1.96E-03	1.39E-06	80.2119	78.77
15496.83	15496.83	1.97E-03	1.37E-06	80.12	78.7455
15497.91	15497.91	2.15E-03	1.47E-06	80.1575	78.6731
15498.98	15498.98	1.90E-03	1.38E-06	80.1269	78.7002
15500.07	15500.07	1.91E-03	1.31E-06	80.1445	78.6994
15501.16	15501.16	2.14E-03	1.49E-06	80.1189	78.7578
15502.24	15502.24	2.21E-03	1.48E-06	80.1445	78.7309
15503.32	15503.32	2.06E-03	1.47E-06	80.1064	78.7115
15504.41	15504.41	2.09E-03	1.44E-06	80.1068	78.6347
15505.47	15505.47	2.13E-03	1.42E-06	80.089	78.6279
15506.55	15506.55	2.17E-03	1.29E-06	80.0405	78.598
15507.64	15507.64	1.97E-03	1.36E-06	80.0105	78.6331
15508.73	15508.73	1.63E-03	1.42E-06	80.0781	78.6653
15509.8	15509.8	1.88E-03	1.35E-06	80.0031	78.6265
15510.89	15510.89	2.05E-03	1.47E-06	79.9597	78.6316
15511.96	15511.96	2.18E-03	1.41E-06	79.9283	78.6157
15513.05	15513.05	1.80E-03	1.47E-06	79.9287	78.5912
15514.13	15514.13	1.92E-03	1.44E-06	79.9747	78.5423
15515.21	15515.21	2.19E-03	1.47E-06	79.9235	78.5473
15516.29	15516.29	1.88E-03	1.46E-06	79.9326	78.5396
15517.36	15517.36	1.76E-03	1.44E-06	79.9377	78.5903
15518.44	15518.44	2.07E-03	1.33E-06	79.9392	78.5583
15519.51	15519.51	2.21E-03	1.44E-06	79.9267	78.5696
15520.59	15520.59	2.34E-03	1.44E-06	79.8759	78.491
15521.69	15521.69	2.15E-03	1.46E-06	79.8744	78.5098
15522.78	15522.78	1.91E-03	1.42E-06	79.9892	78.4889
15523.86	15523.86	1.85E-03	1.37E-06	79.9107	78.4551
15524.94	15524.94	2.06E-03	1.43E-06	79.9449	78.4999
15526.01	15526.01	1.89E-03	1.47E-06	79.9136	78.4822
15527.1	15527.1	1.75E-03	1.44E-06	79.9112	78.4817
15528.19	15528.19	1.80E-03	1.45E-06	79.8655	78.4082
15529.26	15529.26	1.83E-03	1.46E-06	79.9106	78.4311
15530.35	15530.35	1.92E-03	1.45E-06	79.8781	78.4003
15531.43	15531.43	1.96E-03	1.49E-06	79.7882	78.4486
15532.5	15532.5	1.77E-03	1.32E-06	79.8553	78.4299
15533.58	15533.58	2.02E-03	1.44E-06	79.8557	78.4508
15534.67	15534.67	1.70E-03	1.47E-06	79.7688	78.3867
15535.75	15535.75	1.67E-03	1.45E-06	79.8033	78.3896
15536.83	15536.83	1.91E-03	1.41E-06	79.7244	78.3815
15537.91	15537.91	1.66E-03	1.38E-06	79.7591	78.334
15538.99	15538.99	1.66E-03	1.46E-06	79.7203	78.36
15540.06	15540.06	1.66E-03	1.47E-06	79.6855	78.345
15541.14	15541.14	2.00E-03	1.47E-06	79.7538	78.3872
15542.22	15542.22	1.70E-03	1.43E-06	79.7405	78.3569
15543.3	15543.3	1.77E-03	1.44E-06	79.6966	78.3492
15544.39	15544.39	1.50E-03	1.36E-06	79.6792	78.2648
15545.46	15545.46	1.79E-03	1.39E-06	79.7386	78.2939
15546.53	15546.53	1.83E-03	1.21E-06	79.6885	78.259
15547.61	15547.61	1.97E-03	1.45E-06	79.6768	78.2956
15548.69	15548.69	1.86E-03	1.46E-06	79.7584	78.2628
15549.78	15549.78	1.65E-03	1.31E-06	79.7247	78.2759
15550.86	15550.86	1.64E-03	1.47E-06	79.7202	78.3078
15551.93	15551.93	1.93E-03	1.42E-06	79.6948	78.2492
15553.02	15553.02	2.03E-03	1.46E-06	79.6739	78.2069
15554.09	15554.09	2.06E-03	1.46E-06	79.6072	78.1774
15555.19	15555.19	2.25E-03	1.38E-06	79.6535	78.2091
15556.26	15556.26	2.08E-03	1.43E-06	79.6206	78.2131
15557.35	15557.35	1.79E-03	1.45E-06	79.6098	78.2532
15558.43	15558.43	2.17E-03	1.45E-06	79.6146	78.2166
15559.52	15559.52	2.03E-03	1.36E-06	79.4874	78.1865
15560.6	15560.6	1.91E-03	1.45E-06	79.5115	78.1606
15561.7	15561.7	2.12E-03	1.40E-06	79.5152	78.158
15562.79	15562.79	1.78E-03	1.46E-06	79.5089	78.1452
15563.86	15563.86	1.95E-03	1.44E-06	79.5381	78.1294
15564.94	15564.94	1.80E-03	1.43E-06	79.5312	78.1788
15566.01	15566.01	1.74E-03	1.35E-06	79.553	78.1406
15567.07	15567.07	1.41E-03	1.43E-06	79.506	78.1476
15568.16	15568.16	1.32E-03	1.42E-06	79.4695	78.1045
15569.26	15569.26	1.85E-03	1.42E-06	79.4599	78.0871
15570.34	15570.34	1.56E-03	1.34E-06	79.4629	78.0494
15571.41	15571.41	1.30E-03	1.43E-06	79.4271	78.0684
15572.48	15572.48	1.42E-03	1.47E-06	79.4784	78.0466
15573.55	15573.55	1.43E-03	1.44E-06	79.4307	78.0804
15574.63	15574.63	1.59E-03	1.46E-06	79.4173	78.0478
15575.73	15575.73	1.59E-03	1.37E-06	79.4872	78.0679
15576.81	15576.81	1.67E-03	1.43E-06	79.4481	78.0565
15577.89	15577.89	1.72E-03	1.36E-06	79.4644	78.0152
15578.96	15578.96	1.61E-03	1.47E-06	79.4141	77.9777
15580.05	15580.05	1.76E-03	1.45E-06	79.3557	77.9406
15581.12	15581.12	1.78E-03	1.29E-06	79.4584	77.9807
15582.2	15582.2	1.80E-03	1.29E-06	79.4957	77.9743
15583.28	15583.28	1.99E-03	1.26E-06	79.4239	78.0254
15584.35	15584.35	1.75E-03	1.44E-06	79.3625	78.0452
15585.44	15585.44	1.96E-03	1.35E-06	79.3999	78.0618
15586.52	15586.52	1.83E-03	1.43E-06	79.3932	78.0413
15587.6	15587.6	2.00E-03	1.43E-06	79.3036	78.0341
15588.71	15588.71	1.83E-03	1.34E-06	79.2783	78.0019
15589.79	15589.79	1.91E-03	1.46E-06	79.3801	77.9767
15590.88	15590.88	1.83E-03	1.44E-06	79.3366	77.9738
15591.95	15591.95	1.88E-03	1.40E-06	79.3099	77.9602
15593.02	15593.02	2.02E-03	1.30E-06	79.3255	77.9513
15594.1	15594.1	1.91E-03	1.28E-06	79.254	77.9295
15595.19	15595.19	1.86E-03	1.42E-06	79.3462	77.9136
15596.26	15596.26	1.99E-03	1.35E-06	79.3198	77.9019
15597.35	15597.35	2.04E-03	1.33E-06	79.2734	77.9
15598.43	15598.43	2.01E-03	1.46E-06	79.2212	77.8885
15599.5	15599.5	2.10E-03	1.42E-06	79.3077	77.8851
15600.57	15600.57	1.89E-03	1.43E-06	79.203	77.8549
15601.67	15601.67	1.63E-03	1.36E-06	79.2956	77.844
15602.76	15602.76	1.61E-03	1.32E-06	79.2798	77.8329
15603.83	15603.83	2.00E-03	1.44E-06	79.1522	77.8139
15604.92	15604.92	1.72E-03	1.41E-06	79.1988	77.8261
15606.01	15606.01	1.66E-03	1.37E-06	79.1462	77.8071
15607.09	15607.09	2.00E-03	1.42E-06	79.0893	77.7998
15608.2	15608.2	1.69E-03	1.41E-06	79.1075	77.7751
15609.27	15609.27	1.62E-03	1.37E-06	79.0838	77.7612
15610.34	15610.34	1.58E-03	1.41E-06	79.2019	77.7612
15611.43	15611.43	1.85E-03	1.32E-06	79.0522	77.7631
15612.5	15612.5	1.79E-03	1.38E-06	79.0905	77.7436
15613.59	15613.59	1.48E-03	1.26E-06	79.1464	77.7404
15614.68	15614.68	1.84E-03	1.31E-06	79.0992	77.7188
15615.76	15615.76	1.80E-03	1.43E-06	79.1321	77.6935
15616.83	15616.83	1.73E-03	1.41E-06	79.0911	77.6984
15617.9	15617.9	1.78E-03	1.41E-06	79.079	77.6824
15618.99	15618.99	1.63E-03	1.28E-06	79.0439	77.6888
15620.07	15620.07	1.59E-03	1.40E-06	79.0476	77.6617
15621.16	15621.16	1.62E-03	1.45E-06	79.0611	77.6652
15622.25	15622.25	1.82E-03	1.35E-06	79.0297	77.6381
15623.34	15623.34	1.96E-03	1.27E-06	79.0702	77.6388
15624.42	15624.42	1.96E-03	1.45E-06	79.0725	77.6326
15625.49	15625.49	1.74E-03	1.58E-06	78.9689	77.6263
15626.57	15626.57	2.02E-03	1.47E-06	78.9586	77.6284
15627.65	15627.65	1.85E-03	1.43E-06	78.9303	77.6256
15628.73	15628.73	1.94E-03	1.35E-06	78.9828	77.5893
15629.8	15629.8	1.65E-03	1.37E-06	78.9783	77.5709
15630.88	15630.88	1.76E-03	1.35E-06	78.9828	77.5671
15631.96	15631.96	1.72E-03	1.42E-06	78.8487	77.551
15633.04	15633.04	1.68E-03	1.43E-06	78.8778	77.5625
15634.11	15634.11	1.44E-03	1.42E-06	78.856	77.5444
15635.2	15635.2	1.55E-03	1.42E-06	78.8176	77.5471
15636.28	15636.28	1.88E-03	1.40E-06	78.7937	77.5301
15637.36	15637.36	1.73E-03	1.43E-06	78.9147	77.5175
15638.45	15638.45	1.76E-03	1.36E-06	78.9026	77.503
15639.52	15639.52	1.75E-03	1.42E-06	78.8442	77.5011
15640.59	15640.59	1.73E-03	1.43E-06	78.7915	77.4711
15641.68	15641.68	1.71E-03	1.41E-06	78.8554	77.4782
15642.75	15642.75	1.63E-03	1.38E-06	78.8142	77.4607
15643.85	15643.85	1.64E-03	1.29E-06	78.8709	77.4618
15644.92	15644.92	1.59E-03	1.24E-06	78.794	77.4571
15646	15646	1.55E-03	1.15E-06	78.8	77.4365
15647.08	15647.08	1.73E-03	1.00E-06	78.7896	77.422
15648.16	15648.16	1.81E-03	1.26E-06	78.7665	77.4049
15649.25	15649.25	1.75E-03	1.26E-06	78.8391	77.388
15650.33	15650.33	1.48E-03	1.43E-06	78.7991	77.3915
15651.42	15651.42	1.59E-03	1.44E-06	78.8032	77.405
15652.5	15652.5	1.57E-03	1.45E-06	78.7192	77.4153
15653.57	15653.57	1.65E-03	1.36E-06	78.6552	77.3641
15654.68	15654.68	1.33E-03	1.39E-06	78.7168	77.4004
15655.76	15655.76	1.87E-03	1.34E-06	78.7294	77.3875
15656.84	15656.84	1.72E-03	1.46E-06	78.6759	77.3326
15657.91	15657.91	1.70E-03	1.22E-06	78.6831	77.3515
15658.98	15658.98	1.59E-03	1.43E-06	78.6416	77.3042
15660.07	15660.07	1.86E-03	1.24E-06	78.6867	77.3397
15661.16	15661.16	1.78E-03	1.44E-06	78.6734	77.2928
15662.24	15662.24	1.86E-03	1.36E-06	78.6503	77.3251
15663.32	15663.32	1.84E-03	1.37E-06	78.6046	77.2817
15664.39	15664.39	1.79E-03	1.41E-06	78.5932	77.3158
15665.47	15665.47	1.66E-03	1.46E-06	78.5841	77.2661
15666.54	15666.54	1.72E-03	1.36E-06	78.5614	77.2949
15667.64	15667.64	1.78E-03	1.35E-06	78.578	77.2529
15668.73	15668.73	2.01E-03	1.39E-06	78.4927	77.2745
15669.81	15669.81	1.97E-03	1.08E-06	78.4943	77.2456
15670.88	15670.88	1.73E-03	1.13E-06	78.546	77.1983
15671.97	15671.97	1.51E-03	1.54E-06	78.4949	77.2204
15673.04	15673.04	1.63E-03	1.33E-06	78.5157	77.1738
15675.21	15675.21	1.78E-03	1.20E-06	78.5066	77.1805
15676.29	15676.29	1.58E-03	1.23E-06	78.5102	77.2125
15677.36	15677.36	1.74E-03	1.41E-06	78.5045	77.1668
15678.44	15678.44	1.96E-03	1.36E-06	78.4233	77.1939
15679.51	15679.51	2.10E-03	1.41E-06	78.4207	77.143
15680.59	15680.59	1.83E-03	1.45E-06	78.443	77.172
15681.67	15681.67	2.04E-03	1.37E-06	78.5162	77.1245
15682.75	15682.75	1.76E-03	1.27E-06	78.3857	77.1051
15683.82	15683.82	1.86E-03	1.36E-06	78.4686	77.1247
15684.91	15684.91	2.07E-03	1.38E-06	78.4887	77.0878
15685.97	15685.97	1.88E-03	1.22E-06	78.4595	77.1234
15687.04	15687.04	1.85E-03	1.43E-06	78.4005	77.0782
15688.12	15688.12	1.88E-03	1.41E-06	78.3777	77.118
15689.22	15689.22	1.68E-03	1.31E-06	78.3579	77.0692
15690.31	15690.31	1.94E-03	1.61E-06	78.4025	77.0981
15691.38	15691.38	1.59E-03	1.39E-06	78.3706	77.045
15692.46	15692.46	1.67E-03	1.43E-06	78.3773	77.0672
15693.55	15693.55	1.72E-03	1.26E-06	78.4286	77.0086
15694.63	15694.63	1.90E-03	1.47E-06	78.3643	77.0445
15695.72	15695.72	1.51E-03	1.35E-06	78.4445	77.0345
15696.81	15696.81	1.97E-03	1.28E-06	78.3623	76.9875
15697.88	15697.88	1.89E-03	1.34E-06	78.3629	77.0175
15698.96	15698.96	1.71E-03	1.38E-06	78.294	76.9832
15700.05	15700.05	1.64E-03	1.45E-06	78.3107	77.0219
15701.14	15701.14	1.57E-03	1.24E-06	78.3322	76.9738
15702.22	15702.22	1.92E-03	1.32E-06	78.2907	77.0031
15703.29	15703.29	1.87E-03	1.73E-06	78.3328	76.9502
15704.36	15704.36	1.72E-03	1.34E-06	78.2949	76.9679
15705.44	15705.44	2.02E-03	1.36E-06	78.2695	76.9119
15706.53	15706.53	1.82E-03	1.33E-06	78.2802	76.9551
15707.6	15707.6	1.83E-03	1.19E-06	78.2096	76.9042
15708.69	15708.69	1.66E-03	1.09E-06	78.2679	76.9431
15709.76	15709.76	1.87E-03	1.22E-06	78.1654	76.9374
15710.84	15710.84	1.98E-03	1.45E-06	78.1451	76.8912
15711.91	15711.91	2.04E-03	1.27E-06	78.1306	76.9136
15713	15713	1.73E-03	1.03E-06	78.1712	76.8529
15714.07	15714.07	1.66E-03	1.23E-06	78.18	76.8748
15715.16	15715.16	1.78E-03	1.19E-06	78.174	76.8323
15716.25	15716.25	1.69E-03	1.13E-06	78.1427	76.8622
15717.32	15717.32	1.59E-03	1.21E-06	78.1336	76.8172
15720.57	15720.57	1.88E-03	1.48E-06	78.1371	76.8478
15721.7	15721.7	2.01E-03	1.54E-06	78.0994	76.7961
15722.79	15722.79	1.51E-03	1.39E-06	78.1315	76.771
15723.87	15723.87	1.65E-03	1.35E-06	78.1612	76.8054
15724.95	15724.95	2.03E-03	1.24E-06	78.1042	76.7501
15726.02	15726.02	1.65E-03	1.34E-06	78.0774	76.7841
15727.1	15727.1	1.77E-03	1.40E-06	78.1179	76.7454
15728.2	15728.2	1.73E-03	1.39E-06	78.0874	76.7772
15729.27	15729.27	2.00E-03	1.41E-06	78.0374	76.74
15730.36	15730.36	2.12E-03	1.38E-06	78.0631	76.7686
15731.44	15731.44	2.01E-03	1.36E-06	78.034	76.7092
15732.51	15732.51	1.70E-03	1.36E-06	78.0333	76.732
15733.58	15733.58	1.58E-03	1.32E-06	78.0434	76.6897
15734.69	15734.69	1.80E-03	1.29E-06	78.0861	76.7131
15735.77	15735.77	1.84E-03	1.24E-06	77.9723	76.717
15736.84	15736.84	1.83E-03	1.40E-06	77.9967	76.6742
15737.92	15737.92	1.55E-03	1.40E-06	77.9958	76.7041
15738.99	15738.99	2.04E-03	1.34E-06	77.9645	76.6549
15740.07	15740.07	1.95E-03	1.37E-06	77.9171	76.6783
15741.15	15741.15	1.69E-03	1.38E-06	77.9337	76.6316
15742.23	15742.23	1.82E-03	1.41E-06	78.0198	76.6593
15743.32	15743.32	1.78E-03	1.39E-06	77.9162	76.6037
15744.41	15744.41	1.62E-03	1.36E-06	77.986	76.6455
15745.48	15745.48	1.63E-03	1.33E-06	77.8525	76.609
15746.57	15746.57	1.70E-03	1.34E-06	77.8381	76.6266
15747.66	15747.66	1.90E-03	1.38E-06	77.8491	76.5809
15748.76	15748.76	1.88E-03	1.22E-06	77.9407	76.5582
15749.84	15749.84	1.83E-03	1.22E-06	77.9118	76.591
15750.91	15750.91	2.03E-03	1.39E-06	77.9428	76.5419
15752	15752	1.87E-03	1.24E-06	77.9181	76.5687
15753.09	15753.09	1.95E-03	1.31E-06	77.8387	76.522
15754.16	15754.16	1.74E-03	1.38E-06	77.8223	76.5625
15755.25	15755.25	2.05E-03	1.37E-06	77.867	76.5152
15756.34	15756.34	2.36E-03	1.27E-06	77.8592	76.5467
15757.43	15757.43	2.05E-03	1.35E-06	77.8703	76.5012
15758.5	15758.5	2.09E-03	1.34E-06	77.8562	76.5142
15759.58	15759.58	2.00E-03	1.20E-06	77.8661	76.4678
15760.65	15760.65	1.97E-03	1.29E-06	77.7726	76.5045
15761.74	15761.74	1.92E-03	1.37E-06	77.8142	76.5139
15762.82	15762.82	2.12E-03	1.35E-06	77.7689	76.4653
15763.9	15763.9	2.08E-03	1.33E-06	77.7592	76.4892
15764.99	15764.99	1.91E-03	1.33E-06	77.7091	76.435
15766.07	15766.07	2.07E-03	1.38E-06	77.7028	76.4577
15767.15	15767.15	2.12E-03	1.24E-06	77.6879	76.4096
15768.24	15768.24	2.05E-03	1.36E-06	77.6967	76.4461
15769.33	15769.33	2.18E-03	1.34E-06	77.6473	76.4059
15770.41	15770.41	2.07E-03	1.23E-06	77.6675	76.4337
15771.49	15771.49	1.72E-03	1.35E-06	77.6915	76.3943
15772.56	15772.56	2.29E-03	1.38E-06	77.6165	76.4089
15773.71	15773.71	2.07E-03	1.35E-06	77.6709	76.3551
15774.79	15774.79	2.05E-03	1.38E-06	77.6865	76.342
15775.87	15775.87	1.91E-03	1.21E-06	77.6771	76.382
15776.96	15776.96	2.05E-03	1.25E-06	77.6883	76.3423
15778.03	15778.03	2.02E-03	1.23E-06	77.6502	76.3726
15779.11	15779.11	2.12E-03	1.23E-06	77.6575	76.3085
15780.2	15780.2	1.97E-03	1.31E-06	77.6463	76.3279
15781.28	15781.28	2.17E-03	1.33E-06	77.6054	76.2937
15782.36	15782.36	2.16E-03	1.24E-06	77.5914	76.329
15783.43	15783.43	2.11E-03	1.24E-06	77.5205	76.2991
15784.51	15784.51	2.08E-03	1.33E-06	77.607	76.3324
15785.58	15785.58	1.95E-03	1.29E-06	77.6222	76.2806
15786.67	15786.67	1.85E-03	1.27E-06	77.5577	76.303
15787.74	15787.74	2.16E-03	1.36E-06	77.588	76.2772
15788.83	15788.83	2.12E-03	1.35E-06	77.5261	76.2407
15789.91	15789.91	2.20E-03	1.38E-06	77.4796	76.2744
15790.98	15790.98	2.23E-03	1.33E-06	77.513	76.2294
15792.05	15792.05	1.58E-03	1.34E-06	77.472	76.2517
15793.13	15793.13	1.97E-03	1.33E-06	77.4984	76.1951
15794.23	15794.23	2.41E-03	1.28E-06	77.5	76.2244
15795.31	15795.31	1.90E-03	1.24E-06	77.4962	76.1746
15796.39	15796.39	2.11E-03	1.35E-06	77.5562	76.205
15797.46	15797.46	2.35E-03	1.34E-06	77.5293	76.1691
15798.53	15798.53	2.07E-03	1.35E-06	77.4956	76.2078
15799.61	15799.61	1.75E-03	1.31E-06	77.439	76.1588
15800.71	15800.71	2.29E-03	1.36E-06	77.5072	76.1787
15801.79	15801.79	2.34E-03	1.38E-06	77.4904	76.15
15802.87	15802.87	2.00E-03	1.23E-06	77.5433	76.1077
15803.95	15803.95	2.15E-03	1.33E-06	77.4296	76.1466
15805.03	15805.03	1.88E-03	1.36E-06	77.4147	76.1046
15806.12	15806.12	1.97E-03	1.32E-06	77.3524	76.1425
15807.21	15807.21	1.86E-03	1.34E-06	77.4023	76.1004
15808.29	15808.29	1.97E-03	1.26E-06	77.4157	76.1175
15809.37	15809.37	1.99E-03	1.34E-06	77.4206	76.074
15810.46	15810.46	1.89E-03	1.34E-06	77.4529	76.0967
15811.54	15811.54	1.82E-03	1.41E-06	77.3799	76.0474
15812.62	15812.62	1.58E-03	1.35E-06	77.3762	76.0766
15813.7	15813.7	1.95E-03	1.42E-06	77.3406	76.043
15814.78	15814.78	1.58E-03	1.18E-06	77.2948	76.0367
15815.85	15815.85	2.05E-03	1.36E-06	77.2995	76.0647
15816.93	15816.93	1.78E-03	1.23E-06	77.338	76.0068
15818.01	15818.01	1.73E-03	1.44E-06	77.3168	76.0295
15819.09	15819.09	1.53E-03	1.02E-06	77.3018	75.9738
15820.19	15820.19	2.10E-03	1.33E-06	77.2668	76.006
15821.26	15821.26	2.03E-03	1.52E-06	77.3141	75.9718
15822.34	15822.34	1.78E-03	1.14E-06	77.2965	76.0018
15823.42	15823.42	2.05E-03	1.34E-06	77.2694	75.9665
15824.51	15824.51	1.59E-03	1.38E-06	77.3284	75.9954
15825.57	15825.57	1.88E-03	1.30E-06	77.2914	75.9411
15826.66	15826.66	1.66E-03	1.35E-06	77.2879	75.9657
15827.74	15827.74	1.76E-03	1.40E-06	77.2076	75.9393
15828.84	15828.84	1.85E-03	1.15E-06	77.2389	75.8944
15829.91	15829.91	1.72E-03	1.35E-06	77.2122	75.9313
15831	15831	1.49E-03	1.31E-06	77.1827	75.8898
15832.08	15832.08	1.44E-03	1.28E-06	77.1964	75.9349
15833.16	15833.16	1.59E-03	1.49E-06	77.1282	75.8799
15834.24	15834.24	1.70E-03	1.45E-06	77.1749	75.8976
15835.33	15835.33	1.67E-03	1.31E-06	77.1732	75.8555
15836.42	15836.42	1.83E-03	1.28E-06	77.1276	75.882
15837.49	15837.49	1.61E-03	1.43E-06	77.1501	75.8448
15838.57	15838.57	1.89E-03	1.37E-06	77.1481	75.8764
15839.66	15839.66	1.32E-03	1.21E-06	77.1031	75.8257
15840.76	15840.76	1.77E-03	1.33E-06	77.038	75.8134
15841.85	15841.85	1.82E-03	1.23E-06	77.0522	75.8475
15842.93	15842.93	1.88E-03	1.33E-06	77.1076	75.7988
15844.01	15844.01	1.67E-03	1.13E-06	77.1386	75.8198
15845.09	15845.09	1.76E-03	1.85E-06	77.0677	75.769
15846.19	15846.19	1.87E-03	1.15E-06	76.9978	75.7811
15847.27	15847.27	1.79E-03	1.29E-06	77.0345	75.7453
15848.35	15848.35	1.77E-03	1.40E-06	77.0308	75.7798
15849.43	15849.43	1.63E-03	1.33E-06	76.9981	75.7396
15850.51	15850.51	1.51E-03	1.10E-06	77.0514	75.7831
15851.58	15851.58	1.69E-03	1.22E-06	77.0469	75.7296
15852.66	15852.66	1.78E-03	1.28E-06	77.0194	75.7503
15853.76	15853.76	1.65E-03	1.05E-06	77.0094	75.727
15854.84	15854.84	1.62E-03	1.31E-06	76.9183	75.6789
15855.92	15855.92	1.73E-03	1.74E-06	77.0164	75.7099
15857.01	15857.01	1.77E-03	1.23E-06	77.01	75.6638
15858.09	15858.09	1.55E-03	1.15E-06	76.9506	75.7127
15859.19	15859.19	2.04E-03	1.32E-06	76.8997	75.6654
15860.28	15860.28	1.83E-03	1.27E-06	76.9327	75.6931
15861.35	15861.35	1.59E-03	1.30E-06	76.917	75.6408
15862.44	15862.44	1.78E-03	1.34E-06	76.9259	75.6624
15863.53	15863.53	1.86E-03	1.43E-06	76.9042	75.6065
15864.6	15864.6	1.91E-03	1.26E-06	76.9895	75.6416
15865.69	15865.69	2.02E-03	1.20E-06	76.9427	75.5978
15866.78	15866.78	2.00E-03	1.26E-06	76.8615	75.587
15867.85	15867.85	1.91E-03	1.34E-06	76.8371	75.6297
15868.92	15868.92	2.03E-03	1.25E-06	76.8697	75.5921
15869.99	15869.99	1.99E-03	1.44E-06	76.8756	75.6113
15871.08	15871.08	1.79E-03	1.22E-06	76.8214	75.5639
15872.17	15872.17	1.65E-03	9.99E-07	76.8731	75.5886
15873.25	15873.25	1.84E-03	1.31E-06	76.8369	75.5395
15874.34	15874.34	1.96E-03	1.13E-06	76.8141	75.562
15875.43	15875.43	1.58E-03	1.14E-06	76.7372	75.5194
15876.51	15876.51	1.73E-03	1.45E-06	76.7739	75.5548
15877.59	15877.59	1.85E-03	1.32E-06	76.7587	75.5274
15878.7	15878.7	1.78E-03	1.25E-06	76.7702	75.5424
15879.77	15879.77	1.81E-03	1.32E-06	76.7166	75.5098
15880.85	15880.85	1.58E-03	1.30E-06	76.7675	75.4552
15881.91	15881.91	1.86E-03	1.21E-06	76.7434	75.4923
15882.98	15882.98	2.14E-03	1.34E-06	76.7619	75.4537
15884.06	15884.06	2.06E-03	1.05E-06	76.7282	75.4881
15885.15	15885.15	2.24E-03	1.35E-06	76.7198	75.4461
15886.22	15886.22	2.29E-03	1.25E-06	76.7353	75.4747
15887.31	15887.31	2.16E-03	1.20E-06	76.686	75.4181
15888.4	15888.4	2.01E-03	1.23E-06	76.7313	75.4364
15889.48	15889.48	1.82E-03	1.28E-06	76.7177	75.3962
15890.55	15890.55	1.92E-03	1.05E-06	76.754	75.4225
15891.66	15891.66	1.83E-03	1.41E-06	76.6901	75.3948
15892.74	15892.74	1.65E-03	1.18E-06	76.5826	75.3815
15893.83	15893.83	1.88E-03	1.22E-06	76.6763	75.4066
15894.92	15894.92	1.69E-03	1.35E-06	76.6589	75.3576
15895.99	15895.99	2.05E-03	1.27E-06	76.6502	75.391
15897.08	15897.08	1.66E-03	1.28E-06	76.5875	75.3418
15898.19	15898.19	1.56E-03	1.32E-06	76.6475	75.3709
15899.27	15899.27	1.63E-03	9.73E-07	76.5748	75.3233
15900.35	15900.35	1.76E-03	1.21E-06	76.5426	75.3576
15901.43	15901.43	1.94E-03	1.19E-06	76.5325	75.3103
15902.51	15902.51	1.80E-03	1.28E-06	76.5038	75.3418
15903.57	15903.57	1.68E-03	1.08E-06	76.4909	75.289
15904.66	15904.66	1.71E-03	1.21E-06	76.5856	75.3212
15905.76	15905.76	1.59E-03	1.16E-06	76.5603	75.2945
15906.84	15906.84	1.60E-03	1.29E-06	76.5076	75.2374
15907.91	15907.91	1.55E-03	1.01E-06	76.4988	75.2678
15909	15909	1.75E-03	1.11E-06	76.4904	75.2226
15910.09	15910.09	1.52E-03	1.02E-06	76.5117	75.2679
15911.17	15911.17	1.72E-03	1.09E-06	76.4569	75.2229
15912.24	15912.24	1.71E-03	1.03E-06	76.4578	75.2544
15913.34	15913.34	1.82E-03	1.11E-06	76.5021	75.209
15914.42	15914.42	1.53E-03	1.07E-06	76.4777	75.2309
15915.5	15915.5	1.83E-03	9.21E-07	76.4813	75.1848
15916.57	15916.57	2.11E-03	1.19E-06	76.4899	75.208
15917.67	15917.67	1.68E-03	1.10E-06	76.5385	75.165
15918.75	15918.75	1.70E-03	1.07E-06	76.4732	75.145
15919.82	15919.82	1.82E-03	1.08E-06	76.4476	75.1786
15920.9	15920.9	1.59E-03	1.04E-06	76.4373	75.1423
15921.98	15921.98	1.77E-03	1.07E-06	76.4078	75.1749
15923.06	15923.06	1.91E-03	1.13E-06	76.354	75.1314
15924.15	15924.15	1.94E-03	1.07E-06	76.4907	75.1543
15925.23	15925.23	2.13E-03	1.06E-06	76.4133	75.1047
15926.32	15926.32	2.05E-03	1.13E-06	76.4153	75.1235
15927.39	15927.39	1.98E-03	1.01E-06	76.4318	75.0906
15928.46	15928.46	1.77E-03	9.25E-07	76.3359	75.119
15929.54	15929.54	1.98E-03	1.00E-06	76.3369	75.0741
15930.62	15930.62	1.58E-03	1.05E-06	76.344	75.1079
15931.72	15931.72	2.28E-03	1.06E-06	76.3342	75.0728
15932.81	15932.81	1.92E-03	8.79E-07	76.3052	75.046
15933.89	15933.89	1.84E-03	9.45E-07	76.2745	75.0571
15934.96	15934.96	1.98E-03	8.41E-07	76.2478	75.0115
15936.03	15936.03	1.82E-03	9.33E-07	76.3483	75.0405
15937.11	15937.11	1.66E-03	9.55E-07	76.234	74.9999
15938.2	15938.2	1.97E-03	9.52E-07	76.2613	75.0298
15939.29	15939.29	1.80E-03	8.73E-07	76.2936	74.9922
15940.36	15940.36	1.85E-03	8.55E-07	76.2072	75.0245
15941.43	15941.43	1.68E-03	8.55E-07	76.2008	74.9773
15942.5	15942.5	1.79E-03	8.03E-07	76.2229	75.0023
15943.59	15943.59	1.63E-03	8.62E-07	76.1999	74.9529
15944.68	15944.68	2.18E-03	8.54E-07	76.234	74.9786
15945.76	15945.76	1.83E-03	8.08E-07	76.2039	74.9535
15946.83	15946.83	1.84E-03	8.60E-07	76.1753	74.9116
15947.91	15947.91	2.11E-03	7.47E-07	76.1706	74.9447
15948.98	15948.98	2.09E-03	7.32E-07	76.1536	74.9082
15950.05	15950.05	1.91E-03	9.72E-07	76.1451	74.9439
15951.13	15951.13	1.85E-03	7.95E-07	76.1701	74.8932
15952.23	15952.23	2.22E-03	7.01E-07	76.197	74.9147
15953.3	15953.3	2.11E-03	7.53E-07	76.2179	74.8628
15954.39	15954.39	1.91E-03	7.97E-07	76.1906	74.8843
15955.46	15955.46	1.82E-03	6.73E-07	76.1702	74.84
15956.53	15956.53	2.14E-03	6.61E-07	76.1472	74.8798
15957.62	15957.62	2.14E-03	6.66E-07	76.0649	74.8423
15958.73	15958.73	1.58E-03	6.47E-07	76.1003	74.8799
15959.81	15959.81	1.96E-03	6.53E-07	76.0682	74.8487
15960.89	15960.89	1.93E-03	5.23E-07	76.0377	74.8021
15961.98	15961.98	2.25E-03	6.00E-07	76.0297	74.8268
15963.04	15963.04	2.27E-03	6.06E-07	76.066	74.7865
15964.12	15964.12	1.94E-03	6.31E-07	76.059	74.8196
15965.2	15965.2	1.85E-03	5.89E-07	75.9696	74.7687
15966.29	15966.29	1.97E-03	4.85E-07	76.0453	74.8017
15967.36	15967.36	1.89E-03	5.61E-07	76.0187	74.7654
15968.43	15968.43	1.79E-03	5.83E-07	75.9667	74.7945
15969.51	15969.51	1.81E-03	5.68E-07	75.9689	74.7523
15970.59	15970.59	2.03E-03	3.06E-07	75.9699	74.7755
15971.69	15971.69	1.86E-03	5.11E-07	76.0448	74.7186
15972.78	15972.78	2.16E-03	6.25E-07	76.0023	74.6946
15973.87	15973.87	2.17E-03	3.20E-07	76.0316	74.7169
15974.94	15974.94	2.28E-03	2.45E-07	75.9105	74.6705
15976.03	15976.03	2.13E-03	2.11E-07	75.9564	74.7083
15977.1	15977.1	1.91E-03	2.21E-07	75.9389	74.6739
15978.19	15978.19	1.97E-03	2.56E-07	75.9376	74.7103
15979.27	15979.27	2.02E-03	2.30E-07	75.9182	74.6651
15980.33	15980.33	2.16E-03	2.30E-07	75.9627	74.6854
15981.41	15981.41	1.95E-03	2.76E-07	75.8808	74.6399
15982.49	15982.49	2.05E-03	1.25E-07	75.9056	74.6683
15983.56	15983.56	2.13E-03	2.09E-07	75.929	74.6147
15984.64	15984.64	1.70E-03	2.59E-07	75.908	74.6548
15985.73	15985.73	1.84E-03	2.24E-07	75.9331	74.6313
15986.82	15986.82	1.69E-03	1.35E-07	75.863	74.5882
15987.88	15987.88	1.81E-03	8.06E-08	75.8729	74.6229
15988.97	15988.97	1.96E-03	1.73E-07	75.8791	74.5823
15990.05	15990.05	1.95E-03	2.12E-08	75.8897	74.6148
15991.12	15991.12	1.94E-03	1.34E-07	75.8476	74.5592
15992.21	15992.21	1.76E-03	2.50E-07	75.8742	74.5824
15993.3	15993.3	2.12E-03	9.41E-08	75.8011	74.5288
15994.38	15994.38	1.90E-03	2.71E-08	75.8195	74.5536
15995.45	15995.45	1.80E-03	-7.89E-08	75.7923	74.5161
15996.52	15996.52	1.67E-03	1.60E-07	75.841	74.5503
15997.61	15997.61	1.64E-03	1.19E-07	75.7766	74.5106
15998.69	15998.69	1.91E-03	-1.21E-08	75.7432	74.5441
15999.77	15999.77	1.87E-03	1.65E-07	75.756	74.5172
16000.85	16000.85	1.70E-03	3.68E-08	75.792	74.4715
16001.92	16001.92	1.74E-03	-2.30E-08	75.7649	74.4978
16003.01	16003.01	1.69E-03	1.13E-07	75.7111	74.4418
16004.09	16004.09	1.79E-03	5.98E-08	75.7181	74.4712
16005.19	16005.19	1.74E-03	-2.18E-08	75.6977	74.4406
16006.28	16006.28	1.99E-03	-2.66E-08	75.6235	74.4718
16007.36	16007.36	1.99E-03	1.71E-07	75.6703	74.4287
16008.44	16008.44	2.22E-03	1.16E-07	75.6603	74.464
16009.5	16009.5	2.00E-03	1.33E-08	75.6216	74.4119
16010.57	16010.57	1.85E-03	-1.43E-08	75.6525	74.43
16011.68	16011.68	1.82E-03	5.34E-08	75.6954	74.3883
16012.77	16012.77	1.90E-03	1.40E-08	75.7107	74.3672
16013.85	16013.85	1.87E-03	2.56E-08	75.6992	74.3875
16014.92	16014.92	1.90E-03	3.22E-08	75.6362	74.3471
16015.99	16015.99	1.97E-03	1.05E-07	75.6479	74.3766
16017.07	16017.07	1.87E-03	-1.51E-08	75.625	74.3411
16018.17	16018.17	1.72E-03	-6.71E-08	75.5989	74.3737
16019.24	16019.24	2.00E-03	5.27E-10	75.6077	74.3301
16020.32	16020.32	1.89E-03	6.32E-09	75.5608	74.3587
16021.41	16021.41	2.02E-03	-3.71E-08	75.589	74.3126
16022.48	16022.48	1.92E-03	2.19E-08	75.5773	74.3375
16023.56	16023.56	1.94E-03	-2.62E-08	75.5084	74.2798
16024.64	16024.64	1.83E-03	-9.27E-08	75.5702	74.3082
16025.73	16025.73	1.91E-03	-3.42E-08	75.5855	74.2594
16026.83	16026.83	1.88E-03	-8.39E-08	75.4907	74.2549
16027.9	16027.9	1.67E-03	-3.22E-08	75.4547	74.2856
16028.99	16028.99	1.94E-03	-4.53E-08	75.4914	74.24
16030.05	16030.05	2.16E-03	1.09E-07	75.4724	74.2829
16031.14	16031.14	2.13E-03	-5.57E-08	75.5266	74.2307
16032.22	16032.22	1.99E-03	3.64E-08	75.5017	74.2626
16033.31	16033.31	1.85E-03	-3.63E-08	75.4768	74.1988
16034.4	16034.4	1.84E-03	3.31E-08	75.5216	74.2308
16035.47	16035.47	2.18E-03	-8.15E-08	75.4843	74.1824
16036.54	16036.54	2.04E-03	1.81E-08	75.4624	74.2174
16037.65	16037.65	1.75E-03	2.20E-08	75.3893	74.1715
16038.75	16038.75	1.89E-03	2.22E-08	75.4303	74.2131
16039.83	16039.83	2.03E-03	4.43E-08	75.4249	74.2028
16040.91	16040.91	2.10E-03	-4.77E-08	75.36	74.1479
16041.97	16041.97	2.08E-03	-3.85E-08	75.3489	74.1726
16043.05	16043.05	1.90E-03	4.18E-08	75.2768	74.1291
16044.13	16044.13	1.75E-03	-3.19E-08	75.372	74.1511
16045.23	16045.23	1.57E-03	-5.32E-08	75.4136	74.1072
16046.31	16046.31	1.95E-03	-5.15E-08	75.3793	74.1301
16047.39	16047.39	1.93E-03	-8.33E-08	75.3277	74.0766
16048.46	16048.46	1.84E-03	-6.25E-08	75.2951	74.1191
16049.53	16049.53	1.96E-03	6.20E-09	75.2822	74.0708
16050.64	16050.64	1.89E-03	-1.22E-08	75.3359	74.1102
16051.73	16051.73	1.75E-03	1.48E-08	75.2476	74.094
16052.81	16052.81	1.75E-03	5.11E-09	75.2463	74.0533
16053.9	16053.9	2.06E-03	2.17E-10	75.2885	74.0655
16054.96	16054.96	1.99E-03	-3.65E-08	75.2372	74.0205
16056.03	16056.03	2.07E-03	3.89E-08	75.2821	74.0375
16057.12	16057.12	1.77E-03	8.35E-08	75.2777	73.9976
16058.21	16058.21	2.15E-03	-4.87E-09	75.2502	74.0262
16059.29	16059.29	1.96E-03	5.44E-08	75.2803	73.9808
16060.36	16060.36	1.86E-03	-1.78E-07	75.2591	74.0152
16061.43	16061.43	1.63E-03	-1.31E-07	75.2502	73.9729
16062.51	16062.51	1.90E-03	3.07E-08	75.1737	74.0019
16063.59	16063.59	1.61E-03	-2.53E-08	75.1871	73.959
16064.68	16064.68	1.83E-03	4.05E-08	75.159	73.9863
16065.75	16065.75	1.73E-03	-1.98E-08	75.2096	73.9651
16066.83	16066.83	1.94E-03	-4.76E-08	75.1965	73.9133
16067.9	16067.9	2.00E-03	9.06E-08	75.2379	73.9404
16068.98	16068.98	1.73E-03	1.84E-08	75.1358	73.9
16070.05	16070.05	1.97E-03	-2.42E-08	75.0965	73.9361
16071.15	16071.15	1.90E-03	-1.48E-08	75.1729	73.8963
16072.24	16072.24	1.85E-03	1.56E-08	75.1693	73.9299
16073.31	16073.31	1.84E-03	-6.38E-09	75.0952	73.8887
16074.39	16074.39	1.71E-03	1.12E-08	75.1139	73.9085
16075.47	16075.47	1.45E-03	-6.94E-09	75.1082	73.8523
16076.54	16076.54	1.45E-03	5.08E-09	75.0804	73.8854
16077.64	16077.64	1.83E-03	-3.95E-08	75.0408	73.8276
16078.76	16078.76	1.73E-03	9.85E-09	75.1206	73.8678
16079.85	16079.85	1.53E-03	7.27E-08	75.0408	73.8666
16080.93	16080.93	1.51E-03	-5.74E-08	75.0634	73.8231
16081.99	16081.99	1.83E-03	-2.17E-10	74.9779	73.8448
16083.06	16083.06	1.48E-03	-4.48E-08	75.0261	73.7939
16084.16	16084.16	1.29E-03	1.46E-07	74.9738	73.8192
16085.25	16085.25	1.58E-03	-7.18E-08	75.0378	73.7716
16086.33	16086.33	1.72E-03	3.02E-08	75.0143	73.7796
16087.41	16087.41	1.86E-03	-8.98E-08	74.9895	73.7479
16088.47	16088.47	1.68E-03	-3.47E-08	74.9626	73.7729
16089.57	16089.57	1.59E-03	1.57E-08	74.9108	73.742
16090.65	16090.65	1.63E-03	-2.05E-08	74.9748	73.7764
16091.74	16091.74	1.64E-03	2.59E-08	74.9579	73.7245
16092.81	16092.81	1.91E-03	-8.09E-08	74.998	73.7047
16093.89	16093.89	1.90E-03	-1.02E-07	75.0113	73.7217
16094.98	16094.98	1.57E-03	2.85E-09	74.9223	73.679
16096.05	16096.05	1.75E-03	-1.09E-07	74.9522	73.71
16097.13	16097.13	2.14E-03	-4.18E-08	74.8999	73.665
16098.22	16098.22	2.08E-03	-8.26E-08	74.9215	73.7051
16099.3	16099.3	1.82E-03	9.27E-08	74.9382	73.6689
16100.37	16100.37	1.89E-03	6.37E-08	74.9208	73.6853
16101.44	16101.44	1.76E-03	2.55E-07	74.9012	73.635
16102.52	16102.52	1.94E-03	-4.25E-08	74.8878	73.6535
16103.59	16103.59	1.96E-03	-2.23E-07	74.8844	73.61
16104.68	16104.68	1.61E-03	7.79E-08	74.8521	73.6424
16105.75	16105.75	1.73E-03	3.13E-09	74.8884	73.6429
16106.84	16106.84	1.67E-03	9.14E-08	74.8422	73.6003
16107.91	16107.91	1.87E-03	2.40E-08	74.8119	73.6248
16108.99	16108.99	1.81E-03	-1.04E-07	74.7993	73.5715
16110.06	16110.06	1.49E-03	3.10E-11	74.8181	73.5914
16111.16	16111.16	1.76E-03	-1.15E-07	74.8208	73.5509
16112.25	16112.25	1.73E-03	-1.56E-07	74.774	73.583
16113.33	16113.33	1.55E-03	1.03E-07	74.7904	73.5455
16114.41	16114.41	1.64E-03	1.74E-08	74.6871	73.5709
16115.48	16115.48	1.88E-03	2.98E-08	74.7048	73.5214
16116.56	16116.56	2.23E-03	1.73E-08	74.6827	73.55
16117.64	16117.64	1.90E-03	1.50E-08	74.7492	73.4973
16118.75	16118.75	2.17E-03	-2.47E-08	74.7637	73.5262
16119.85	16119.85	1.99E-03	-2.11E-07	74.7823	73.5185
16120.91	16120.91	1.94E-03	-5.45E-08	74.7344	73.4786
16121.98	16121.98	2.35E-03	5.04E-08	74.7221	73.5069
16123.06	16123.06	2.44E-03	-7.80E-08	74.7375	73.4557
16124.15	16124.15	2.07E-03	7.38E-09	74.7107	73.4856
16125.24	16125.24	1.95E-03	-5.86E-08	74.7499	73.435
16126.33	16126.33	2.18E-03	3.11E-08	74.6864	73.4524
16127.42	16127.42	2.09E-03	-3.86E-08	74.7231	73.4139
16128.48	16128.48	1.73E-03	1.75E-07	74.7068	73.4485
16129.56	16129.56	2.39E-03	-1.54E-08	74.6887	73.4087
16130.63	16130.63	2.33E-03	-6.79E-09	74.6163	73.4424
16131.72	16131.72	2.22E-03	-1.42E-07	74.6582	73.4242
16132.8	16132.8	1.78E-03	-1.11E-07	74.562	73.3676
16133.87	16133.87	1.86E-03	-3.51E-08	74.624	73.4029
16134.96	16134.96	1.62E-03	-6.34E-08	74.6172	73.3467
16136.03	16136.03	1.82E-03	-3.25E-08	74.5603	73.3835
16137.1	16137.1	1.78E-03	-5.27E-08	74.5652	73.3507
16138.19	16138.19	1.76E-03	1.66E-08	74.5801	73.3809
16139.28	16139.28	1.65E-03	-5.00E-08	74.5476	73.3296
16140.35	16140.35	1.84E-03	1.54E-07	74.5435	73.3511
16141.42	16141.42	1.65E-03	-6.73E-08	74.5576	73.2936
16142.5	16142.5	1.93E-03	-1.41E-08	74.6051	73.3248
16143.58	16143.58	1.87E-03	-8.99E-08	74.5459	73.2837
16144.66	16144.66	1.95E-03	7.08E-07	74.5156	73.3144
16145.74	16145.74	1.96E-03	-5.27E-08	74.5214	73.3079
16146.81	16146.81	2.05E-03	4.74E-08	74.4999	73.2473
16147.89	16147.89	1.92E-03	-2.95E-08	74.4936	73.27
16148.97	16148.97	1.89E-03	-7.52E-08	74.467	73.2242
16150.04	16150.04	2.27E-03	5.39E-09	74.4612	73.2619
16151.12	16151.12	1.77E-03	-7.25E-08	74.4578	73.2357
16152.21	16152.21	1.96E-03	5.90E-08	74.4779	73.2694
16153.3	16153.3	1.90E-03	-2.26E-08	74.4734	73.2166
16154.38	16154.38	1.94E-03	-6.66E-08	74.4274	73.2316
16155.44	16155.44	2.09E-03	-7.73E-08	74.403	73.1791
16156.52	16156.52	1.83E-03	-8.71E-08	74.4109	73.2076
16157.61	16157.61	2.10E-03	1.30E-07	74.3603	73.1763
16158.71	16158.71	2.16E-03	-5.76E-09	74.3519	73.2134
16159.8	16159.8	2.11E-03	5.36E-09	74.4399	73.1806
16160.87	16160.87	2.29E-03	-3.71E-08	74.4388	73.129
16161.94	16161.94	1.95E-03	4.19E-08	74.4117	73.164
16163.02	16163.02	1.91E-03	3.69E-08	74.3389	73.1203
16164.09	16164.09	1.86E-03	4.74E-08	74.4149	73.1559
16165.19	16165.19	1.79E-03	1.71E-08	74.3486	73.113
16166.26	16166.26	1.63E-03	2.38E-08	74.3697	73.1275
16167.35	16167.35	2.06E-03	-2.45E-08	74.3808	73.0831
16168.43	16168.43	1.64E-03	-2.92E-08	74.3768	73.1145
16169.49	16169.49	1.68E-03	2.34E-08	74.2782	73.0728
16170.57	16170.57	1.94E-03	-5.48E-08	74.2507	73.1097
16171.67	16171.67	1.52E-03	1.93E-07	74.3187	73.0669
16172.77	16172.77	1.44E-03	7.30E-08	74.2686	73.0375
16173.85	16173.85	1.65E-03	-6.66E-09	74.2577	73.0598
16174.93	16174.93	1.94E-03	1.44E-08	74.2206	73.0171
16176	16176	1.60E-03	1.61E-08	74.2731	73.0567
16177.07	16177.07	1.59E-03	-2.40E-08	74.2189	73.0094
16178.17	16178.17	1.61E-03	6.76E-09	74.2252	73.0324
16179.25	16179.25	1.71E-03	1.55E-08	74.2043	72.9821
16180.33	16180.33	1.59E-03	1.40E-08	74.2031	73.0061
16181.41	16181.41	1.76E-03	1.95E-08	74.2105	72.9653
16182.47	16182.47	1.85E-03	3.39E-08	74.2214	73.0056
16183.55	16183.55	2.12E-03	1.65E-08	74.173	72.9647
16184.63	16184.63	2.11E-03	-2.02E-08	74.1803	72.985
16185.72	16185.72	1.97E-03	1.31E-08	74.2354	72.9381
16186.8	16186.8	1.80E-03	1.92E-08	74.194	72.9241
16187.87	16187.87	1.78E-03	-2.22E-08	74.1456	72.9484
16188.96	16188.96	1.51E-03	-1.70E-08	74.0544	72.9176
16190.03	16190.03	1.83E-03	-4.61E-08	74.0544	72.9373
16191.11	16191.11	1.68E-03	4.21E-08	74.1382	72.891
16192.2	16192.2	2.13E-03	2.47E-08	74.0992	72.9094
16193.27	16193.27	1.87E-03	1.29E-08	74.137	72.8645
16194.35	16194.35	2.04E-03	8.23E-08	74.1479	72.8943
16195.42	16195.42	1.84E-03	-8.19E-08	74.1224	72.8684
16196.49	16196.49	1.94E-03	1.87E-08	73.9954	72.8864
16197.57	16197.57	1.98E-03	-1.61E-08	74.1134	72.8341
16198.68	16198.68	1.81E-03	-8.58E-09	74.1106	72.867
16199.77	16199.77	1.98E-03	-8.59E-08	74.1372	72.8461
16200.84	16200.84	2.08E-03	6.32E-08	74.1226	72.8139
16201.92	16201.92	1.82E-03	-4.07E-08	74.0527	72.8432