# Ic =  nan A, n =  nan , Tavg = 49.98 K, f37-beamOnSet1-50K
#datetime                        t_s     iHTS_A                vHTS_V                tHTS_K  tTAR_K
0202-05-13_00:11:52.610000      7984.58        2.18962200e-02       -1.68069829e-08  49.9415  49.4727
0202-05-13_00:11:52.800000      7984.77        1.50408700e-02       -1.45137929e-08  49.9415  49.4727
0202-05-13_00:11:53.008000      7984.98        2.39903800e-02       -1.45757729e-08  49.9415  49.4727
0202-05-13_00:11:53.234000      7985.20        3.34816100e-02       -1.53814929e-08  49.9415  49.4727
0202-05-13_00:11:53.450000      7985.42        4.38915300e-02       -9.55555294e-09  49.9644  49.5121
0202-05-13_00:11:53.652000      7985.62        5.37671500e-02       -4.59731294e-09  49.9644  49.5121
0202-05-13_00:11:53.848000      7985.82        6.29852900e-02       -4.41137294e-09  49.9644  49.5121
0202-05-13_00:11:54.040000      7986.01        7.32156300e-02       -9.98940294e-09  49.9644  49.5121
0202-05-13_00:11:54.250000      7986.22        8.35884400e-02       -1.02373129e-08  49.9644  49.5121
0202-05-13_00:11:54.445000      7986.41        9.29704300e-02       -6.33269294e-09  49.9498  49.4636
0202-05-13_00:11:54.640000      7986.61        1.03151800e-01       -3.41973294e-09  49.9498  49.4636
0202-05-13_00:11:54.836000      7986.80        1.12323900e-01       -4.65929294e-09  49.9498  49.4636
0202-05-13_00:11:55.030000      7987.00        1.22747200e-01       -5.03115294e-09  49.9498  49.4636
0202-05-13_00:11:55.254000      7987.22        1.33275900e-01       -7.01436294e-09  49.9498  49.4636
0202-05-13_00:11:55.450000      7987.42        1.42315900e-01        4.23367059e-10  49.9638  49.4944
0202-05-13_00:11:55.652000      7987.62        1.52059400e-01        2.99687059e-10  49.9638  49.4944
0202-05-13_00:11:55.850000      7987.82        1.62387700e-01        3.02690706e-09  49.9638  49.4944
0202-05-13_00:11:56.043000      7988.01        1.72679500e-01       -1.31156294e-09  49.9638  49.4944
0202-05-13_00:11:56.258000      7988.23        1.81369200e-01       -5.15420294e-09  49.9638  49.4944
0202-05-13_00:11:56.460000      7988.43        1.92135400e-01       -1.13520029e-08  49.9468  49.4824
0202-05-13_00:11:56.664000      7988.63        2.01913000e-01       -5.46409294e-09  49.9468  49.4824
0202-05-13_00:11:56.860000      7988.83        2.11576400e-01       -5.21617294e-09  49.9468  49.4824
0202-05-13_00:11:57.050000      7989.02        2.22140700e-01       -2.67507294e-09  49.9468  49.4824
0202-05-13_00:11:57.270000      7989.24        2.32213700e-01       -5.27815294e-09  49.9468  49.4824
0202-05-13_00:11:57.473000      7989.44        2.41958700e-01        1.10558706e-09  49.9628  49.5060
0202-05-13_00:11:57.670000      7989.64        2.51686000e-01        6.09757059e-10  49.9628  49.5060
0202-05-13_00:11:57.863000      7989.83        2.61235100e-01       -1.06364294e-09  49.9628  49.5060
0202-05-13_00:11:58.066000      7990.04        2.71072100e-01       -6.88958294e-09  49.9628  49.5060
0202-05-13_00:11:58.277000      7990.25        2.81701700e-01       -1.49749294e-09  49.9628  49.5060
0202-05-13_00:11:58.477000      7990.44        2.91138000e-01       -3.17090294e-09  49.9482  49.4815
0202-05-13_00:11:58.670000      7990.64        3.01160600e-01        1.66338706e-09  49.9482  49.4815
0202-05-13_00:11:58.863000      7990.83        3.11362700e-01        1.47745706e-09  49.9482  49.4815
0202-05-13_00:11:59.055000      7991.02        3.21106200e-01        1.41547706e-09  49.9482  49.4815
0202-05-13_00:11:59.273000      7991.24        3.31011400e-01        3.21283706e-09  49.9482  49.4815
0202-05-13_00:11:59.484000      7991.45        3.41155700e-01        1.35349706e-09  49.9658  49.5120
0202-05-13_00:11:59.688000      7991.65        3.50600900e-01       -1.12562294e-09  49.9658  49.5120
0202-05-13_00:11:59.890000      7991.86        3.60310300e-01        9.81627059e-10  49.9658  49.5120
0202-05-13_00:12:00.090000      7992.06        3.70611900e-01        5.01020706e-09  49.9658  49.5120
0202-05-13_00:12:00.285000      7992.25        3.80903100e-01        9.53460706e-09  49.9498  49.4780
0202-05-13_00:12:00.496000      7992.46        3.89769400e-01        7.05547706e-09  49.9498  49.4780
0202-05-13_00:12:00.688000      7992.66        4.00511800e-01        1.47745706e-09  49.9498  49.4780
0202-05-13_00:12:00.880000      7992.85        4.10570300e-01       -4.16255294e-09  49.9498  49.4780
0202-05-13_00:12:01.086000      7993.05        4.20067400e-01       -7.44738294e-09  49.9498  49.4780
0202-05-13_00:12:01.285000      7993.25        4.30003900e-01       -4.53425294e-09  49.9498  49.4780
0202-05-13_00:12:01.480000      7993.45        4.40427200e-01       -1.55914294e-09  49.9705  49.5124
0202-05-13_00:12:01.676000      7993.64        4.49746300e-01       -1.33422941e-10  49.9705  49.5124
0202-05-13_00:12:01.867000      7993.84        4.59751000e-01       -3.17035294e-09  49.9705  49.5124
0202-05-13_00:12:02.060000      7994.03        4.69994700e-01       -7.13695294e-09  49.9705  49.5124
0202-05-13_00:12:02.270000      7994.24        4.79641800e-01       -4.96771294e-09  49.9705  49.5124
0202-05-13_00:12:02.465000      7994.43        4.90233000e-01       -1.33422941e-10  49.9414  49.4695
0202-05-13_00:12:02.656000      7994.63        4.99863700e-01        5.38262706e-09  49.9414  49.4695
0202-05-13_00:12:02.855000      7994.82        5.09776500e-01        3.27536706e-09  49.9414  49.4695
0202-05-13_00:12:03.047000      7995.02        5.19433900e-01        4.51492706e-09  49.9414  49.4695
0202-05-13_00:12:03.270000      7995.24        5.29281300e-01        3.08943706e-09  49.9414  49.4695
0202-05-13_00:12:03.473000      7995.44        5.40057800e-01        6.06438706e-09  49.9674  49.5021
0202-05-13_00:12:03.676000      7995.64        5.49068200e-01        2.09778706e-09  49.9674  49.5021
0202-05-13_00:12:03.867000      7995.83        5.58862200e-01        1.84987706e-09  49.9674  49.5021
0202-05-13_00:12:04.070000      7996.04        5.69185300e-01       -9.47294118e-12  49.9674  49.5021
0202-05-13_00:12:04.280000      7996.25        5.79038600e-01       -3.48024294e-09  49.9674  49.5021
0202-05-13_00:12:04.477000      7996.45        5.89056700e-01       -4.90573294e-09  49.9517  49.4733
0202-05-13_00:12:04.676000      7996.64        5.98873000e-01       -1.43496294e-09  49.9517  49.4733
0202-05-13_00:12:04.867000      7996.84        6.08705500e-01        2.38447059e-10  49.9517  49.4733
0202-05-13_00:12:05.060000      7997.03        6.18288800e-01        3.62397059e-10  49.9517  49.4733
0202-05-13_00:12:05.273000      7997.24        6.29192900e-01       -2.55057294e-09  49.9517  49.4733
0202-05-13_00:12:05.492000      7997.46        6.38820700e-01       -4.47189294e-09  49.9497  49.4958
0202-05-13_00:12:05.690000      7997.66        6.49009300e-01       -3.29430294e-09  49.9497  49.4958
0202-05-13_00:12:05.887000      7997.85        6.58678700e-01       -2.05474294e-09  49.9497  49.4958
0202-05-13_00:12:06.094000      7998.06        6.67864100e-01       -9.47294118e-12  49.9497  49.4958
0202-05-13_00:12:06.293000      7998.26        6.78444700e-01        1.10613706e-09  49.9431  49.4881
0202-05-13_00:12:06.484000      7998.45        6.88627600e-01        3.77119706e-09  49.9431  49.4881
0202-05-13_00:12:06.680000      7998.65        6.97888700e-01        1.14487059e-10  49.9431  49.4881
0202-05-13_00:12:06.875000      7998.84        7.08392200e-01        2.15976706e-09  49.9431  49.4881
0202-05-13_00:12:07.066000      7999.03        7.18514100e-01        3.83317706e-09  49.9431  49.4881
0202-05-13_00:12:07.285000      7999.25        7.27733400e-01        1.07745971e-08  49.9431  49.4881
0202-05-13_00:12:07.480000      7999.45        7.38027500e-01        9.34901706e-09  49.9712  49.5048
0202-05-13_00:12:07.670000      7999.64        7.48030800e-01        3.27507706e-09  49.9712  49.5048
0202-05-13_00:12:07.870000      7999.84        7.57771300e-01        2.90320706e-09  49.9712  49.5048
0202-05-13_00:12:08.062000      8000.03        7.67767100e-01       -5.05582941e-10  49.9712  49.5048
0202-05-13_00:12:08.300000      8000.27        7.78554000e-01        3.00127059e-10  49.9712  49.5048
0202-05-13_00:12:08.508000      8000.48        7.87371400e-01       -1.49723294e-09  49.9390  49.4747
0202-05-13_00:12:08.700000      8000.67        7.97790300e-01        1.04386706e-09  49.9390  49.4747
0202-05-13_00:12:08.895000      8000.86        8.07703400e-01        8.85310706e-09  49.9390  49.4747
0202-05-13_00:12:09.098000      8001.06        8.17341600e-01        1.27577271e-08  49.9390  49.4747
0202-05-13_00:12:09.293000      8001.26        8.27111800e-01        1.11462971e-08  49.9631  49.5054
0202-05-13_00:12:09.490000      8001.46        8.37395600e-01        7.17969706e-09  49.9631  49.5054
0202-05-13_00:12:09.690000      8001.66        8.47435900e-01        5.19639706e-09  49.9631  49.5054
0202-05-13_00:12:09.883000      8001.85        8.56746100e-01        6.99376706e-09  49.9631  49.5054
0202-05-13_00:12:10.086000      8002.05        8.67384500e-01        2.34540706e-09  49.9631  49.5054
0202-05-13_00:12:10.280000      8002.25        8.77512500e-01        9.78277706e-09  49.9631  49.5054
0202-05-13_00:12:10.496000      8002.46        8.86766700e-01        1.33155271e-08  49.9534  49.4892
0202-05-13_00:12:10.700000      8002.67        8.96863400e-01        1.75920171e-08  49.9534  49.4892
0202-05-13_00:12:10.902000      8002.87        9.06900800e-01        1.57326771e-08  49.9534  49.4892
0202-05-13_00:12:11.105000      8003.07        9.15847300e-01        1.38113571e-08  49.9534  49.4892
0202-05-13_00:12:11.305000      8003.27        9.26859800e-01        1.21999271e-08  49.9705  49.5185
0202-05-13_00:12:11.508000      8003.48        9.36962500e-01        9.34892706e-09  49.9705  49.5185
0202-05-13_00:12:11.703000      8003.67        9.45980300e-01        1.13942071e-08  49.9705  49.5185
0202-05-13_00:12:11.895000      8003.86        9.56430300e-01        1.25098171e-08  49.9705  49.5185
0202-05-13_00:12:12.098000      8004.07        9.66551900e-01        1.92654271e-08  49.9705  49.5185
0202-05-13_00:12:12.297000      8004.26        9.75949600e-01        1.74680571e-08  49.9395  49.4822
0202-05-13_00:12:12.492000      8004.46        9.86482700e-01        1.29436571e-08  49.9395  49.4822
0202-05-13_00:12:12.695000      8004.66        9.96499300e-01        5.19639706e-09  49.9395  49.4822
0202-05-13_00:12:12.890000      8004.86        1.00192400e+00        1.72562706e-09  49.9395  49.4822
0202-05-13_00:12:13.082000      8005.05        1.01581400e+00        2.53131706e-09  49.9395  49.4822
0202-05-13_00:12:13.293000      8005.26        1.02606500e+00        1.66353706e-09  49.9395  49.4822
0202-05-13_00:12:13.492000      8005.46        1.03566800e+00        7.05556706e-09  49.9769  49.5172
0202-05-13_00:12:13.690000      8005.66        1.04546200e+00        1.29434371e-08  49.9769  49.5172
0202-05-13_00:12:13.887000      8005.85        1.05596900e+00        1.23236571e-08  49.9769  49.5172
0202-05-13_00:12:14.080000      8006.05        1.06586600e+00        8.41904706e-09  49.9769  49.5172
0202-05-13_00:12:14.285000      8006.25        1.07481700e+00        5.44409706e-09  49.9769  49.5172
0202-05-13_00:12:14.477000      8006.45        1.08600100e+00        9.59662706e-09  49.9429  49.4682
0202-05-13_00:12:14.670000      8006.64        1.09566300e+00        1.24476171e-08  49.9429  49.4682
0202-05-13_00:12:14.863000      8006.83        1.10484800e+00        1.31293771e-08  49.9429  49.4682
0202-05-13_00:12:15.066000      8007.04        1.11546000e+00        1.38731171e-08  49.9429  49.4682
0202-05-13_00:12:15.270000      8007.24        1.12563800e+00        1.03403671e-08  49.9429  49.4682
0202-05-13_00:12:15.477000      8007.45        1.13521900e+00        9.34871706e-09  49.9699  49.5046
0202-05-13_00:12:15.670000      8007.64        1.14513700e+00        2.40716706e-09  49.9699  49.5046
0202-05-13_00:12:15.875000      8007.84        1.15496200e+00        4.32848706e-09  49.9699  49.5046
0202-05-13_00:12:16.074000      8008.04        1.16434600e+00       -1.31151294e-09  49.9699  49.5046
0202-05-13_00:12:16.280000      8008.25        1.17522300e+00       -1.37349294e-09  49.9699  49.5046
0202-05-13_00:12:16.484000      8008.45        1.18507200e+00       -2.30316294e-09  49.9393  49.4710
0202-05-13_00:12:16.676000      8008.64        1.19462400e+00       -1.24953294e-09  49.9393  49.4710
0202-05-13_00:12:16.880000      8008.85        1.20495700e+00        3.39881706e-09  49.9393  49.4710
0202-05-13_00:12:17.082000      8009.05        1.21510600e+00        7.30343706e-09  49.9393  49.4710
0202-05-13_00:12:17.277000      8009.25        1.22425600e+00        1.11460771e-08  49.9393  49.4710
0202-05-13_00:12:17.484000      8009.45        1.23481000e+00        1.19517971e-08  49.9658  49.5025
0202-05-13_00:12:17.676000      8009.64        1.24476100e+00        9.53464706e-09  49.9658  49.5025
0202-05-13_00:12:17.867000      8009.84        1.25366900e+00        7.17947706e-09  49.9658  49.5025
0202-05-13_00:12:18.070000      8010.04        1.26440500e+00        5.07222706e-09  49.9658  49.5025
0202-05-13_00:12:18.277000      8010.25        1.27479000e+00        4.82431706e-09  49.9658  49.5025
0202-05-13_00:12:18.480000      8010.45        1.28404400e+00        8.29508706e-09  49.9514  49.4877
0202-05-13_00:12:18.676000      8010.64        1.29444500e+00        9.84453706e-09  49.9514  49.4877
0202-05-13_00:12:18.867000      8010.84        1.30455700e+00        1.04643171e-08  49.9514  49.4877
0202-05-13_00:12:19.060000      8011.03        1.31390800e+00        9.47264706e-09  49.9514  49.4877
0202-05-13_00:12:19.285000      8011.25        1.32370200e+00        9.84444706e-09  49.9514  49.4877
0202-05-13_00:12:19.504000      8011.47        1.33450500e+00        8.97667706e-09  49.9742  49.5194
0202-05-13_00:12:19.695000      8011.66        1.34303000e+00        9.41050706e-09  49.9742  49.5194
0202-05-13_00:12:19.887000      8011.86        1.35405300e+00        8.97665706e-09  49.9742  49.5194
0202-05-13_00:12:20.098000      8012.07        1.36426800e+00        9.41050706e-09  49.9742  49.5194
0202-05-13_00:12:20.293000      8012.26        1.37314600e+00        1.02781971e-08  49.9458  49.4672
0202-05-13_00:12:20.490000      8012.46        1.38425400e+00        9.53445706e-09  49.9458  49.4672
0202-05-13_00:12:20.695000      8012.66        1.39374000e+00        6.80742706e-09  49.9458  49.4672
0202-05-13_00:12:20.887000      8012.86        1.40320600e+00        8.23291706e-09  49.9458  49.4672
0202-05-13_00:12:21.082000      8013.05        1.41355100e+00        9.96830706e-09  49.9458  49.4672
0202-05-13_00:12:21.293000      8013.26        1.42388100e+00        1.26953371e-08  49.9662  49.5022
0202-05-13_00:12:21.484000      8013.45        1.43242300e+00        1.62900671e-08  49.9662  49.5022
0202-05-13_00:12:21.680000      8013.65        1.44338400e+00        1.61661171e-08  49.9662  49.5022
0202-05-13_00:12:21.875000      8013.84        1.45322800e+00        1.42447971e-08  49.9662  49.5022
0202-05-13_00:12:22.070000      8014.04        1.46252100e+00        9.47248706e-09  49.9662  49.5022
0202-05-13_00:12:22.290000      8014.26        1.47335200e+00        1.01542371e-08  49.9662  49.5022
0202-05-13_00:12:22.484000      8014.45        1.48300400e+00        1.18276471e-08  49.9440  49.4825
0202-05-13_00:12:22.676000      8014.64        1.49267600e+00        1.10219371e-08  49.9440  49.4825
0202-05-13_00:12:22.880000      8014.85        1.50312100e+00        7.73709706e-09  49.9440  49.4825
0202-05-13_00:12:23.074000      8015.04        1.51303200e+00        6.24962706e-09  49.9440  49.4825
0202-05-13_00:12:23.280000      8015.25        1.52239700e+00        5.62984706e-09  49.9440  49.4825
0202-05-13_00:12:23.473000      8015.44        1.53290900e+00        9.03863706e-09  49.9736  49.5049
0202-05-13_00:12:23.664000      8015.63        1.54273400e+00        9.03863706e-09  49.9736  49.5049
0202-05-13_00:12:23.860000      8015.83        1.55215600e+00        1.38109471e-08  49.9736  49.5049
0202-05-13_00:12:24.060000      8016.03        1.56239100e+00        1.36869871e-08  49.9736  49.5049
0202-05-13_00:12:24.260000      8016.23        1.57269900e+00        1.57322671e-08  49.9736  49.5049
0202-05-13_00:12:24.480000      8016.45        1.58250200e+00        1.15797371e-08  49.9414  49.4691
0202-05-13_00:12:24.670000      8016.64        1.59264600e+00        1.00302871e-08  49.9414  49.4691
0202-05-13_00:12:24.880000      8016.85        1.60218300e+00        9.59643706e-09  49.9414  49.4691
0202-05-13_00:12:25.074000      8017.04        1.61187400e+00        1.18894571e-08  49.9414  49.4691
0202-05-13_00:12:25.280000      8017.25        1.62236000e+00        1.13313971e-08  49.9414  49.4691
0202-05-13_00:12:25.477000      8017.44        1.63214200e+00        1.16409471e-08  49.9687  49.5000
0202-05-13_00:12:25.668000      8017.64        1.64119100e+00        1.22606371e-08  49.9687  49.5000
0202-05-13_00:12:25.870000      8017.84        1.65209400e+00        1.12070171e-08  49.9687  49.5000
0202-05-13_00:12:26.066000      8018.03        1.66212500e+00        1.27564671e-08  49.9687  49.5000
0202-05-13_00:12:26.280000      8018.25        1.67112400e+00        9.65756706e-09  49.9687  49.5000
0202-05-13_00:12:26.477000      8018.45        1.68176800e+00        6.68261706e-09  49.9552  49.4782
0202-05-13_00:12:26.680000      8018.65        1.69201600e+00        9.34767706e-09  49.9552  49.4782
0202-05-13_00:12:26.883000      8018.85        1.70113500e+00        1.56694371e-08  49.9552  49.4782
0202-05-13_00:12:27.080000      8019.04        1.71154200e+00        1.92641571e-08  49.9552  49.4782
0202-05-13_00:12:27.297000      8019.27        1.72153300e+00        1.90162471e-08  49.9552  49.4782
0202-05-13_00:12:27.492000      8019.46        1.73073800e+00        1.30663571e-08  49.9726  49.4879
0202-05-13_00:12:27.695000      8019.66        1.74139300e+00        9.71953706e-09  49.9726  49.4879
0202-05-13_00:12:27.900000      8019.87        1.75155100e+00        1.23226171e-08  49.9726  49.4879
0202-05-13_00:12:28.100000      8020.07        1.76049400e+00        1.18267971e-08  49.9726  49.4879
0202-05-13_00:12:28.300000      8020.27        1.77107400e+00        1.64131671e-08  49.9466  49.4781
0202-05-13_00:12:28.508000      8020.48        1.78117100e+00        1.33142671e-08  49.9466  49.4781
0202-05-13_00:12:28.700000      8020.67        1.79074500e+00        1.32522871e-08  49.9466  49.4781
0202-05-13_00:12:28.895000      8020.86        1.80086300e+00        7.79822706e-09  49.9466  49.4781
0202-05-13_00:12:29.098000      8021.07        1.81046800e+00        8.97580706e-09  49.9466  49.4781
0202-05-13_00:12:29.297000      8021.26        1.82021600e+00        1.08971271e-08  49.9834  49.5053
0202-05-13_00:12:29.508000      8021.48        1.83092200e+00        1.50496571e-08  49.9834  49.5053
0202-05-13_00:12:29.703000      8021.67        1.84094300e+00        1.02773471e-08  49.9834  49.5053
0202-05-13_00:12:29.895000      8021.86        1.84968000e+00        4.69931706e-09  49.9834  49.5053
0202-05-13_00:12:30.086000      8022.05        1.86045400e+00        7.05448706e-09  49.9834  49.5053
0202-05-13_00:12:30.290000      8022.26        1.87052100e+00        1.00914071e-08  49.9834  49.5053
0202-05-13_00:12:30.484000      8022.45        1.87984400e+00        1.46777871e-08  49.9471  49.4763
0202-05-13_00:12:30.676000      8022.64        1.89034000e+00        8.17008706e-09  49.9471  49.4763
0202-05-13_00:12:30.880000      8022.85        1.89996900e+00        1.30663571e-08  49.9471  49.4763
0202-05-13_00:12:31.074000      8023.04        1.90966700e+00        1.32523271e-08  49.9471  49.4763
0202-05-13_00:12:31.277000      8023.25        1.91969200e+00        1.56075171e-08  49.9471  49.4763
0202-05-13_00:12:31.477000      8023.45        1.92998800e+00        1.07732771e-08  49.9621  49.4974
0202-05-13_00:12:31.670000      8023.64        1.94001800e+00        8.78997706e-09  49.9621  49.4974
0202-05-13_00:12:31.863000      8023.83        1.94900000e+00        8.29415706e-09  49.9621  49.4974
0202-05-13_00:12:32.070000      8024.04        1.95945300e+00        7.79832706e-09  49.9621  49.4974
0202-05-13_00:12:32.277000      8024.25        1.96998500e+00        8.54206706e-09  49.9621  49.4974
0202-05-13_00:12:32.480000      8024.45        1.97918900e+00        4.69942706e-09  49.9512  49.4907
0202-05-13_00:12:32.670000      8024.64        1.98934600e+00        3.58382706e-09  49.9512  49.4907
0202-05-13_00:12:32.867000      8024.84        1.99943400e+00        6.08877059e-10  49.9512  49.4907
0202-05-13_00:12:33.060000      8025.03        2.00836700e+00        6.31085706e-09  49.9512  49.4907
0202-05-13_00:12:33.266000      8025.23        2.01911300e+00        1.05873371e-08  49.9512  49.4907
0202-05-13_00:12:33.465000      8025.43        2.02936400e+00        1.35003071e-08  49.9664  49.5001
0202-05-13_00:12:33.668000      8025.63        2.03835300e+00        1.31904171e-08  49.9664  49.5001
0202-05-13_00:12:33.867000      8025.84        2.04899900e+00        1.36862471e-08  49.9664  49.5001
0202-05-13_00:12:34.070000      8026.04        2.05888700e+00        1.95121771e-08  49.9664  49.5001
0202-05-13_00:12:34.266000      8026.23        2.06820000e+00        2.02559171e-08  49.9444  49.4758
0202-05-13_00:12:34.477000      8026.44        2.07869500e+00        1.79627271e-08  49.9444  49.4758
0202-05-13_00:12:34.670000      8026.64        2.08881800e+00        1.65372371e-08  49.9444  49.4758
0202-05-13_00:12:34.867000      8026.83        2.09788500e+00        1.55455871e-08  49.9444  49.4758
0202-05-13_00:12:35.070000      8027.04        2.10863500e+00        1.65372371e-08  49.9444  49.4758
0202-05-13_00:12:35.280000      8027.25        2.11853400e+00        1.43060271e-08  49.9444  49.4758
0202-05-13_00:12:35.477000      8027.44        2.12807400e+00        1.11451471e-08  49.9825  49.5161
0202-05-13_00:12:35.668000      8027.64        2.13827500e+00        1.59174571e-08  49.9825  49.5161
0202-05-13_00:12:35.863000      8027.83        2.14761200e+00        1.31284371e-08  49.9825  49.5161
0202-05-13_00:12:36.055000      8028.02        2.15757800e+00        1.83965771e-08  49.9825  49.5161
0202-05-13_00:12:36.273000      8028.24        2.16819000e+00        1.42440471e-08  49.9825  49.5161
0202-05-13_00:12:36.465000      8028.43        2.17795100e+00        1.87064671e-08  49.9496  49.4577
0202-05-13_00:12:36.656000      8028.63        2.18744400e+00        1.55455871e-08  49.9496  49.4577
0202-05-13_00:12:36.855000      8028.82        2.19788500e+00        2.05658071e-08  49.9496  49.4577
0202-05-13_00:12:37.047000      8029.01        2.20813800e+00        2.14955071e-08  49.9496  49.4577
0202-05-13_00:12:37.250000      8029.22        2.21720700e+00        2.34788371e-08  49.9496  49.4577
0202-05-13_00:12:37.445000      8029.41        2.22810200e+00        1.97601871e-08  49.9696  49.4955
0202-05-13_00:12:37.637000      8029.60        2.23766900e+00        1.85206271e-08  49.9696  49.4955
0202-05-13_00:12:37.830000      8029.80        2.24690300e+00        1.92643671e-08  49.9696  49.4955
0202-05-13_00:12:38.035000      8030.00        2.25665300e+00        2.86230471e-08  49.9696  49.4955
0202-05-13_00:12:38.258000      8030.22        2.26764200e+00        2.72595271e-08  49.9696  49.4955
0202-05-13_00:12:38.457000      8030.42        2.27721100e+00        2.11856871e-08  49.9548  49.4801
0202-05-13_00:12:38.650000      8030.62        2.28702600e+00        1.64753571e-08  49.9548  49.4801
0202-05-13_00:12:38.855000      8030.83        2.29730300e+00        1.74669971e-08  49.9548  49.4801
0202-05-13_00:12:39.050000      8031.02        2.30722000e+00        1.91404071e-08  49.9548  49.4801
0202-05-13_00:12:39.258000      8031.22        2.31662900e+00        1.80248071e-08  49.9548  49.4801
0202-05-13_00:12:39.460000      8031.43        2.32729900e+00        1.47399671e-08  49.9576  49.5083
0202-05-13_00:12:39.652000      8031.62        2.33699600e+00        1.74669971e-08  49.9576  49.5083
0202-05-13_00:12:39.848000      8031.81        2.34608500e+00        1.56696371e-08  49.9576  49.5083
0202-05-13_00:12:40.040000      8032.01        2.35677000e+00        1.87065671e-08  49.9576  49.5083
0202-05-13_00:12:40.258000      8032.22        2.36671800e+00        1.90784271e-08  49.9576  49.5083
0202-05-13_00:12:40.450000      8032.42        2.37635300e+00        2.47184371e-08  49.9387  49.4798
0202-05-13_00:12:40.645000      8032.61        2.38670900e+00        2.31070071e-08  49.9387  49.4798
0202-05-13_00:12:40.836000      8032.80        2.39653200e+00        2.14955771e-08  49.9387  49.4798
0202-05-13_00:12:41.043000      8033.01        2.40552900e+00        2.17434871e-08  49.9387  49.4798
0202-05-13_00:12:41.266000      8033.23        2.41654500e+00        2.23632671e-08  49.9387  49.4798
0202-05-13_00:12:41.470000      8033.44        2.42597900e+00        2.20533771e-08  49.9762  49.4979
0202-05-13_00:12:41.660000      8033.63        2.43581100e+00        1.57935971e-08  49.9762  49.4979
0202-05-13_00:12:41.867000      8033.83        2.44585200e+00        1.12072171e-08  49.9762  49.4979
0202-05-13_00:12:42.060000      8034.03        2.45589900e+00        1.44920571e-08  49.9762  49.4979
0202-05-13_00:12:42.277000      8034.24        2.46538600e+00        1.74669971e-08  49.9762  49.4979
0202-05-13_00:12:42.490000      8034.46        2.47616700e+00        1.99461271e-08  49.9655  49.4967
0202-05-13_00:12:42.690000      8034.66        2.48564900e+00        2.02560171e-08  49.9655  49.4967
0202-05-13_00:12:42.883000      8034.85        2.49557800e+00        1.77767871e-08  49.9655  49.4967
0202-05-13_00:12:43.086000      8035.05        2.50578300e+00        2.09373371e-08  49.9655  49.4967
0202-05-13_00:12:43.297000      8035.26        2.51569600e+00        1.69703071e-08  49.9655  49.4967
0202-05-13_00:12:43.490000      8035.46        2.52540800e+00        1.49867971e-08  49.9674  49.5007
0202-05-13_00:12:43.695000      8035.66        2.53547800e+00        1.69700871e-08  49.9674  49.5007
0202-05-13_00:12:43.887000      8035.85        2.54504800e+00        1.54206371e-08  49.9674  49.5007
0202-05-13_00:12:44.080000      8036.05        2.55497500e+00        2.26100871e-08  49.9674  49.5007
0202-05-13_00:12:44.293000      8036.26        2.56512200e+00        2.30439371e-08  49.9674  49.5007
0202-05-13_00:12:44.490000      8036.46        2.57503200e+00        2.95516271e-08  49.9393  49.4951
0202-05-13_00:12:44.684000      8036.65        2.58499400e+00        2.32918471e-08  49.9393  49.4951
0202-05-13_00:12:44.887000      8036.85        2.59517100e+00        2.36637171e-08  49.9393  49.4951
0202-05-13_00:12:45.080000      8037.05        2.60514400e+00        1.93872371e-08  49.9393  49.4951
0202-05-13_00:12:45.277000      8037.25        2.61391200e+00        1.87674571e-08  49.9393  49.4951
0202-05-13_00:12:45.480000      8037.45        2.62485000e+00        1.59784471e-08  49.9549  49.5006
0202-05-13_00:12:45.670000      8037.64        2.63484200e+00        1.64742671e-08  49.9549  49.5006
0202-05-13_00:12:45.875000      8037.84        2.64360000e+00        1.76518471e-08  49.9549  49.5006
0202-05-13_00:12:46.070000      8038.04        2.65461400e+00        1.78997571e-08  49.9549  49.5006
0202-05-13_00:12:46.305000      8038.27        2.66502900e+00        1.96351471e-08  49.9549  49.5006
0202-05-13_00:12:46.500000      8038.47        2.67483200e+00        1.85815171e-08  49.9463  49.4972
0202-05-13_00:12:46.703000      8038.67        2.68482800e+00        2.32298671e-08  49.9463  49.4972
0202-05-13_00:12:46.900000      8038.87        2.69392400e+00        2.26720671e-08  49.9463  49.4972
0202-05-13_00:12:47.090000      8039.06        2.70449300e+00        2.21762471e-08  49.9463  49.4972
0202-05-13_00:12:47.297000      8039.26        2.71416800e+00        1.77758071e-08  49.9463  49.4972
0202-05-13_00:12:47.490000      8039.46        2.72335900e+00        1.72799771e-08  49.9743  49.5058
0202-05-13_00:12:47.684000      8039.65        2.73454300e+00        1.69700871e-08  49.9743  49.5058
0202-05-13_00:12:47.887000      8039.86        2.74432600e+00        1.74659171e-08  49.9743  49.5058
0202-05-13_00:12:48.082000      8040.05        2.75384400e+00        1.69700871e-08  49.9743  49.5058
0202-05-13_00:12:48.273000      8040.24        2.76361300e+00        1.71560271e-08  49.9743  49.5058
0202-05-13_00:12:48.480000      8040.45        2.77394300e+00        1.69081171e-08  49.9464  49.4749
0202-05-13_00:12:48.670000      8040.64        2.78407500e+00        1.88294271e-08  49.9464  49.4749
0202-05-13_00:12:48.867000      8040.83        2.79297700e+00        1.78378571e-08  49.9464  49.4749
0202-05-13_00:12:49.074000      8041.04        2.80398800e+00        1.85818271e-08  49.9464  49.4749
0202-05-13_00:12:49.280000      8041.25        2.81395600e+00        2.11232271e-08  49.9464  49.4749
0202-05-13_00:12:49.477000      8041.44        2.82369000e+00        2.05655771e-08  49.9626  49.5076
0202-05-13_00:12:49.668000      8041.64        2.83382100e+00        1.63510771e-08  49.9626  49.5076
0202-05-13_00:12:49.863000      8041.83        2.84336900e+00        1.60411871e-08  49.9626  49.5076
0202-05-13_00:12:50.055000      8042.02        2.85258100e+00        1.62890971e-08  49.9626  49.5076
0202-05-13_00:12:50.280000      8042.25        2.86331800e+00        2.08134971e-08  49.9626  49.5076
0202-05-13_00:12:50.492000      8042.46        2.87334200e+00        1.93260171e-08  49.9463  49.4874
0202-05-13_00:12:50.695000      8042.66        2.88318600e+00        1.89541471e-08  49.9463  49.4874
0202-05-13_00:12:50.887000      8042.86        2.89318500e+00        1.93260171e-08  49.9463  49.4874
0202-05-13_00:12:51.094000      8043.06        2.90209200e+00        2.39123971e-08  49.9463  49.4874
0202-05-13_00:12:51.293000      8043.26        2.91300200e+00        2.09994271e-08  49.9617  49.4917
0202-05-13_00:12:51.490000      8043.46        2.92310100e+00        2.25488771e-08  49.9617  49.4917
0202-05-13_00:12:51.684000      8043.65        2.93228100e+00        1.79005271e-08  49.9617  49.4917
0202-05-13_00:12:51.875000      8043.84        2.94302100e+00        2.36025071e-08  49.9617  49.4917
0202-05-13_00:12:52.080000      8044.05        2.95291200e+00        2.10614071e-08  49.9617  49.4917
0202-05-13_00:12:52.277000      8044.25        2.96255200e+00        2.36025071e-08  49.9617  49.4917
0202-05-13_00:12:52.473000      8044.44        2.97225800e+00        1.66609671e-08  49.9457  49.4874
0202-05-13_00:12:52.670000      8044.64        2.98249900e+00        1.67849171e-08  49.9457  49.4874
0202-05-13_00:12:52.863000      8044.83        2.99245000e+00        1.21985471e-08  49.9457  49.4874
0202-05-13_00:12:53.055000      8045.02        3.00166100e+00        1.66609671e-08  49.9457  49.4874
0202-05-13_00:12:53.277000      8045.24        3.01274300e+00        2.09994271e-08  49.9457  49.4874
0202-05-13_00:12:53.473000      8045.44        3.02258200e+00        2.27348071e-08  49.9692  49.5050
0202-05-13_00:12:53.670000      8045.64        3.03240400e+00        2.05036071e-08  49.9692  49.5050
0202-05-13_00:12:53.867000      8045.83        3.04225700e+00        1.98838271e-08  49.9692  49.5050
0202-05-13_00:12:54.060000      8046.03        3.05245300e+00        1.76526171e-08  49.9692  49.5050
0202-05-13_00:12:54.270000      8046.24        3.06145900e+00        1.81484371e-08  49.9692  49.5050
0202-05-13_00:12:54.465000      8046.43        3.07235300e+00        1.71567871e-08  49.9371  49.4647
0202-05-13_00:12:54.656000      8046.62        3.08212200e+00        1.77765671e-08  49.9371  49.4647
0202-05-13_00:12:54.848000      8046.82        3.09145900e+00        1.42438571e-08  49.9371  49.4647
0202-05-13_00:12:55.055000      8047.02        3.10203300e+00        1.16409071e-08  49.9371  49.4647
0202-05-13_00:12:55.285000      8047.25        3.11240900e+00        1.03394671e-08  49.9371  49.4647
0202-05-13_00:12:55.484000      8047.45        3.12163600e+00        1.32525071e-08  49.9637  49.5032
0202-05-13_00:12:55.676000      8047.64        3.13196300e+00        1.13931571e-08  49.9637  49.5032
0202-05-13_00:12:55.883000      8047.85        3.14137100e+00        1.51738171e-08  49.9637  49.5032
0202-05-13_00:12:56.080000      8048.05        3.15127000e+00        1.61654671e-08  49.9637  49.5032
0202-05-13_00:12:56.280000      8048.25        3.16176900e+00        1.70331671e-08  49.9637  49.5032
0202-05-13_00:12:56.490000      8048.45        3.17130400e+00        1.59175571e-08  49.9325  49.4880
0202-05-13_00:12:56.680000      8048.65        3.18094200e+00        1.62894271e-08  49.9325  49.4880
0202-05-13_00:12:56.870000      8048.84        3.19127900e+00        1.66612971e-08  49.9325  49.4880
0202-05-13_00:12:57.080000      8049.05        3.20149400e+00        1.72810771e-08  49.9325  49.4880
0202-05-13_00:12:57.277000      8049.25        3.21081700e+00        1.92023971e-08  49.9602  49.5172
0202-05-13_00:12:57.477000      8049.45        3.22107400e+00        2.29830571e-08  49.9602  49.5172
0202-05-13_00:12:57.670000      8049.64        3.23123300e+00        2.48423971e-08  49.9602  49.5172
0202-05-13_00:12:57.863000      8049.83        3.24016400e+00        1.74050271e-08  49.9602  49.5172
0202-05-13_00:12:58.070000      8050.04        3.25090600e+00        1.23228271e-08  49.9602  49.5172
0202-05-13_00:12:58.293000      8050.26        3.26073300e+00        1.25087671e-08  49.9602  49.5172
0202-05-13_00:12:58.492000      8050.46        3.27082500e+00        1.87685471e-08  49.9561  49.4879
0202-05-13_00:12:58.688000      8050.65        3.28096600e+00        2.40986571e-08  49.9561  49.4879
0202-05-13_00:12:58.895000      8050.86        3.28957900e+00        2.01940471e-08  49.9561  49.4879
0202-05-13_00:12:59.090000      8051.06        3.30050700e+00        1.43681071e-08  49.9561  49.4879
0202-05-13_00:12:59.293000      8051.26        3.31038100e+00        1.36863471e-08  49.9610  49.5018
0202-05-13_00:12:59.496000      8051.46        3.31993100e+00        1.82107471e-08  49.9610  49.5018
0202-05-13_00:12:59.688000      8051.66        3.33018000e+00        1.82727271e-08  49.9610  49.5018
0202-05-13_00:12:59.883000      8051.85        3.34016700e+00        1.70951371e-08  49.9610  49.5018
0202-05-13_00:13:00.086000      8052.05        3.35018900e+00        1.46160171e-08  49.9610  49.5018
0202-05-13_00:13:00.297000      8052.26        3.36006800e+00        1.08973371e-08  49.9610  49.5018
0202-05-13_00:13:00.504000      8052.47        3.37009600e+00        9.53381706e-09  49.9406  49.4815
0202-05-13_00:13:00.695000      8052.66        3.37972700e+00        1.57935971e-08  49.9406  49.4815
0202-05-13_00:13:00.887000      8052.86        3.39000000e+00        1.59793371e-08  49.9406  49.4815
0202-05-13_00:13:01.080000      8053.05        3.39940100e+00        1.68467371e-08  49.9406  49.4815
0202-05-13_00:13:01.293000      8053.26        3.40992700e+00        1.15782071e-08  49.9406  49.4815
0202-05-13_00:13:01.490000      8053.46        3.41997100e+00        1.14541471e-08  49.9601  49.5123
0202-05-13_00:13:01.680000      8053.65        3.42997500e+00        1.31275571e-08  49.9601  49.5123
0202-05-13_00:13:01.887000      8053.85        3.43940200e+00        1.21359071e-08  49.9601  49.5123
0202-05-13_00:13:02.080000      8054.05        3.44909200e+00        1.66603071e-08  49.9601  49.5123
0202-05-13_00:13:02.273000      8054.24        3.45954400e+00        1.12062371e-08  49.9601  49.5123
0202-05-13_00:13:02.477000      8054.44        3.46929500e+00        8.66513706e-09  49.9305  49.4673
0202-05-13_00:13:02.668000      8054.64        3.47901100e+00        6.68184706e-09  49.9305  49.4673
0202-05-13_00:13:02.863000      8054.83        3.48941700e+00        8.72711706e-09  49.9305  49.4673
0202-05-13_00:13:03.055000      8055.02        3.49914800e+00        1.57926071e-08  49.9305  49.4673
0202-05-13_00:13:03.273000      8055.24        3.50877200e+00        1.38093171e-08  49.9305  49.4673
0202-05-13_00:13:03.473000      8055.44        3.51940100e+00        1.14541471e-08  49.9512  49.4895
0202-05-13_00:13:03.664000      8055.63        3.52865300e+00        4.82250706e-09  49.9512  49.4895
0202-05-13_00:13:03.863000      8055.83        3.53839100e+00        2.21942706e-09  49.9512  49.4895
0202-05-13_00:13:04.060000      8056.03        3.54904300e+00        5.07041706e-09  49.9512  49.4895
0202-05-13_00:13:04.273000      8056.24        3.55912400e+00        4.88447706e-09  49.9512  49.4895
0202-05-13_00:13:04.477000      8056.44        3.56857000e+00        5.69019706e-09  49.9537  49.4894
0202-05-13_00:13:04.668000      8056.64        3.57864900e+00        1.02765671e-08  49.9537  49.4894
0202-05-13_00:13:04.875000      8056.84        3.58828900e+00        1.36853571e-08  49.9537  49.4894
0202-05-13_00:13:05.066000      8057.04        3.59837500e+00        1.20119471e-08  49.9537  49.4894
0202-05-13_00:13:05.285000      8057.25        3.60912100e+00        8.66513706e-09  49.9471  49.4884
0202-05-13_00:13:05.477000      8057.45        3.61803600e+00        1.28796471e-08  49.9471  49.4884
0202-05-13_00:13:05.670000      8057.64        3.62830400e+00        1.60405271e-08  49.9471  49.4884
0202-05-13_00:13:05.863000      8057.83        3.63824700e+00        1.65983271e-08  49.9471  49.4884
0202-05-13_00:13:06.060000      8058.03        3.64783700e+00        1.13921671e-08  49.9471  49.4884
0202-05-13_00:13:06.270000      8058.24        3.65765900e+00        1.10822771e-08  49.9471  49.4884
0202-05-13_00:13:06.473000      8058.44        3.66798600e+00        1.11442571e-08  49.9424  49.4842
0202-05-13_00:13:06.668000      8058.63        3.67773700e+00        1.37473371e-08  49.9424  49.4842
0202-05-13_00:13:06.860000      8058.83        3.68732700e+00        1.44291371e-08  49.9424  49.4842
0202-05-13_00:13:07.050000      8059.02        3.69808300e+00        1.57927171e-08  49.9424  49.4842
0202-05-13_00:13:07.273000      8059.24        3.70761700e+00        1.60407171e-08  49.9424  49.4842
0202-05-13_00:13:07.470000      8059.44        3.71778000e+00        1.77761271e-08  49.9696  49.5089
0202-05-13_00:13:07.676000      8059.64        3.72748500e+00        1.72183271e-08  49.9696  49.5089
0202-05-13_00:13:07.867000      8059.83        3.73755500e+00        2.40359071e-08  49.9696  49.5089
0202-05-13_00:13:08.060000      8060.03        3.74750600e+00        2.57093071e-08  49.9696  49.5089
0202-05-13_00:13:08.290000      8060.26        3.75749900e+00        3.40763471e-08  49.9696  49.5089
0202-05-13_00:13:08.496000      8060.46        3.76716200e+00        3.02337071e-08  49.9440  49.4769
0202-05-13_00:13:08.695000      8060.66        3.77737600e+00        3.27128271e-08  49.9440  49.4769
0202-05-13_00:13:08.890000      8060.86        3.78718900e+00        3.42622771e-08  49.9440  49.4769
0202-05-13_00:13:09.098000      8061.06        3.79670700e+00        3.65554671e-08  49.9440  49.4769
0202-05-13_00:13:09.297000      8061.26        3.80707200e+00        4.01501871e-08  49.9845  49.5183
0202-05-13_00:13:09.500000      8061.47        3.81696600e+00        3.85387571e-08  49.9845  49.5183
0202-05-13_00:13:09.695000      8061.66        3.82682700e+00        4.85172171e-08  49.9845  49.5183
0202-05-13_00:13:09.887000      8061.86        3.83677200e+00        5.16780971e-08  49.9845  49.5183
0202-05-13_00:13:10.082000      8062.05        3.84692700e+00        5.92394171e-08  49.9845  49.5183
0202-05-13_00:13:10.280000      8062.25        3.85640900e+00        6.40117271e-08  49.9515  49.4635
0202-05-13_00:13:10.477000      8062.44        3.86628200e+00        6.59330471e-08  49.9515  49.4635
0202-05-13_00:13:10.668000      8062.64        3.87664500e+00        6.72345871e-08  49.9515  49.4635
0202-05-13_00:13:10.875000      8062.84        3.88663800e+00        6.79163371e-08  49.9515  49.4635
0202-05-13_00:13:11.066000      8063.04        3.89603800e+00        7.47339271e-08  49.9515  49.4635
0202-05-13_00:13:11.277000      8063.24        3.90660000e+00        7.72750171e-08  49.9515  49.4635
0202-05-13_00:13:11.470000      8063.44        3.91620800e+00        8.45884271e-08  49.9711  49.5015
0202-05-13_00:13:11.664000      8063.63        3.92546300e+00        8.73154571e-08  49.9711  49.5015
0202-05-13_00:13:11.855000      8063.82        3.93615400e+00        9.15919471e-08  49.9711  49.5015
0202-05-13_00:13:12.050000      8064.02        3.94645300e+00        1.00888647e-07  49.9711  49.5015
0202-05-13_00:13:12.266000      8064.23        3.95528200e+00        1.11238977e-07  49.9711  49.5015
0202-05-13_00:13:12.477000      8064.44        3.96626500e+00        1.21279417e-07  49.9579  49.4918
0202-05-13_00:13:12.680000      8064.65        3.97612600e+00        1.28220957e-07  49.9579  49.4918
0202-05-13_00:13:12.883000      8064.85        3.98524100e+00        1.34232777e-07  49.9579  49.4918
0202-05-13_00:13:13.080000      8065.04        3.99608300e+00        1.37765487e-07  49.9579  49.4918
0202-05-13_00:13:13.300000      8065.27        4.00611900e+00        1.49169387e-07  49.9579  49.4918
0202-05-13_00:13:13.492000      8065.46        4.01570700e+00        1.61007187e-07  49.9643  49.4970
0202-05-13_00:13:13.684000      8065.65        4.02557300e+00        1.75076197e-07  49.9643  49.4970
0202-05-13_00:13:13.890000      8065.86        4.03509700e+00        1.86480147e-07  49.9643  49.4970
0202-05-13_00:13:14.082000      8066.05        4.04516400e+00        1.96954427e-07  49.9643  49.4970
0202-05-13_00:13:14.290000      8066.26        4.05555200e+00        2.07738607e-07  49.9643  49.4970
0202-05-13_00:13:14.480000      8066.45        4.06532100e+00        2.22117507e-07  49.9421  49.4783
0202-05-13_00:13:14.676000      8066.64        4.07491000e+00        2.32095967e-07  49.9421  49.4783
0202-05-13_00:13:14.867000      8066.83        4.08519200e+00        2.39843217e-07  49.9421  49.4783
0202-05-13_00:13:15.070000      8067.04        4.09523100e+00        2.61907387e-07  49.9421  49.4783
0202-05-13_00:13:15.277000      8067.24        4.10463200e+00        2.76224307e-07  49.9421  49.4783
0202-05-13_00:13:15.492000      8067.46        4.11559900e+00        2.88557937e-07  49.9741  49.5048
0202-05-13_00:13:15.690000      8067.66        4.12467400e+00        3.05725847e-07  49.9741  49.5048
0202-05-13_00:13:15.895000      8067.86        4.13435000e+00        3.27913977e-07  49.9741  49.5048
0202-05-13_00:13:16.086000      8068.05        4.14456100e+00        3.54192647e-07  49.9741  49.5048
0202-05-13_00:13:16.300000      8068.27        4.15434300e+00        3.77992207e-07  49.9741  49.5048
0202-05-13_00:13:16.496000      8068.46        4.16484500e+00        3.98692867e-07  49.9485  49.4759
0202-05-13_00:13:16.688000      8068.66        4.17474100e+00        4.16170667e-07  49.9485  49.4759
0202-05-13_00:13:16.887000      8068.85        4.18390700e+00        4.45114397e-07  49.9485  49.4759
0202-05-13_00:13:17.080000      8069.05        4.19436800e+00        4.67178567e-07  49.9485  49.4759
0202-05-13_00:13:17.277000      8069.25        4.20412900e+00        4.94572847e-07  49.9485  49.4759
0202-05-13_00:13:17.473000      8069.44        4.21443100e+00        5.33928887e-07  49.9834  49.5123
0202-05-13_00:13:17.664000      8069.63        4.22368700e+00        5.62872617e-07  49.9834  49.5123
0202-05-13_00:13:17.860000      8069.83        4.23443900e+00        5.87787777e-07  49.9834  49.5123
0202-05-13_00:13:18.062000      8070.03        4.24402200e+00        6.16359647e-07  49.9834  49.5123
0202-05-13_00:13:18.277000      8070.25        4.25448200e+00        6.62037437e-07  49.9834  49.5123
0202-05-13_00:13:18.490000      8070.46        4.26423000e+00        6.96745127e-07  49.9775  49.5013
0202-05-13_00:13:18.680000      8070.65        4.27383500e+00        7.40935447e-07  49.9775  49.5013
0202-05-13_00:13:18.875000      8070.84        4.28278800e+00        7.66469927e-07  49.9775  49.5013
0202-05-13_00:13:19.066000      8071.03        4.29398700e+00        8.06569217e-07  49.9775  49.5013
0202-05-13_00:13:19.266000      8071.23        4.30393900e+00        8.62844607e-07  49.9775  49.5013
0202-05-13_00:13:19.460000      8071.43        4.31350200e+00        9.10629627e-07  49.9655  49.5073
0202-05-13_00:13:19.652000      8071.62        4.32314800e+00        9.48188277e-07  49.9655  49.5073
0202-05-13_00:13:19.860000      8071.83        4.33363700e+00        1.00737725e-06  49.9655  49.5073
0202-05-13_00:13:20.050000      8072.02        4.34377400e+00        1.05293106e-06  49.9655  49.5073
0202-05-13_00:13:20.270000      8072.24        4.35296700e+00        1.10449673e-06  49.9655  49.5073
0202-05-13_00:13:20.473000      8072.44        4.36324400e+00        1.17558547e-06  49.9501  49.4887
0202-05-13_00:13:20.684000      8072.65        4.37310200e+00        1.23136565e-06  49.9501  49.4887
0202-05-13_00:13:20.875000      8072.84        4.38284500e+00        1.30152472e-06  49.9501  49.4887
0202-05-13_00:13:21.070000      8073.04        4.39322200e+00        1.35953611e-06  49.9501  49.4887
0202-05-13_00:13:21.285000      8073.25        4.40330400e+00        1.44097517e-06  49.9501  49.4887
0202-05-13_00:13:21.496000      8073.46        4.41298400e+00        1.48126085e-06  49.9661  49.5101
0202-05-13_00:13:21.688000      8073.66        4.42301900e+00        1.57763660e-06  49.9661  49.5101
0202-05-13_00:13:21.880000      8073.85        4.43213000e+00        1.64705194e-06  49.9661  49.5101
0202-05-13_00:13:22.074000      8074.04        4.44285600e+00        1.72570199e-06  49.9661  49.5101
0202-05-13_00:13:22.273000      8074.24        4.45296600e+00        1.83081663e-06  49.9460  49.4840
0202-05-13_00:13:22.470000      8074.44        4.46261600e+00        1.91374317e-06  49.9460  49.4840
0202-05-13_00:13:22.660000      8074.63        4.47236000e+00        1.99716552e-06  49.9460  49.4840
0202-05-13_00:13:22.863000      8074.83        4.48274400e+00        2.11176280e-06  49.9460  49.4840
0202-05-13_00:13:23.060000      8075.03        4.49263900e+00        2.20497767e-06  49.9460  49.4840
0202-05-13_00:13:23.277000      8075.24        4.50189700e+00        2.29949409e-06  49.9460  49.4840
0202-05-13_00:13:23.473000      8075.44        4.51265700e+00        2.42413180e-06  49.9646  49.5070
0202-05-13_00:13:23.676000      8075.64        4.52227000e+00        2.52267678e-06  49.9646  49.5070
0202-05-13_00:13:23.880000      8075.85        4.53151100e+00        2.66101162e-06  49.9646  49.5070
0202-05-13_00:13:24.070000      8076.04        4.54235100e+00        2.77065066e-06  49.9646  49.5070
0202-05-13_00:13:24.285000      8076.25        4.55235400e+00        2.91716659e-06  49.9646  49.5070
0202-05-13_00:13:24.496000      8076.47        4.56236400e+00        3.03102013e-06  49.9470  49.4753
0202-05-13_00:13:24.703000      8076.67        4.57185800e+00        3.18912631e-06  49.9470  49.4753
0202-05-13_00:13:24.906000      8076.87        4.58156000e+00        3.31488073e-06  49.9470  49.4753
0202-05-13_00:13:25.110000      8077.08        4.59165700e+00        3.49170541e-06  49.9470  49.4753
0202-05-13_00:13:25.310000      8077.27        4.60212700e+00        3.62235578e-06  49.9777  49.5176
0202-05-13_00:13:25.510000      8077.48        4.61117800e+00        3.80959138e-06  49.9777  49.5176
0202-05-13_00:13:25.703000      8077.67        4.62194100e+00        3.95697510e-06  49.9777  49.5176
0202-05-13_00:13:25.900000      8077.87        4.63166200e+00        4.11365553e-06  49.9777  49.5176
0202-05-13_00:13:26.100000      8078.07        4.64054200e+00        4.33076453e-06  49.9777  49.5176
0202-05-13_00:13:26.300000      8078.27        4.65126900e+00        4.49575002e-06  49.9605  49.4700
0202-05-13_00:13:26.496000      8078.46        4.66102100e+00        4.66544583e-06  49.9605  49.4700
0202-05-13_00:13:26.700000      8078.67        4.66997500e+00        4.90418515e-06  49.9605  49.4700
0202-05-13_00:13:26.895000      8078.86        4.68152900e+00        5.09377591e-06  49.9605  49.4700
0202-05-13_00:13:27.086000      8079.05        4.69081400e+00        5.29390293e-06  49.9605  49.4700
0202-05-13_00:13:27.290000      8079.26        4.70077200e+00        5.49966995e-06  49.9605  49.4700
0202-05-13_00:13:27.492000      8079.46        4.71072600e+00        5.71758466e-06  49.9756  49.5040
0202-05-13_00:13:27.684000      8079.65        4.72103200e+00        5.94591168e-06  49.9756  49.5040
0202-05-13_00:13:27.880000      8079.85        4.73055600e+00        6.26094594e-06  49.9756  49.5040
0202-05-13_00:13:28.074000      8080.04        4.74059000e+00        6.49652439e-06  49.9756  49.5040
0202-05-13_00:13:28.280000      8080.25        4.75106300e+00        6.73569756e-06  49.9756  49.5040
0202-05-13_00:13:28.477000      8080.45        4.76068700e+00        7.07112259e-06  49.9588  49.4787
0202-05-13_00:13:28.670000      8080.64        4.76977300e+00        7.32857927e-06  49.9588  49.4787
0202-05-13_00:13:28.863000      8080.83        4.78060300e+00        7.59384518e-06  49.9588  49.4787
0202-05-13_00:13:29.060000      8081.03        4.79061800e+00        7.96199461e-06  49.9588  49.4787
0202-05-13_00:13:29.277000      8081.24        4.79999200e+00        8.25465480e-06  49.9588  49.4787
0202-05-13_00:13:29.490000      8081.46        4.81086800e+00        8.64214140e-06  49.9605  49.5052
0202-05-13_00:13:29.690000      8081.66        4.82062200e+00        8.93126880e-06  49.9605  49.5052
0202-05-13_00:13:29.895000      8081.86        4.82976600e+00        9.32445740e-06  49.9605  49.5052
0202-05-13_00:13:30.086000      8082.05        4.84019800e+00        9.62746790e-06  49.9605  49.5052
0202-05-13_00:13:30.310000      8082.27        4.84991400e+00        1.00643509e-05  49.9605  49.5052
0202-05-13_00:13:30.500000      8082.47        4.86017700e+00        1.03949417e-05  49.9479  49.4874
0202-05-13_00:13:30.703000      8082.67        4.87019800e+00        1.07371216e-05  49.9479  49.4874
0202-05-13_00:13:30.900000      8082.86        4.87971100e+00        1.12031937e-05  49.9479  49.4874
0202-05-13_00:13:31.090000      8083.06        4.88920900e+00        1.15798941e-05  49.9479  49.4874
0202-05-13_00:13:31.297000      8083.26        4.90007800e+00        1.19665735e-05  49.9625  49.4928
0202-05-13_00:13:31.492000      8083.46        4.90992100e+00        1.25088809e-05  49.9625  49.4928
0202-05-13_00:13:31.684000      8083.65        4.91921300e+00        1.29193611e-05  49.9625  49.4928
0202-05-13_00:13:31.887000      8083.85        4.92976000e+00        1.33493643e-05  49.9625  49.4928
0202-05-13_00:13:32.080000      8084.05        4.93962600e+00        1.39442910e-05  49.9625  49.4928
0202-05-13_00:13:32.285000      8084.25        4.94884400e+00        1.44021844e-05  49.9625  49.4928
0202-05-13_00:13:32.490000      8084.46        4.95938200e+00        1.50223981e-05  49.9444  49.4601
0202-05-13_00:13:32.684000      8084.65        4.96956300e+00        1.54984510e-05  49.9444  49.4601
0202-05-13_00:13:32.887000      8084.86        4.97832700e+00        1.61456871e-05  49.9444  49.4601
0202-05-13_00:13:33.082000      8085.05        4.98961700e+00        1.75497983e-05  49.9444  49.4601
0202-05-13_00:13:33.290000      8085.26        4.99952300e+00        1.76247297e-05  49.9444  49.4601
0202-05-13_00:13:33.500000      8085.47        5.00899400e+00        1.78872684e-05  49.9849  49.5094
0202-05-13_00:13:33.703000      8085.67        5.01901200e+00        1.91860791e-05  49.9849  49.5094
0202-05-13_00:13:33.895000      8085.86        5.02869300e+00        1.93597414e-05  49.9849  49.5094
0202-05-13_00:13:34.098000      8086.07        5.03830600e+00        2.06104571e-05  49.9849  49.5094