# Ic = 2.17 A, n = 20.28 , Tavg = 59.95 K, f37-beamOnSet1-60K
#datetime                        t_s     iHTS_A                vHTS_V                tHTS_K  tTAR_K
0202-05-13_00:29:09.574000      9021.54        1.72349200e-02       -5.96294105e-09  59.9598  59.2959
0202-05-13_00:29:09.770000      9021.74        1.01554600e-02       -7.14052105e-09  59.9598  59.2959
0202-05-13_00:29:09.973000      9021.94        1.45441300e-02       -9.24777105e-09  59.9598  59.2959
0202-05-13_00:29:10.184000      9022.15        1.93454000e-02       -7.20259105e-09  59.9598  59.2959
0202-05-13_00:29:10.414000      9022.38        2.41748600e-02       -2.74034105e-09  59.9243  59.2971
0202-05-13_00:29:10.617000      9022.59        2.89138000e-02        3.08541895e-09  59.9243  59.2971
0202-05-13_00:29:10.812000      9022.78        3.41128200e-02        1.28804895e-09  59.9243  59.2971
0202-05-13_00:29:11.004000      9022.97        3.88036700e-02        4.13903895e-09  59.9243  59.2971
0202-05-13_00:29:11.223000      9023.19        4.37370200e-02        6.74211895e-09  59.9243  59.2971
0202-05-13_00:29:11.450000      9023.42        4.87698200e-02       -1.25305105e-09  59.9421  59.2922
0202-05-13_00:29:11.640000      9023.61        5.36052200e-02        2.09376895e-09  59.9421  59.2922
0202-05-13_00:29:11.836000      9023.80        5.86246600e-02        2.52760895e-09  59.9421  59.2922
0202-05-13_00:29:12.043000      9024.01        6.36144200e-02        7.79574895e-09  59.9421  59.2922
0202-05-13_00:29:12.277000      9024.24        6.87496300e-02        4.32497895e-09  59.9421  59.2922
0202-05-13_00:29:12.473000      9024.44        7.37116500e-02        2.65156895e-09  59.9393  59.3123
0202-05-13_00:29:12.676000      9024.64        7.82324100e-02        5.31662895e-09  59.9393  59.3123
0202-05-13_00:29:12.867000      9024.84        8.37134300e-02        2.27969895e-09  59.9393  59.3123
0202-05-13_00:29:13.060000      9025.03        8.85993000e-02        1.59793895e-09  59.9393  59.3123
0202-05-13_00:29:13.273000      9025.24        9.33961100e-02        7.30248947e-10  59.9393  59.3123
0202-05-13_00:29:13.470000      9025.44        9.83932900e-02        2.09376895e-09  59.9501  59.2943
0202-05-13_00:29:13.660000      9025.63        1.03004600e-01        4.63486895e-09  59.9501  59.2943
0202-05-13_00:29:13.863000      9025.83        1.08189300e-01        6.68013895e-09  59.9501  59.2943
0202-05-13_00:29:14.055000      9026.02        1.13475800e-01        7.73376895e-09  59.9501  59.2943
0202-05-13_00:29:14.270000      9026.24        1.18642200e-01        3.95310895e-09  59.9501  59.2943
0202-05-13_00:29:14.473000      9026.44        1.22889900e-01        4.82338947e-10  59.9208  59.2961
0202-05-13_00:29:14.676000      9026.64        1.28376900e-01        4.38694895e-09  59.9208  59.2961
0202-05-13_00:29:14.880000      9026.85        1.33633800e-01        4.07705895e-09  59.9208  59.2961
0202-05-13_00:29:15.080000      9027.05        1.37899300e-01        7.54782895e-09  59.9208  59.2961
0202-05-13_00:29:15.290000      9027.26        1.43090900e-01       -9.43161053e-10  59.9208  59.2961
0202-05-13_00:29:15.484000      9027.45        1.48225200e-01       -3.05041105e-09  59.9638  59.3289
0202-05-13_00:29:15.688000      9027.66        1.52677700e-01       -3.17436105e-09  59.9638  59.3289
0202-05-13_00:29:15.880000      9027.85        1.58166100e-01        1.28804895e-09  59.9638  59.3289
0202-05-13_00:29:16.074000      9028.04        1.63322100e-01        7.42397895e-09  59.9638  59.3289
0202-05-13_00:29:16.293000      9028.26        1.67819100e-01        1.07092289e-08  59.9638  59.3289
0202-05-13_00:29:16.492000      9028.46        1.73111700e-01        6.92887895e-09  59.9076  59.2882
0202-05-13_00:29:16.695000      9028.66        1.77859500e-01        1.16512895e-09  59.9076  59.2882
0202-05-13_00:29:16.887000      9028.86        1.82950200e-01       -1.24610526e-11  59.9076  59.2882
0202-05-13_00:29:17.082000      9029.05        1.88022400e-01        4.51193895e-09  59.9076  59.2882
0202-05-13_00:29:17.277000      9029.24        1.92939500e-01        8.66446895e-09  59.9076  59.2882
0202-05-13_00:29:17.477000      9029.44        1.97782300e-01        4.57391895e-09  59.9479  59.2934
0202-05-13_00:29:17.668000      9029.64        2.02792800e-01        4.63589895e-09  59.9479  59.2934
0202-05-13_00:29:17.863000      9029.83        2.07674300e-01        7.93258947e-10  59.9479  59.2934
0202-05-13_00:29:18.066000      9030.03        2.12487400e-01        1.59896895e-09  59.9479  59.2934
0202-05-13_00:29:18.270000      9030.24        2.17931300e-01        1.72292895e-09  59.9320  59.3009
0202-05-13_00:29:18.460000      9030.43        2.22747500e-01        4.21388947e-10  59.9320  59.3009
0202-05-13_00:29:18.656000      9030.63        2.27534000e-01       -4.46301053e-10  59.9320  59.3009
0202-05-13_00:29:18.848000      9030.82        2.32528200e-01       -1.37598105e-09  59.9320  59.3009
0202-05-13_00:29:19.050000      9031.02        2.37541700e-01        1.11498947e-10  59.9320  59.3009
0202-05-13_00:29:19.273000      9031.24        2.42326600e-01        1.73478947e-10  59.9320  59.3009
0202-05-13_00:29:19.473000      9031.44        2.47524200e-01        3.39633895e-09  59.9354  59.3159
0202-05-13_00:29:19.668000      9031.63        2.52341800e-01        4.20204895e-09  59.9354  59.3159
0202-05-13_00:29:19.875000      9031.84        2.56861100e-01        2.09479895e-09  59.9354  59.3159
0202-05-13_00:29:20.070000      9032.04        2.62449000e-01        3.08644895e-09  59.9354  59.3159
0202-05-13_00:29:20.277000      9032.25        2.67589900e-01       -5.08281053e-10  59.9354  59.3159
0202-05-13_00:29:20.473000      9032.44        2.72324400e-01       -3.22351053e-10  59.9283  59.3001
0202-05-13_00:29:20.664000      9032.63        2.77314200e-01       -1.06608105e-09  59.9283  59.3001
0202-05-13_00:29:20.855000      9032.83        2.82412300e-01        1.72292895e-09  59.9283  59.3001
0202-05-13_00:29:21.062000      9033.03        2.86685200e-01       -2.05773105e-09  59.9283  59.3001
0202-05-13_00:29:21.266000      9033.23        2.92639700e-01       -5.59048105e-09  59.9283  59.3001
0202-05-13_00:29:21.470000      9033.44        2.97270300e-01       -4.72279105e-09  59.9547  59.2895
0202-05-13_00:29:21.664000      9033.63        3.01773200e-01       -7.44410526e-11  59.9547  59.2895
0202-05-13_00:29:21.855000      9033.82        3.07130400e-01        2.35448947e-10  59.9547  59.2895
0202-05-13_00:29:22.047000      9034.02        3.12170600e-01        1.10319895e-09  59.9547  59.2895
0202-05-13_00:29:22.266000      9034.23        3.16400500e-01        2.97668947e-10  59.9547  59.2895
0202-05-13_00:29:22.460000      9034.43        3.21915700e-01        1.78528895e-09  59.9274  59.3039
0202-05-13_00:29:22.652000      9034.62        3.27239400e-01       -1.43748105e-09  59.9274  59.3039
0202-05-13_00:29:22.848000      9034.82        3.32070300e-01        1.97131895e-09  59.9274  59.3039
0202-05-13_00:29:23.043000      9035.01        3.36741000e-01        3.14889895e-09  59.9274  59.3039
0202-05-13_00:29:23.260000      9035.23        3.41902900e-01        1.59944895e-09  59.9274  59.3039
0202-05-13_00:29:23.465000      9035.43        3.46879700e-01        9.79668947e-10  59.9461  59.3113
0202-05-13_00:29:23.670000      9035.64        3.51358900e-01        8.16912895e-09  59.9461  59.3113
0202-05-13_00:29:23.863000      9035.83        3.56501600e-01        1.17638489e-08  59.9461  59.3113
0202-05-13_00:29:24.060000      9036.03        3.61286500e-01        1.32513289e-08  59.9461  59.3113
0202-05-13_00:29:24.273000      9036.24        3.66678500e-01        9.65659895e-09  59.9461  59.3113
0202-05-13_00:29:24.470000      9036.44        3.71552500e-01        8.97483895e-09  59.9188  59.3035
0202-05-13_00:29:24.664000      9036.63        3.76515600e-01        5.31812895e-09  59.9188  59.3035
0202-05-13_00:29:24.855000      9036.82        3.81028900e-01        1.84735895e-09  59.9188  59.3035
0202-05-13_00:29:25.047000      9037.02        3.86615100e-01       -1.49945105e-09  59.9188  59.3035
0202-05-13_00:29:25.260000      9037.23        3.91404500e-01        1.97131895e-09  59.9188  59.3035
0202-05-13_00:29:25.465000      9037.43        3.96008400e-01        5.44208895e-09  59.9326  59.2932
0202-05-13_00:29:25.668000      9037.63        4.00926900e-01        8.35505895e-09  59.9326  59.2932
0202-05-13_00:29:25.860000      9037.83        4.06353000e-01        5.87593895e-09  59.9326  59.2932
0202-05-13_00:29:26.050000      9038.02        4.10973200e-01        6.92955895e-09  59.9326  59.2932
0202-05-13_00:29:26.290000      9038.26        4.16249400e-01        2.65307895e-09  59.9326  59.2932
0202-05-13_00:29:26.484000      9038.45        4.20916200e-01        6.18582895e-09  59.9108  59.2808
0202-05-13_00:29:26.684000      9038.65        4.25803500e-01        1.08961589e-08  59.9108  59.2808
0202-05-13_00:29:26.875000      9038.84        4.30999600e-01        1.26315489e-08  59.9108  59.2808
0202-05-13_00:29:27.070000      9039.04        4.35694000e-01        1.60403389e-08  59.9108  59.2808
0202-05-13_00:29:27.285000      9039.25        4.41218100e-01        1.42429789e-08  59.9108  59.2808
0202-05-13_00:29:27.504000      9039.47        4.45686900e-01        1.30034189e-08  59.9328  59.2964
0202-05-13_00:29:27.707000      9039.67        4.50933400e-01        7.73527895e-09  59.9328  59.2964
0202-05-13_00:29:27.910000      9039.88        4.56022600e-01        6.80560895e-09  59.9328  59.2964
0202-05-13_00:29:28.113000      9040.08        4.60630000e-01        1.01523689e-08  59.9328  59.2964
0202-05-13_00:29:28.310000      9040.28        4.65891400e-01        1.30033089e-08  59.9337  59.2837
0202-05-13_00:29:28.520000      9040.49        4.70606600e-01        1.90151189e-08  59.9337  59.2837
0202-05-13_00:29:28.710000      9040.68        4.75498400e-01        2.06885289e-08  59.9337  59.2837
0202-05-13_00:29:28.902000      9040.87        4.80563900e-01        2.08124789e-08  59.9337  59.2837
0202-05-13_00:29:29.110000      9041.08        4.85323600e-01        2.00687489e-08  59.9337  59.2837
0202-05-13_00:29:29.310000      9041.28        4.90065500e-01        2.13083089e-08  59.9474  59.3065
0202-05-13_00:29:29.504000      9041.47        4.95307600e-01        2.38494089e-08  59.9474  59.3065
0202-05-13_00:29:29.700000      9041.67        5.00406800e-01        1.91390789e-08  59.9474  59.3065
0202-05-13_00:29:29.890000      9041.86        5.05092300e-01        1.85812689e-08  59.9474  59.3065
0202-05-13_00:29:30.082000      9042.05        5.10196400e-01        1.82094089e-08  59.9474  59.3065
0202-05-13_00:29:30.297000      9042.26        5.15447400e-01        2.67003989e-08  59.9474  59.3065
0202-05-13_00:29:30.490000      9042.46        5.20250100e-01        2.50269889e-08  59.9261  59.3055
0202-05-13_00:29:30.690000      9042.66        5.25195400e-01        2.38494089e-08  59.9261  59.3055
0202-05-13_00:29:30.887000      9042.85        5.30275700e-01        1.67219289e-08  59.9261  59.3055
0202-05-13_00:29:31.080000      9043.05        5.34835000e-01        1.53584089e-08  59.9261  59.3055
0202-05-13_00:29:31.277000      9043.24        5.40305500e-01        1.39329189e-08  59.9261  59.3055
0202-05-13_00:29:31.470000      9043.44        5.45235900e-01        1.24454389e-08  59.9525  59.3062
0202-05-13_00:29:31.660000      9043.63        5.49709200e-01        1.40568689e-08  59.9525  59.3062
0202-05-13_00:29:31.855000      9043.82        5.55072900e-01        1.75276489e-08  59.9525  59.3062
0202-05-13_00:29:32.055000      9044.02        5.60208200e-01        2.09984189e-08  59.9525  59.3062
0202-05-13_00:29:32.270000      9044.24        5.64861000e-01        2.41592989e-08  59.9525  59.3062
0202-05-13_00:29:32.484000      9044.45        5.69962100e-01        2.14322689e-08  59.9376  59.3022
0202-05-13_00:29:32.676000      9044.64        5.74856900e-01        1.89531389e-08  59.9376  59.3022
0202-05-13_00:29:32.867000      9044.84        5.79507300e-01        1.82094089e-08  59.9376  59.3022
0202-05-13_00:29:33.060000      9045.03        5.84595100e-01        2.16181989e-08  59.9376  59.3022
0202-05-13_00:29:33.280000      9045.25        5.89869800e-01        1.95729189e-08  59.9376  59.3022
0202-05-13_00:29:33.490000      9045.46        5.94651800e-01        1.75276489e-08  59.9514  59.3163
0202-05-13_00:29:33.690000      9045.66        5.99795900e-01        1.10819289e-08  59.9514  59.3163
0202-05-13_00:29:33.895000      9045.86        6.04395300e-01        7.36323895e-09  59.9514  59.3163
0202-05-13_00:29:34.098000      9046.07        6.09291600e-01        8.47907895e-09  59.9514  59.3163
0202-05-13_00:29:34.293000      9046.26        6.14475800e-01        1.53588689e-08  59.9116  59.2833
0202-05-13_00:29:34.504000      9046.47        6.19386900e-01        1.59169789e-08  59.9116  59.2833
0202-05-13_00:29:34.700000      9046.67        6.24541400e-01        1.65987389e-08  59.9116  59.2833
0202-05-13_00:29:34.890000      9046.86        6.29363400e-01        8.41762895e-09  59.9116  59.2833
0202-05-13_00:29:35.094000      9047.06        6.34350200e-01        1.02149989e-08  59.9116  59.2833
0202-05-13_00:29:35.293000      9047.26        6.39222700e-01        6.18641895e-09  59.9316  59.3040
0202-05-13_00:29:35.490000      9047.46        6.44904100e-01        1.05248889e-08  59.9316  59.3040
0202-05-13_00:29:35.688000      9047.65        6.49108800e-01        6.06245895e-09  59.9316  59.3040
0202-05-13_00:29:35.880000      9047.85        6.53962000e-01        6.93015895e-09  59.9316  59.3040
0202-05-13_00:29:36.070000      9048.04        6.59174700e-01        6.68223895e-09  59.9316  59.3040
0202-05-13_00:29:36.290000      9048.26        6.64192700e-01        1.18264289e-08  59.9316  59.3040
0202-05-13_00:29:36.484000      9048.45        6.69347200e-01        1.23222489e-08  59.9323  59.2954
0202-05-13_00:29:36.688000      9048.66        6.74170700e-01        1.11446689e-08  59.9323  59.2954
0202-05-13_00:29:36.883000      9048.85        6.78759800e-01        6.80619895e-09  59.9323  59.2954
0202-05-13_00:29:37.074000      9049.04        6.83850500e-01        9.34729895e-09  59.9323  59.2954
0202-05-13_00:29:37.280000      9049.25        6.89034700e-01        1.17024689e-08  59.9323  59.2954
0202-05-13_00:29:37.484000      9049.45        6.93870100e-01        1.33138989e-08  59.9553  59.3012
0202-05-13_00:29:37.688000      9049.65        6.98470300e-01        1.21982989e-08  59.9553  59.3012
0202-05-13_00:29:37.890000      9049.86        7.03742100e-01        9.34729895e-09  59.9553  59.3012
0202-05-13_00:29:38.090000      9050.06        7.08696200e-01        1.13925789e-08  59.9553  59.3012
0202-05-13_00:29:38.293000      9050.26        7.13347600e-01        1.44295089e-08  59.9199  59.2875
0202-05-13_00:29:38.490000      9050.46        7.19014100e-01        2.14950089e-08  59.9199  59.2875
0202-05-13_00:29:38.695000      9050.66        7.23880700e-01        2.18048989e-08  59.9199  59.2875
0202-05-13_00:29:38.890000      9050.86        7.28806700e-01        1.53591789e-08  59.9199  59.2875
0202-05-13_00:29:39.086000      9051.05        7.33713300e-01        8.72751895e-09  59.9199  59.2875
0202-05-13_00:29:39.293000      9051.26        7.38674700e-01        5.87652895e-09  59.9524  59.2976
0202-05-13_00:29:39.492000      9051.46        7.43710400e-01        6.12443895e-09  59.9524  59.2976
0202-05-13_00:29:39.684000      9051.65        7.48793700e-01        1.06488389e-08  59.9524  59.2976
0202-05-13_00:29:39.890000      9051.86        7.53543100e-01        8.23169895e-09  59.9524  59.2976
0202-05-13_00:29:40.082000      9052.05        7.58106900e-01        5.50438895e-09  59.9524  59.2976
0202-05-13_00:29:40.277000      9052.25        7.63460300e-01        6.30983895e-09  59.9524  59.2976
0202-05-13_00:29:40.484000      9052.45        7.68427800e-01        3.27255895e-09  59.9215  59.3099
0202-05-13_00:29:40.676000      9052.64        7.73134100e-01        5.62772895e-09  59.9215  59.3099
0202-05-13_00:29:40.867000      9052.84        7.78565600e-01        3.70639895e-09  59.9215  59.3099
0202-05-13_00:29:41.074000      9053.04        7.83481200e-01        1.18875089e-08  59.9215  59.3099
0202-05-13_00:29:41.277000      9053.25        7.88399700e-01        1.25072889e-08  59.9215  59.3099
0202-05-13_00:29:41.473000      9053.44        7.93356800e-01        1.29411389e-08  59.9495  59.2959
0202-05-13_00:29:41.664000      9053.63        7.98313900e-01        8.85057895e-09  59.9495  59.2959
0202-05-13_00:29:41.860000      9053.83        8.02799100e-01        8.60266895e-09  59.9495  59.2959
0202-05-13_00:29:42.050000      9054.02        8.08235600e-01        5.25585895e-09  59.9495  59.2959
0202-05-13_00:29:42.266000      9054.23        8.13299500e-01        5.75167895e-09  59.9495  59.2959
0202-05-13_00:29:42.457000      9054.43        8.18048300e-01        7.92090895e-09  59.9279  59.3035
0202-05-13_00:29:42.660000      9054.63        8.23103300e-01        9.40838895e-09  59.9279  59.3035
0202-05-13_00:29:42.855000      9054.82        8.28023400e-01        8.16882895e-09  59.9279  59.3035
0202-05-13_00:29:43.047000      9055.02        8.33042800e-01        6.55739895e-09  59.9279  59.3035
0202-05-13_00:29:43.290000      9055.26        8.38356100e-01        4.51211895e-09  59.9279  59.3035
0202-05-13_00:29:43.496000      9055.46        8.42908100e-01        3.33453895e-09  59.9390  59.3103
0202-05-13_00:29:43.688000      9055.66        8.48062600e-01        4.45013895e-09  59.9390  59.3103
0202-05-13_00:29:43.883000      9055.85        8.53015200e-01        5.81365895e-09  59.9390  59.3103
0202-05-13_00:29:44.086000      9056.05        8.57652300e-01        1.38708089e-08  59.9390  59.3103
0202-05-13_00:29:44.293000      9056.26        8.62665800e-01        1.19494889e-08  59.9390  59.3103
0202-05-13_00:29:44.496000      9056.46        8.67928700e-01        1.31270689e-08  59.9268  59.3061
0202-05-13_00:29:44.690000      9056.66        8.72393100e-01        1.08338789e-08  59.9268  59.3061
0202-05-13_00:29:44.883000      9056.85        8.77998800e-01        1.47384989e-08  59.9268  59.3061
0202-05-13_00:29:45.074000      9057.04        8.82666500e-01        1.41187189e-08  59.9268  59.3061
0202-05-13_00:29:45.300000      9057.27        8.87528600e-01        9.53233895e-09  59.9268  59.3061
0202-05-13_00:29:45.508000      9057.47        8.92506500e-01        9.34640895e-09  59.9274  59.2907
0202-05-13_00:29:45.710000      9057.68        8.97323100e-01        1.10817989e-08  59.9274  59.2907
0202-05-13_00:29:45.902000      9057.87        9.02140700e-01        1.03380589e-08  59.9274  59.2907
0202-05-13_00:29:46.105000      9058.07        9.07341200e-01        1.00897989e-08  59.9274  59.2907
0202-05-13_00:29:46.305000      9058.27        9.12458600e-01        8.41593895e-09  59.9420  59.3138
0202-05-13_00:29:46.500000      9058.47        9.17344500e-01        1.03369189e-08  59.9420  59.3138
0202-05-13_00:29:46.710000      9058.68        9.22258600e-01        9.71713895e-09  59.9420  59.3138
0202-05-13_00:29:46.902000      9058.87        9.27129600e-01        6.99010895e-09  59.9420  59.3138
0202-05-13_00:29:47.098000      9059.06        9.31954600e-01        6.06043895e-09  59.9420  59.3138
0202-05-13_00:29:47.300000      9059.27        9.37046000e-01        7.36196895e-09  59.9420  59.3138
0202-05-13_00:29:47.500000      9059.47        9.41793900e-01        7.36196895e-09  59.9573  59.3001
0202-05-13_00:29:47.690000      9059.66        9.46685700e-01        8.53955895e-09  59.9573  59.3001
0202-05-13_00:29:47.900000      9059.86        9.52321100e-01        6.24636895e-09  59.9573  59.3001
0202-05-13_00:29:48.090000      9060.06        9.56694900e-01        4.51097895e-09  59.9573  59.3001
0202-05-13_00:29:48.285000      9060.25        9.61773700e-01        3.82922895e-09  59.9573  59.3001
0202-05-13_00:29:48.496000      9060.46        9.67161200e-01        2.89955895e-09  59.9475  59.3137
0202-05-13_00:29:48.688000      9060.65        9.71903200e-01        2.52768895e-09  59.9475  59.3137
0202-05-13_00:29:48.883000      9060.85        9.76403400e-01        1.72196895e-09  59.9475  59.3137
0202-05-13_00:29:49.074000      9061.04        9.81963100e-01        5.25471895e-09  59.9475  59.3137
0202-05-13_00:29:49.273000      9061.24        9.86807400e-01        5.87449895e-09  59.9475  59.3137
0202-05-13_00:29:49.477000      9061.45        9.91865500e-01        8.78746895e-09  59.9412  59.2833
0202-05-13_00:29:49.670000      9061.64        9.96605900e-01        4.88284895e-09  59.9412  59.2833
0202-05-13_00:29:49.863000      9061.83        1.00181200e+00        3.14746895e-09  59.9412  59.2833
0202-05-13_00:29:50.066000      9062.04        1.00671300e+00        4.38702895e-09  59.9412  59.2833
0202-05-13_00:29:50.270000      9062.24        1.01126200e+00        8.41559895e-09  59.9412  59.2833
0202-05-13_00:29:50.480000      9062.45        1.01696800e+00        9.53119895e-09  59.9430  59.3047
0202-05-13_00:29:50.670000      9062.64        1.02190700e+00        1.38696689e-08  59.9430  59.3047
0202-05-13_00:29:50.867000      9062.83        1.02677700e+00        1.54810989e-08  59.9430  59.3047
0202-05-13_00:29:51.070000      9063.04        1.03161300e+00        1.80221889e-08  59.9430  59.3047
0202-05-13_00:29:51.273000      9063.24        1.03615100e+00        1.82081289e-08  59.9430  59.3047
0202-05-13_00:29:51.477000      9063.45        1.04130400e+00        1.61628489e-08  59.9434  59.3124
0202-05-13_00:29:51.680000      9063.65        1.04631400e+00        1.55430689e-08  59.9434  59.3124
0202-05-13_00:29:51.875000      9063.84        1.05130400e+00        1.47993389e-08  59.9434  59.3124
0202-05-13_00:29:52.080000      9064.04        1.05607200e+00        1.49852289e-08  59.9434  59.3124
0202-05-13_00:29:52.285000      9064.25        1.06149600e+00        1.19482389e-08  59.9434  59.3124
0202-05-13_00:29:52.484000      9064.45        1.06624300e+00        8.22950895e-09  59.9202  59.2938
0202-05-13_00:29:52.680000      9064.65        1.07101000e+00        6.18423895e-09  59.9202  59.2938
0202-05-13_00:29:52.870000      9064.84        1.07615100e+00        4.32489895e-09  59.9202  59.2938
0202-05-13_00:29:53.062000      9065.03        1.08161600e+00        3.64313895e-09  59.9202  59.2938
0202-05-13_00:29:53.277000      9065.25        1.08597500e+00        4.38687895e-09  59.9202  59.2938
0202-05-13_00:29:53.500000      9065.47        1.09118500e+00        9.15918895e-09  59.9347  59.2882
0202-05-13_00:29:53.703000      9065.67        1.09569400e+00        1.36215989e-08  59.9347  59.2882
0202-05-13_00:29:53.906000      9065.87        1.10100900e+00        1.20101689e-08  59.9347  59.2882
0202-05-13_00:29:54.105000      9066.07        1.10606500e+00        8.72533895e-09  59.9347  59.2882
0202-05-13_00:29:54.300000      9066.27        1.11076600e+00        4.20093895e-09  59.9105  59.2928
0202-05-13_00:29:54.510000      9066.48        1.11576100e+00        1.65983895e-09  59.9105  59.2928
0202-05-13_00:29:54.703000      9066.67        1.12090900e+00        4.20093895e-09  59.9105  59.2928
0202-05-13_00:29:54.906000      9066.87        1.12580300e+00        4.38687895e-09  59.9105  59.2928
0202-05-13_00:29:55.098000      9067.07        1.13107300e+00        1.33736889e-08  59.9105  59.2928
0202-05-13_00:29:55.293000      9067.26        1.13581400e+00        1.16383089e-08  59.9476  59.3054
0202-05-13_00:29:55.490000      9067.45        1.14030000e+00        1.21341289e-08  59.9476  59.3054
0202-05-13_00:29:55.688000      9067.65        1.14547400e+00        8.04357895e-09  59.9476  59.3054
0202-05-13_00:29:55.880000      9067.85        1.15060300e+00        1.05226989e-08  59.9476  59.3054
0202-05-13_00:29:56.074000      9068.04        1.15607800e+00        1.26299489e-08  59.9476  59.3054
0202-05-13_00:29:56.297000      9068.27        1.16036900e+00        1.07706089e-08  59.9476  59.3054
0202-05-13_00:29:56.504000      9068.47        1.16580600e+00        1.33117089e-08  59.9433  59.3109
0202-05-13_00:29:56.707000      9068.67        1.17063100e+00        1.13903889e-08  59.9433  59.3109
0202-05-13_00:29:56.910000      9068.88        1.17565900e+00        1.71543489e-08  59.9433  59.3109
0202-05-13_00:29:57.110000      9069.08        1.18079100e+00        1.43653389e-08  59.9433  59.3109
0202-05-13_00:29:57.310000      9069.27        1.18545500e+00        1.51090789e-08  59.9483  59.3057
0202-05-13_00:29:57.510000      9069.48        1.19054400e+00        1.18242389e-08  59.9483  59.3057
0202-05-13_00:29:57.707000      9069.67        1.19542400e+00        9.15918895e-09  59.9483  59.3057
0202-05-13_00:29:57.900000      9069.87        1.20074600e+00        1.05225989e-08  59.9483  59.3057
0202-05-13_00:29:58.100000      9070.07        1.20514800e+00        8.16712895e-09  59.9483  59.3057
0202-05-13_00:29:58.312000      9070.28        1.21055900e+00        7.05111895e-09  59.9292  59.3044
0202-05-13_00:29:58.523000      9070.49        1.21572400e+00        3.58014895e-09  59.9292  59.3044
0202-05-13_00:29:58.715000      9070.68        1.22035700e+00        6.80299895e-09  59.9292  59.3044
0202-05-13_00:29:58.910000      9070.88        1.22544600e+00        1.16992589e-08  59.9292  59.3044
0202-05-13_00:29:59.100000      9071.07        1.23088300e+00        1.16992589e-08  59.9292  59.3044
0202-05-13_00:29:59.297000      9071.27        1.23510800e+00        1.24429989e-08  59.9569  59.2965
0202-05-13_00:29:59.492000      9071.46        1.24016000e+00        7.11288895e-09  59.9569  59.2965
0202-05-13_00:29:59.688000      9071.65        1.24536800e+00        1.02737689e-08  59.9569  59.2965
0202-05-13_00:29:59.890000      9071.86        1.25049600e+00        9.77793895e-09  59.9569  59.2965
0202-05-13_00:30:00.086000      9072.05        1.25529400e+00        1.16372789e-08  59.9569  59.2965
0202-05-13_00:30:00.285000      9072.25        1.25991100e+00        1.12654189e-08  59.9569  59.2965
0202-05-13_00:30:00.490000      9072.45        1.26538100e+00        1.10794789e-08  59.9301  59.2857
0202-05-13_00:30:00.690000      9072.66        1.27001900e+00        1.10174989e-08  59.9301  59.2857
0202-05-13_00:30:00.890000      9072.86        1.27516700e+00        1.23810189e-08  59.9301  59.2857
0202-05-13_00:30:01.094000      9073.06        1.28027400e+00        9.90189895e-09  59.9301  59.2857
0202-05-13_00:30:01.310000      9073.28        1.28489400e+00        1.45502489e-08  59.9427  59.2969
0202-05-13_00:30:01.504000      9073.47        1.29020800e+00        1.15133289e-08  59.9427  59.2969
0202-05-13_00:30:01.700000      9073.67        1.29486900e+00        1.29388189e-08  59.9427  59.2969
0202-05-13_00:30:01.890000      9073.86        1.29990400e+00        1.28768389e-08  59.9427  59.2969
0202-05-13_00:30:02.082000      9074.05        1.30483900e+00        1.51700289e-08  59.9427  59.2969
0202-05-13_00:30:02.293000      9074.26        1.30993000e+00        2.02522189e-08  59.9427  59.2969
0202-05-13_00:30:02.484000      9074.45        1.31462700e+00        1.65955189e-08  59.9253  59.2996
0202-05-13_00:30:02.676000      9074.65        1.31981800e+00        1.59137589e-08  59.9253  59.2996
0202-05-13_00:30:02.883000      9074.85        1.32499600e+00        8.04255895e-09  59.9253  59.2996
0202-05-13_00:30:03.074000      9075.04        1.32939100e+00        1.08315689e-08  59.9253  59.2996
0202-05-13_00:30:03.290000      9075.26        1.33497200e+00        1.17612389e-08  59.9253  59.2996
0202-05-13_00:30:03.484000      9075.45        1.33970800e+00        1.80210189e-08  59.9567  59.3170
0202-05-13_00:30:03.676000      9075.64        1.34476300e+00        1.53559589e-08  59.9567  59.3170
0202-05-13_00:30:03.880000      9075.85        1.34988800e+00        1.60995889e-08  59.9567  59.3170
0202-05-13_00:30:04.070000      9076.04        1.35477500e+00        1.15127889e-08  59.9567  59.3170
0202-05-13_00:30:04.270000      9076.24        1.35892500e+00        1.26900389e-08  59.9567  59.3170
0202-05-13_00:30:04.477000      9076.44        1.36460600e+00        9.83883895e-09  59.9206  59.2991
0202-05-13_00:30:04.668000      9076.64        1.36956800e+00        1.30616889e-08  59.9206  59.2991
0202-05-13_00:30:04.875000      9076.84        1.37447100e+00        1.38054289e-08  59.9206  59.2991
0202-05-13_00:30:05.070000      9077.04        1.37932500e+00        1.49830089e-08  59.9206  59.2991
0202-05-13_00:30:05.305000      9077.27        1.38449900e+00        9.15707895e-09  59.9206  59.2991
0202-05-13_00:30:05.510000      9077.48        1.38919100e+00        1.66564089e-08  59.9413  59.2927
0202-05-13_00:30:05.707000      9077.67        1.39421900e+00        1.90735489e-08  59.9413  59.2927
0202-05-13_00:30:05.900000      9077.87        1.39904500e+00        2.39698089e-08  59.9413  59.2927
0202-05-13_00:30:06.100000      9078.07        1.40385700e+00        1.64704789e-08  59.9413  59.2927
0202-05-13_00:30:06.297000      9078.27        1.40948400e+00        1.95073989e-08  59.9227  59.2896
0202-05-13_00:30:06.504000      9078.47        1.41435700e+00        1.91975089e-08  59.9227  59.2896
0202-05-13_00:30:06.695000      9078.66        1.41887300e+00        1.76480589e-08  59.9227  59.2896
0202-05-13_00:30:06.887000      9078.86        1.42431600e+00        1.83298189e-08  59.9227  59.2896
0202-05-13_00:30:07.090000      9079.06        1.42897000e+00        1.88876189e-08  59.9227  59.2896
0202-05-13_00:30:07.293000      9079.26        1.43357700e+00        2.21104689e-08  59.9572  59.3150
0202-05-13_00:30:07.496000      9079.46        1.43866300e+00        1.93214589e-08  59.9572  59.3150
0202-05-13_00:30:07.700000      9079.67        1.44386900e+00        1.78339889e-08  59.9572  59.3150
0202-05-13_00:30:07.902000      9079.87        1.44868500e+00        1.57887189e-08  59.9572  59.3150
0202-05-13_00:30:08.100000      9080.07        1.45353900e+00        1.87636589e-08  59.9572  59.3150
0202-05-13_00:30:08.300000      9080.27        1.45887300e+00        1.93834389e-08  59.9205  59.2771
0202-05-13_00:30:08.508000      9080.47        1.46367300e+00        1.72142089e-08  59.9205  59.2771
0202-05-13_00:30:08.700000      9080.67        1.46887500e+00        1.39293789e-08  59.9205  59.2771
0202-05-13_00:30:08.890000      9080.86        1.47386800e+00        1.31856489e-08  59.9205  59.2771
0202-05-13_00:30:09.098000      9081.07        1.47885800e+00        1.52928989e-08  59.9205  59.2771
0202-05-13_00:30:09.293000      9081.26        1.48346600e+00        1.74001489e-08  59.9508  59.2931
0202-05-13_00:30:09.490000      9081.46        1.48857400e+00        1.67803689e-08  59.9508  59.2931
0202-05-13_00:30:09.684000      9081.65        1.49374200e+00        1.59746589e-08  59.9508  59.2931
0202-05-13_00:30:09.880000      9081.85        1.49801500e+00        1.69663089e-08  59.9508  59.2931
0202-05-13_00:30:10.070000      9082.04        1.50356800e+00        1.57267589e-08  59.9508  59.2931
0202-05-13_00:30:10.285000      9082.25        1.50877600e+00        1.28757789e-08  59.9508  59.2931
0202-05-13_00:30:10.480000      9082.45        1.51361300e+00        1.69663289e-08  59.9085  59.2727
0202-05-13_00:30:10.670000      9082.64        1.51862200e+00        1.62225889e-08  59.9085  59.2727
0202-05-13_00:30:10.875000      9082.84        1.52397300e+00        2.20485189e-08  59.9085  59.2727
0202-05-13_00:30:11.070000      9083.04        1.52831600e+00        2.01271989e-08  59.9085  59.2727
0202-05-13_00:30:11.266000      9083.23        1.53345500e+00        2.08709389e-08  59.9085  59.2727
0202-05-13_00:30:11.470000      9083.44        1.53862500e+00        1.73381989e-08  59.9415  59.2971
0202-05-13_00:30:11.664000      9083.63        1.54311300e+00        1.55408389e-08  59.9415  59.2971
0202-05-13_00:30:11.855000      9083.82        1.54835000e+00        1.82058889e-08  59.9415  59.2971
0202-05-13_00:30:12.060000      9084.03        1.55320200e+00        2.04990689e-08  59.9415  59.2971
0202-05-13_00:30:12.260000      9084.23        1.55793700e+00        2.11188489e-08  59.9415  59.2971
0202-05-13_00:30:12.465000      9084.43        1.56329400e+00        1.98173089e-08  59.9253  59.2816
0202-05-13_00:30:12.656000      9084.63        1.56802800e+00        2.19865389e-08  59.9253  59.2816
0202-05-13_00:30:12.850000      9084.82        1.57283000e+00        2.16766489e-08  59.9253  59.2816
0202-05-13_00:30:13.043000      9085.01        1.57843200e+00        2.31021389e-08  59.9253  59.2816
0202-05-13_00:30:13.266000      9085.23        1.58344200e+00        2.24203889e-08  59.9253  59.2816
0202-05-13_00:30:13.477000      9085.44        1.58759000e+00        1.73381989e-08  59.9355  59.3114
0202-05-13_00:30:13.668000      9085.64        1.59295900e+00        1.57267689e-08  59.9355  59.3114
0202-05-13_00:30:13.880000      9085.85        1.59788900e+00        1.69663289e-08  59.9355  59.3114
0202-05-13_00:30:14.074000      9086.04        1.60264100e+00        1.89496189e-08  59.9355  59.3114
0202-05-13_00:30:14.277000      9086.25        1.60784800e+00        2.14907189e-08  59.9355  59.3114
0202-05-13_00:30:14.480000      9086.45        1.61277100e+00        2.34740089e-08  59.9352  59.3048
0202-05-13_00:30:14.676000      9086.64        1.61747500e+00        2.36599489e-08  59.9352  59.3048
0202-05-13_00:30:14.867000      9086.84        1.62255900e+00        1.83298389e-08  59.9352  59.3048
0202-05-13_00:30:15.070000      9087.04        1.62780100e+00        1.85157789e-08  59.9352  59.3048
0202-05-13_00:30:15.280000      9087.25        1.63257200e+00        1.64704989e-08  59.9352  59.3048
0202-05-13_00:30:15.492000      9087.46        1.63771900e+00        1.80199489e-08  59.9405  59.2892
0202-05-13_00:30:15.684000      9087.65        1.64294700e+00        1.48590789e-08  59.9405  59.2892
0202-05-13_00:30:15.887000      9087.86        1.64748100e+00        1.82679189e-08  59.9405  59.2892
0202-05-13_00:30:16.090000      9088.06        1.65249600e+00        2.08090889e-08  59.9405  59.2892
0202-05-13_00:30:16.293000      9088.26        1.65766100e+00        2.05612389e-08  59.9274  59.2829
0202-05-13_00:30:16.496000      9088.47        1.66251200e+00        2.08091489e-08  59.9274  59.2829
0202-05-13_00:30:16.690000      9088.66        1.66745000e+00        1.77102489e-08  59.9274  59.2829
0202-05-13_00:30:16.883000      9088.85        1.67254000e+00        2.00654089e-08  59.9274  59.2829
0202-05-13_00:30:17.090000      9089.06        1.67704200e+00        1.52931089e-08  59.9274  59.2829
0202-05-13_00:30:17.290000      9089.26        1.68210900e+00        1.85779389e-08  59.9501  59.3106
0202-05-13_00:30:17.496000      9089.46        1.68770700e+00        1.95695889e-08  59.9501  59.3106
0202-05-13_00:30:17.690000      9089.66        1.69234100e+00        2.49616689e-08  59.9501  59.3106
0202-05-13_00:30:17.883000      9089.85        1.69728000e+00        2.03133189e-08  59.9501  59.3106
0202-05-13_00:30:18.074000      9090.04        1.70196700e+00        1.73383789e-08  59.9501  59.3106
0202-05-13_00:30:18.280000      9090.25        1.70723600e+00        1.65946489e-08  59.9501  59.3106
0202-05-13_00:30:18.477000      9090.44        1.71228900e+00        1.31238789e-08  59.9465  59.3123
0202-05-13_00:30:18.668000      9090.64        1.71742500e+00        1.75862889e-08  59.9465  59.3123
0202-05-13_00:30:18.863000      9090.83        1.72228400e+00        1.78961789e-08  59.9465  59.3123
0202-05-13_00:30:19.055000      9091.02        1.72676600e+00        1.71524489e-08  59.9465  59.3123
0202-05-13_00:30:19.266000      9091.23        1.73215800e+00        1.49212389e-08  59.9465  59.3123
0202-05-13_00:30:19.457000      9091.43        1.73734500e+00        1.64706889e-08  59.9459  59.3195
0202-05-13_00:30:19.652000      9091.62        1.74168900e+00        2.02513489e-08  59.9459  59.3195
0202-05-13_00:30:19.855000      9091.82        1.74720500e+00        2.68210089e-08  59.9459  59.3195
0202-05-13_00:30:20.047000      9092.01        1.75240200e+00        2.65111189e-08  59.9459  59.3195
0202-05-13_00:30:20.273000      9092.24        1.75690400e+00        2.00654089e-08  59.9459  59.3195
0202-05-13_00:30:20.480000      9092.45        1.76210000e+00        1.23801489e-08  59.9151  59.2853
0202-05-13_00:30:20.676000      9092.65        1.76707200e+00        1.57269489e-08  59.9151  59.2853
0202-05-13_00:30:20.870000      9092.84        1.77163300e+00        2.07471689e-08  59.9151  59.2853
0202-05-13_00:30:21.062000      9093.03        1.77700400e+00        2.21106789e-08  59.9151  59.2853
0202-05-13_00:30:21.277000      9093.24        1.78173400e+00        2.26684889e-08  59.9151  59.2853
0202-05-13_00:30:21.473000      9093.44        1.78635500e+00        2.29163989e-08  59.9340  59.2820
0202-05-13_00:30:21.664000      9093.63        1.79180600e+00        2.45897989e-08  59.9340  59.2820
0202-05-13_00:30:21.863000      9093.83        1.79667100e+00        2.52100389e-08  59.9340  59.2820
0202-05-13_00:30:22.055000      9094.02        1.80146600e+00        2.38468789e-08  59.9340  59.2820
0202-05-13_00:30:22.273000      9094.24        1.80678100e+00        1.95707389e-08  59.9340  59.2820
0202-05-13_00:30:22.490000      9094.46        1.81157700e+00        1.30630489e-08  59.9255  59.2960
0202-05-13_00:30:22.690000      9094.66        1.81653400e+00        1.13896489e-08  59.9255  59.2960
0202-05-13_00:30:22.883000      9094.85        1.82161500e+00        1.70296389e-08  59.9255  59.2960
0202-05-13_00:30:23.090000      9095.06        1.82660200e+00        1.60999689e-08  59.9255  59.2960
0202-05-13_00:30:23.290000      9095.26        1.83131100e+00        1.10797589e-08  59.9508  59.2865
0202-05-13_00:30:23.484000      9095.45        1.83649600e+00        9.15843895e-09  59.9508  59.2865
0202-05-13_00:30:23.688000      9095.66        1.84100600e+00        1.29390989e-08  59.9508  59.2865
0202-05-13_00:30:23.883000      9095.85        1.84622900e+00        1.51702989e-08  59.9508  59.2865
0202-05-13_00:30:24.074000      9096.04        1.85145600e+00        1.39307389e-08  59.9508  59.2865
0202-05-13_00:30:24.290000      9096.26        1.85619100e+00        1.15135989e-08  59.9508  59.2865
0202-05-13_00:30:24.492000      9096.46        1.86117900e+00        1.06459089e-08  59.9212  59.3073
0202-05-13_00:30:24.695000      9096.66        1.86640000e+00        1.61619489e-08  59.9212  59.3073
0202-05-13_00:30:24.900000      9096.86        1.87077400e+00        1.98186489e-08  59.9212  59.3073
0202-05-13_00:30:25.098000      9097.07        1.87599700e+00        1.42406289e-08  59.9212  59.3073
0202-05-13_00:30:25.293000      9097.26        1.88075200e+00        1.62239289e-08  59.9495  59.3026
0202-05-13_00:30:25.500000      9097.47        1.88551700e+00        1.69056889e-08  59.9495  59.3026
0202-05-13_00:30:25.690000      9097.66        1.89064500e+00        2.20498589e-08  59.9495  59.3026
0202-05-13_00:30:25.883000      9097.85        1.89598700e+00        2.27935989e-08  59.9495  59.3026
0202-05-13_00:30:26.090000      9098.06        1.90072700e+00        2.27935989e-08  59.9495  59.3026
0202-05-13_00:30:26.290000      9098.26        1.90559800e+00        2.39091989e-08  59.9495  59.3026
0202-05-13_00:30:26.496000      9098.46        1.91080200e+00        2.31034889e-08  59.9078  59.2556
0202-05-13_00:30:26.688000      9098.66        1.91585700e+00        2.24837089e-08  59.9078  59.2556
0202-05-13_00:30:26.883000      9098.85        1.92034300e+00        2.26076589e-08  59.9078  59.2556
0202-05-13_00:30:27.074000      9099.04        1.92558500e+00        2.32274389e-08  59.9078  59.2556
0202-05-13_00:30:27.280000      9099.25        1.93073300e+00        2.83096389e-08  59.9078  59.2556
0202-05-13_00:30:27.477000      9099.44        1.93528000e+00        3.10366689e-08  59.9547  59.2995
0202-05-13_00:30:27.680000      9099.65        1.94076200e+00        3.14706589e-08  59.9547  59.2995
0202-05-13_00:30:27.870000      9099.84        1.94549100e+00        2.99218089e-08  59.9547  59.2995
0202-05-13_00:30:28.062000      9100.03        1.95034600e+00        2.65754389e-08  59.9547  59.2995
0202-05-13_00:30:28.273000      9100.24        1.95583600e+00        2.75673889e-08  59.9547  59.2995
0202-05-13_00:30:28.470000      9100.44        1.96040200e+00        3.11001289e-08  59.9210  59.2898
0202-05-13_00:30:28.664000      9100.63        1.96499100e+00        3.68021189e-08  59.9210  59.2898
0202-05-13_00:30:28.867000      9100.83        1.97030400e+00        3.77317889e-08  59.9210  59.2898
0202-05-13_00:30:29.060000      9101.03        1.97549900e+00        3.68021189e-08  59.9210  59.2898
0202-05-13_00:30:29.277000      9101.24        1.98024500e+00        3.62443089e-08  59.9210  59.2898
0202-05-13_00:30:29.480000      9101.45        1.98559400e+00        3.56865089e-08  59.9531  59.3227
0202-05-13_00:30:29.670000      9101.64        1.99008900e+00        4.02728889e-08  59.9531  59.3227
0202-05-13_00:30:29.880000      9101.85        1.99477900e+00        4.33098089e-08  59.9531  59.3227
0202-05-13_00:30:30.074000      9102.04        2.00021200e+00        4.56029989e-08  59.9531  59.3227
0202-05-13_00:30:30.277000      9102.25        2.00515500e+00        4.39295889e-08  59.9531  59.3227
0202-05-13_00:30:30.473000      9102.44        2.01004800e+00        4.23801389e-08  59.9310  59.3129
0202-05-13_00:30:30.668000      9102.64        2.01483400e+00        4.54170589e-08  59.9310  59.3129
0202-05-13_00:30:30.875000      9102.84        2.01997800e+00        4.76482689e-08  59.9310  59.3129
0202-05-13_00:30:31.066000      9103.03        2.02469100e+00        4.68425589e-08  59.9310  59.3129
0202-05-13_00:30:31.285000      9103.25        2.02988200e+00        4.94456389e-08  59.9310  59.3129
0202-05-13_00:30:31.480000      9103.45        2.03494300e+00        4.91977189e-08  59.9527  59.2984
0202-05-13_00:30:31.670000      9103.64        2.03986300e+00        5.48377289e-08  59.9527  59.2984
0202-05-13_00:30:31.863000      9103.83        2.04448300e+00        5.80605889e-08  59.9527  59.2984
0202-05-13_00:30:32.062000      9104.03        2.04983000e+00        7.26254289e-08  59.9527  59.2984
0202-05-13_00:30:32.266000      9104.23        2.05463200e+00        7.34931189e-08  59.9527  59.2984
0202-05-13_00:30:32.457000      9104.43        2.05951200e+00        7.42368589e-08  59.9203  59.2824
0202-05-13_00:30:32.652000      9104.62        2.06467200e+00        7.02082789e-08  59.9203  59.2824
0202-05-13_00:30:32.844000      9104.81        2.06962800e+00        7.35550989e-08  59.9203  59.2824
0202-05-13_00:30:33.040000      9105.01        2.07391500e+00        7.30592689e-08  59.9203  59.2824
0202-05-13_00:30:33.277000      9105.24        2.07982000e+00        7.69019089e-08  59.9203  59.2824
0202-05-13_00:30:33.484000      9105.45        2.08422100e+00        8.08685089e-08  59.9308  59.2799
0202-05-13_00:30:33.676000      9105.64        2.08945900e+00        8.42154289e-08  59.9308  59.2799
0202-05-13_00:30:33.870000      9105.84        2.09448700e+00        9.05373589e-08  59.9308  59.2799
0202-05-13_00:30:34.074000      9106.04        2.09899300e+00        9.51859289e-08  59.9308  59.2799
0202-05-13_00:30:34.277000      9106.25        2.10421100e+00        1.00825989e-07  59.9308  59.2799
0202-05-13_00:30:34.470000      9106.44        2.10923800e+00        1.06713899e-07  59.9392  59.3042
0202-05-13_00:30:34.664000      9106.63        2.11382700e+00        1.17126219e-07  59.9392  59.3042
0202-05-13_00:30:34.860000      9106.83        2.11923700e+00        1.21650619e-07  59.9392  59.3042
0202-05-13_00:30:35.050000      9107.02        2.12392900e+00        1.21774569e-07  59.9392  59.3042
0202-05-13_00:30:35.270000      9107.24        2.12913800e+00        1.24377649e-07  59.9392  59.3042
0202-05-13_00:30:35.490000      9107.45        2.13448100e+00        1.30141609e-07  59.9469  59.3242
0202-05-13_00:30:35.688000      9107.66        2.13919000e+00        1.40367989e-07  59.9469  59.3242
0202-05-13_00:30:35.890000      9107.86        2.14370900e+00        1.52887559e-07  59.9469  59.3242
0202-05-13_00:30:36.094000      9108.06        2.14894400e+00        1.59271309e-07  59.9469  59.3242
0202-05-13_00:30:36.293000      9108.26        2.15384100e+00        1.65035269e-07  59.9107  59.2952
0202-05-13_00:30:36.484000      9108.45        2.15869400e+00        1.73588239e-07  59.9107  59.2952
0202-05-13_00:30:36.676000      9108.64        2.16378200e+00        1.84186489e-07  59.9107  59.2952
0202-05-13_00:30:36.870000      9108.84        2.16907200e+00        1.94722759e-07  59.9107  59.2952
0202-05-13_00:30:37.074000      9109.04        2.17330500e+00        2.08667829e-07  59.9107  59.2952
0202-05-13_00:30:37.293000      9109.26        2.17867000e+00        2.17220799e-07  59.9107  59.2952
0202-05-13_00:30:37.496000      9109.47        2.18377700e+00        2.23666519e-07  59.9346  59.2884
0202-05-13_00:30:37.690000      9109.66        2.18879500e+00        2.30422129e-07  59.9346  59.2884
0202-05-13_00:30:37.883000      9109.85        2.19347300e+00        2.40834439e-07  59.9346  59.2884
0202-05-13_00:30:38.074000      9110.04        2.19850800e+00        2.50750929e-07  59.9346  59.2884
0202-05-13_00:30:38.280000      9110.25        2.20349100e+00        2.71513589e-07  59.9205  59.2792
0202-05-13_00:30:38.477000      9110.44        2.20855800e+00        2.86388319e-07  59.9205  59.2792
0202-05-13_00:30:38.680000      9110.65        2.21367500e+00        3.03556249e-07  59.9205  59.2792
0202-05-13_00:30:38.870000      9110.84        2.21827700e+00        3.23823079e-07  59.9205  59.2792
0202-05-13_00:30:39.062000      9111.03        2.22347400e+00        3.39751439e-07  59.9205  59.2792
0202-05-13_00:30:39.260000      9111.23        2.22864900e+00        3.57849029e-07  59.9205  59.2792
0202-05-13_00:30:39.460000      9111.43        2.23314100e+00        3.79231469e-07  59.9494  59.3105
0202-05-13_00:30:39.652000      9111.62        2.23826700e+00        3.95717509e-07  59.9494  59.3105
0202-05-13_00:30:39.848000      9111.81        2.24354400e+00        4.15488329e-07  59.9494  59.3105
0202-05-13_00:30:40.050000      9112.02        2.24827500e+00        4.37552269e-07  59.9494  59.3105
0202-05-13_00:30:40.260000      9112.23        2.25320600e+00        4.55153979e-07  59.9494  59.3105
0202-05-13_00:30:40.470000      9112.44        2.25857700e+00        4.65318379e-07  59.9353  59.3150
0202-05-13_00:30:40.664000      9112.63        2.26314900e+00        4.93580369e-07  59.9353  59.3150
0202-05-13_00:30:40.855000      9112.82        2.26819000e+00        5.18929389e-07  59.9353  59.3150
0202-05-13_00:30:41.050000      9113.02        2.27308900e+00        5.45394019e-07  59.9353  59.3150
0202-05-13_00:30:41.266000      9113.23        2.27767800e+00        5.81651179e-07  59.9353  59.3150
0202-05-13_00:30:41.477000      9113.44        2.28324500e+00        6.05884589e-07  59.9602  59.3086
0202-05-13_00:30:41.680000      9113.65        2.28819400e+00        6.41769879e-07  59.9602  59.3086
0202-05-13_00:30:41.880000      9113.85        2.29314700e+00        6.64329889e-07  59.9602  59.3086
0202-05-13_00:30:42.082000      9114.05        2.29823800e+00        7.01454739e-07  59.9602  59.3086
0202-05-13_00:30:42.280000      9114.25        2.30322900e+00        7.24262669e-07  59.9602  59.3086
0202-05-13_00:30:42.477000      9114.44        2.30741000e+00        7.67523349e-07  59.9144  59.3089
0202-05-13_00:30:42.668000      9114.64        2.31319000e+00        8.01921159e-07  59.9144  59.3089
0202-05-13_00:30:42.863000      9114.83        2.31806900e+00        8.42392829e-07  59.9144  59.3089
0202-05-13_00:30:43.060000      9115.02        2.32252900e+00        8.94826259e-07  59.9144  59.3089
0202-05-13_00:30:43.280000      9115.25        2.32796200e+00        9.34058359e-07  59.9144  59.3089
0202-05-13_00:30:43.504000      9115.47        2.33276500e+00        9.78372669e-07  59.9424  59.2904
0202-05-13_00:30:43.695000      9115.66        2.33760900e+00        1.02745928e-06  59.9424  59.2904
0202-05-13_00:30:43.887000      9115.86        2.34276500e+00        1.06842677e-06  59.9424  59.2904
0202-05-13_00:30:44.082000      9116.05        2.34737200e+00        1.11187339e-06  59.9424  59.2904
0202-05-13_00:30:44.290000      9116.26        2.35240500e+00        1.17236396e-06  59.9375  59.2929
0202-05-13_00:30:44.484000      9116.45        2.35745800e+00        1.22182245e-06  59.9375  59.2929
0202-05-13_00:30:44.676000      9116.64        2.36236500e+00        1.27437983e-06  59.9375  59.2929
0202-05-13_00:30:44.883000      9116.85        2.36714800e+00        1.34032448e-06  59.9375  59.2929
0202-05-13_00:30:45.074000      9117.04        2.37253300e+00        1.39393549e-06  59.9375  59.2929
0202-05-13_00:30:45.285000      9117.25        2.37737300e+00        1.45163705e-06  59.9375  59.2929
0202-05-13_00:30:45.490000      9117.46        2.38220800e+00        1.52718829e-06  59.9372  59.3118
0202-05-13_00:30:45.690000      9117.66        2.38768500e+00        1.58383606e-06  59.9372  59.3118
0202-05-13_00:30:45.890000      9117.86        2.39208500e+00        1.66093653e-06  59.9372  59.3118
0202-05-13_00:30:46.086000      9118.05        2.39686800e+00        1.72725287e-06  59.9372  59.3118
0202-05-13_00:30:46.297000      9118.26        2.40204800e+00        1.81451795e-06  59.9372  59.3118
0202-05-13_00:30:46.492000      9118.46        2.40694500e+00        1.88641247e-06  59.9294  59.3075
0202-05-13_00:30:46.684000      9118.65        2.41196500e+00        1.95725337e-06  59.9294  59.3075
0202-05-13_00:30:46.890000      9118.86        2.41731400e+00        2.05895933e-06  59.9294  59.3075
0202-05-13_00:30:47.082000      9119.05        2.42221600e+00        2.13587408e-06  59.9294  59.3075
0202-05-13_00:30:47.280000      9119.25        2.42680200e+00        2.21421432e-06  59.9294  59.3075
0202-05-13_00:30:47.477000      9119.44        2.43195400e+00        2.32298577e-06  59.9526  59.3058
0202-05-13_00:30:47.668000      9119.64        2.43684400e+00        2.41390756e-06  59.9526  59.3058
0202-05-13_00:30:47.860000      9119.83        2.44179800e+00        2.50687461e-06  59.9526  59.3058
0202-05-13_00:30:48.066000      9120.04        2.44679500e+00        2.63814410e-06  59.9526  59.3058
0202-05-13_00:30:48.280000      9120.25        2.45184200e+00        2.70061796e-06  59.9526  59.3058
0202-05-13_00:30:48.480000      9120.45        2.45670400e+00        2.84242371e-06  59.9328  59.2827
0202-05-13_00:30:48.684000      9120.65        2.46132500e+00        2.94884000e-06  59.9328  59.2827
0202-05-13_00:30:48.883000      9120.85        2.46691300e+00        3.09306290e-06  59.9328  59.2827
0202-05-13_00:30:49.074000      9121.04        2.47212700e+00        3.20338381e-06  59.9328  59.2827
0202-05-13_00:30:49.293000      9121.26        2.47664200e+00        3.35343264e-06  59.9328  59.2827
0202-05-13_00:30:49.490000      9121.46        2.48190300e+00        3.46685244e-06  59.9489  59.2891
0202-05-13_00:30:49.690000      9121.66        2.48655400e+00        3.58516852e-06  59.9489  59.2891
0202-05-13_00:30:49.883000      9121.85        2.49189900e+00        3.74736504e-06  59.9489  59.2891
0202-05-13_00:30:50.074000      9122.04        2.49647100e+00        3.88415057e-06  59.9489  59.2891
0202-05-13_00:30:50.285000      9122.25        2.50158600e+00        4.02434490e-06  59.9489  59.2891
0202-05-13_00:30:50.484000      9122.45        2.50645400e+00        4.21232428e-06  59.9462  59.3069
0202-05-13_00:30:50.688000      9122.65        2.51147800e+00        4.35363421e-06  59.9462  59.3069
0202-05-13_00:30:50.890000      9122.86        2.51660800e+00        4.54378283e-06  59.9462  59.3069
0202-05-13_00:30:51.090000      9123.06        2.52137900e+00        4.69544309e-06  59.9462  59.3069
0202-05-13_00:30:51.297000      9123.26        2.52679600e+00        4.90889545e-06  59.9462  59.3069
0202-05-13_00:30:51.492000      9123.46        2.53137300e+00        5.07072001e-06  59.9521  59.3127
0202-05-13_00:30:51.690000      9123.66        2.53609900e+00        5.24041558e-06  59.9521  59.3127
0202-05-13_00:30:51.895000      9123.86        2.54143300e+00        5.47078754e-06  59.9521  59.3127
0202-05-13_00:30:52.090000      9124.06        2.54630600e+00        5.65201110e-06  59.9521  59.3127
0202-05-13_00:30:52.310000      9124.28        2.55061300e+00        5.90339399e-06  59.9521  59.3127
0202-05-13_00:30:52.504000      9124.47        2.55615000e+00        6.09781906e-06  59.9350  59.2995
0202-05-13_00:30:52.695000      9124.66        2.56134600e+00        6.29397952e-06  59.9350  59.2995
0202-05-13_00:30:52.900000      9124.87        2.56574400e+00        6.57436812e-06  59.9350  59.2995
0202-05-13_00:30:53.094000      9125.06        2.57046900e+00        6.78174661e-06  59.9350  59.2995
0202-05-13_00:30:53.290000      9125.26        2.57619200e+00        7.00139674e-06  59.9169  59.3082
0202-05-13_00:30:53.496000      9125.46        2.58068200e+00        7.29876732e-06  59.9169  59.3082
0202-05-13_00:30:53.688000      9125.66        2.58595300e+00        7.53230053e-06  59.9169  59.3082
0202-05-13_00:30:53.883000      9125.85        2.59077800e+00        7.77742363e-06  59.9169  59.3082
0202-05-13_00:30:54.082000      9126.05        2.59589700e+00        8.02688519e-06  59.9169  59.3082
0202-05-13_00:30:54.290000      9126.26        2.60044700e+00        8.29698544e-06  59.9169  59.3082
0202-05-13_00:30:54.484000      9126.45        2.60614500e+00        8.57830371e-06  59.9140  59.2976
0202-05-13_00:30:54.676000      9126.64        2.61096700e+00        8.95884882e-06  59.9140  59.2976
0202-05-13_00:30:54.867000      9126.84        2.61555500e+00        9.23545672e-06  59.9140  59.2976
0202-05-13_00:30:55.062000      9127.03        2.62073700e+00        9.51169282e-06  59.9140  59.2976
0202-05-13_00:30:55.280000      9127.25        2.62609500e+00        9.91362032e-06  59.9140  59.2976
0202-05-13_00:30:55.473000      9127.44        2.63044000e+00        1.02191100e-05  59.9375  59.2973
0202-05-13_00:30:55.664000      9127.63        2.63550000e+00        1.05245997e-05  59.9375  59.2973
0202-05-13_00:30:55.860000      9127.83        2.64075500e+00        1.09303698e-05  59.9375  59.2973
0202-05-13_00:30:56.050000      9128.02        2.64596000e+00        1.12571800e-05  59.9375  59.2973
0202-05-13_00:30:56.270000      9128.24        2.65055500e+00        1.15862213e-05  59.9375  59.2973
0202-05-13_00:30:56.484000      9128.45        2.65556700e+00        1.20287444e-05  59.9234  59.3118
0202-05-13_00:30:56.684000      9128.65        2.66034500e+00        1.24708957e-05  59.9234  59.3118
0202-05-13_00:30:56.880000      9128.85        2.66522300e+00        1.28029120e-05  59.9234  59.3118
0202-05-13_00:30:57.086000      9129.05        2.67038300e+00        1.31615168e-05  59.9234  59.3118
0202-05-13_00:30:57.280000      9129.25        2.67498700e+00        1.36591384e-05  59.9234  59.3118
0202-05-13_00:30:57.480000      9129.45        2.67972000e+00        1.40478023e-05  59.9481  59.3024
0202-05-13_00:30:57.688000      9129.65        2.68508800e+00        1.44434071e-05  59.9481  59.3024
0202-05-13_00:30:57.883000      9129.85        2.68978000e+00        1.49874489e-05  59.9481  59.3024
0202-05-13_00:30:58.074000      9130.04        2.69493300e+00        1.54036926e-05  59.9481  59.3024
0202-05-13_00:30:58.285000      9130.25        2.70000900e+00        1.59767414e-05  59.9481  59.3024
0202-05-13_00:30:58.480000      9130.45        2.70479900e+00        1.64037079e-05  59.9361  59.2965
0202-05-13_00:30:58.676000      9130.64        2.71009500e+00        1.68500736e-05  59.9361  59.2965
0202-05-13_00:30:58.867000      9130.84        2.71511100e+00        1.74512603e-05  59.9361  59.2965
0202-05-13_00:30:59.062000      9131.03        2.72022100e+00        1.79371679e-05  59.9361  59.2965
0202-05-13_00:30:59.280000      9131.25        2.72492300e+00        1.84128492e-05  59.9361  59.2965
0202-05-13_00:30:59.477000      9131.44        2.72982700e+00        1.90578543e-05  59.9514  59.3074
0202-05-13_00:30:59.680000      9131.65        2.73465500e+00        2.04071157e-05  59.9514  59.3074