# Tc = 0.00 K, f37-anneal300K256h
#datetime                        t_s     iHTS_A                vHTS_V                tHTS_K  tTAR_K
0202-05-12_02:42:47.110000      9809.76        1.98291000e-03       -3.87363500e-09  75.1681  73.6881
0202-05-12_02:42:48.402000      9811.05        2.34949500e-03        1.17758500e-09  75.1249  73.6407
0202-05-12_02:42:49.670000      9812.32        2.14230800e-03       -7.43735000e-10  75.1318  73.6442
0202-05-12_02:42:50.950000      9813.60        2.03685900e-03        1.45687500e-09  75.0872  73.6619
0202-05-12_02:42:52.220000      9814.87        2.09177200e-03       -4.15253500e-09  75.0715  73.6508
0202-05-12_02:42:53.490000      9816.14        2.09615100e-03       -1.27055000e-09  75.1188  73.6999
0202-05-12_02:42:54.758000      9817.41        1.83278800e-03       -1.23956500e-09  75.0665  73.6753
0202-05-12_02:42:56.030000      9818.68        2.19084000e-03       -3.71935000e-10  75.0577  73.6556
0202-05-12_02:42:57.312000      9819.96        2.37992100e-03       -3.47077500e-09  75.1097  73.7099
0202-05-12_02:42:58.586000      9821.23        2.28805200e-03       -5.48506500e-09  75.0181  73.6507
0202-05-12_02:42:59.855000      9822.50        2.35023800e-03        8.98680000e-10  75.0421  73.6742
0202-05-12_02:43:01.125000      9823.77        2.20946600e-03       -1.73538500e-09  75.0043  73.6985
0202-05-12_02:43:02.414000      9825.06        1.93393300e-03        2.20027500e-09  75.0018  73.7124
0202-05-12_02:43:03.688000      9826.34        1.95738300e-03       -2.44814000e-09  74.9940  73.6970
0202-05-12_02:43:04.970000      9827.62        2.55423500e-03       -2.69605000e-09  75.0409  73.7193
0202-05-12_02:43:06.242000      9828.89        2.02877100e-03       -3.47077500e-09  74.9839  73.7288
0202-05-12_02:43:07.510000      9830.16        2.39016200e-03       -1.92132000e-09  75.0081  73.7834
0202-05-12_02:43:08.790000      9831.44        2.15811500e-03       -1.79736000e-09  74.9900  73.7701
0202-05-12_02:43:10.080000      9832.73        2.47431400e-03       -8.95583500e-09  74.9494  73.7628
0202-05-12_02:43:11.367000      9834.02        2.07678300e-03       -3.50176000e-09  74.9873  73.7968
0202-05-12_02:43:12.668000      9835.32        2.21822300e-03       -2.32418000e-09  74.9880  73.8090
0202-05-12_02:43:13.957000      9836.61        2.39335300e-03       -6.19250000e-11  74.9494  73.7973
0202-05-12_02:43:15.240000      9837.89        2.44759900e-03       -4.46242500e-09  74.9727  73.8298
0202-05-12_02:43:16.516000      9839.16        2.24620000e-03        2.69604500e-09  74.9297  73.7850
0202-05-12_02:43:17.785000      9840.43        2.24471600e-03       -3.16088000e-09  74.9223  73.7949
0202-05-12_02:43:19.066000      9841.71        2.01140700e-03       -1.20857500e-09  74.9630  73.8833
0202-05-12_02:43:20.387000      9843.04        2.21458700e-03        1.17752500e-09  74.9057  73.8391
0202-05-12_02:43:21.680000      9844.33        2.46793200e-03        2.51011000e-09  74.9287  73.8975
0202-05-12_02:43:22.960000      9845.61        2.07975200e-03       -1.73538500e-09  74.9697  73.9534
0202-05-12_02:43:24.230000      9846.88        2.11574300e-03        2.75802500e-09  74.9299  73.9036
0202-05-12_02:43:25.510000      9848.16        2.13726300e-03        3.03692000e-09  74.9524  73.9561
0202-05-12_02:43:26.793000      9849.44        2.18868900e-03        2.13824500e-09  74.9374  73.9647
0202-05-12_02:43:28.066000      9850.71        2.08361000e-03       -1.85934000e-09  74.9233  73.9422
0202-05-12_02:43:29.348000      9852.00        2.29109500e-03       -2.44813500e-09  74.9514  73.9884
0202-05-12_02:43:30.620000      9853.27        2.08479800e-03       -2.01428500e-09  74.9529  74.0223
0202-05-12_02:43:31.890000      9854.54        2.39038500e-03       -1.95242000e-09  74.9243  73.9997
0202-05-12_02:43:33.170000      9855.82        2.12123300e-03       -1.23956000e-09  74.9568  74.0676
0202-05-12_02:43:34.445000      9857.09        2.29250400e-03       -1.64242000e-09  74.9473  74.0281
0202-05-12_02:43:35.710000      9858.36        2.16308600e-03        2.78900000e-10  74.9427  74.0251
0202-05-12_02:43:37             9859.65        2.10898900e-03        1.98324000e-09  74.9885  74.1020
0202-05-12_02:43:38.270000      9860.92        1.98187100e-03        6.50770000e-10  74.9651  74.0753
0202-05-12_02:43:39.555000      9862.20        2.37146100e-03        4.95825000e-10  75.0308  74.1342
0202-05-12_02:43:40.824000      9863.47        2.16516400e-03       -2.20022500e-09  74.9921  74.1373
0202-05-12_02:43:42.090000      9864.74        2.18393900e-03       -2.13824500e-09  74.9710  74.1149
0202-05-12_02:43:43.370000      9866.02        2.30504500e-03        1.85923500e-09  74.9869  74.1620
0202-05-12_02:43:44.652000      9867.30        2.43134600e-03       -2.07626500e-09  74.9838  74.1107
0202-05-12_02:43:45.950000      9868.60        2.23566100e-03       -8.98685000e-10  74.9624  74.1581
0202-05-12_02:43:47.240000      9869.89        2.17941200e-03        2.38616000e-09  75.0531  74.2234
0202-05-12_02:43:48.508000      9871.16        2.29391400e-03        1.14659500e-09  75.0132  74.1952
0202-05-12_02:43:49.785000      9872.44        2.40411200e-03       -6.19780000e-10  75.0109  74.1937
0202-05-12_02:43:51.074000      9873.72        2.31847600e-03       -4.67935000e-09  75.0247  74.2504
0202-05-12_02:43:52.340000      9874.99        2.08257000e-03       -1.51846500e-09  75.0452  74.2524
0202-05-12_02:43:53.613000      9876.26        2.28968400e-03        2.04528000e-09  75.0641  74.2791
0202-05-12_02:43:54.883000      9877.53        2.40656100e-03       -3.50195000e-09  75.0920  74.3043
0202-05-12_02:43:56.156000      9878.81        2.39832300e-03        3.43978500e-09  75.0318  74.2855
0202-05-12_02:43:57.438000      9880.09        2.45613100e-03        9.91650000e-10  75.0868  74.3338
0202-05-12_02:43:58.707000      9881.36        2.52106200e-03       -1.58044500e-09  75.1145  74.3640
0202-05-12_02:43:59.990000      9882.64        1.96064800e-03        1.61143000e-09  75.0588  74.3301
0202-05-12_02:44:01.300000      9883.95        2.32678700e-03        4.95635000e-10  75.1094  74.3396
0202-05-12_02:44:02.598000      9885.25        2.32300300e-03       -2.44814000e-09  75.0946  74.3765
0202-05-12_02:44:03.870000      9886.52        2.25933300e-03        1.98330500e-09  75.1106  74.3875
0202-05-12_02:44:05.140000      9887.79        2.08865600e-03        3.09850000e-11  75.1351  74.3994
0202-05-12_02:44:06.418000      9889.07        2.36767600e-03        4.89655500e-09  75.1175  74.4146
0202-05-12_02:44:07.707000      9890.36        2.04517000e-03        3.87363500e-09  75.1324  74.4297
0202-05-12_02:44:09.004000      9891.65        2.41628200e-03       -4.61737000e-09  75.1540  74.4479
0202-05-12_02:44:10.285000      9892.94        2.03975300e-03        2.26220000e-09  75.1480  74.4725
0202-05-12_02:44:11.570000      9894.22        2.13310600e-03       -4.40045000e-09  75.1860  74.4555
0202-05-12_02:44:12.840000      9895.49        2.55282400e-03       -6.29099500e-09  75.1828  74.4856
0202-05-12_02:44:14.130000      9896.78        2.36597000e-03       -1.54945000e-10  75.1685  74.4909
0202-05-12_02:44:15.418000      9898.07        2.38778700e-03       -1.14659500e-09  75.1928  74.5070
0202-05-12_02:44:16.707000      9899.36        2.49175200e-03       -2.04527500e-09  75.2193  74.5442
0202-05-12_02:44:17.990000      9900.64        2.34341100e-03       -4.33825000e-10  75.1764  74.5236
0202-05-12_02:44:19.266000      9901.92        2.46526000e-03        1.08462000e-09  75.2594  74.5753
0202-05-12_02:44:20.547000      9903.20        2.51112000e-03        1.20857500e-09  75.2194  74.5572
0202-05-12_02:44:21.820000      9904.47        2.27143000e-03       -3.31583000e-09  75.2105  74.5722
0202-05-12_02:44:23.094000      9905.74        2.49427500e-03        1.67341000e-09  75.2480  74.6117
0202-05-12_02:44:24.387000      9907.04        2.31766100e-03        4.83466500e-09  75.2426  74.6342
0202-05-12_02:44:25.660000      9908.31        2.19878100e-03        2.82000500e-09  75.2742  74.6483
0202-05-12_02:44:26.945000      9909.59        2.23417800e-03       -6.50770000e-10  75.3103  74.6754
0202-05-12_02:44:28.210000      9910.86        2.28137400e-03       -1.39450500e-09  75.2994  74.6802
0202-05-12_02:44:29.480000      9912.13        1.93341400e-03        7.12745000e-10  75.2919  74.6735
0202-05-12_02:44:30.758000      9913.41        2.05793500e-03       -6.50770000e-10  75.3371  74.7091
0202-05-12_02:44:32.047000      9914.70        2.37546900e-03       -1.89033000e-09  75.3286  74.7055
0202-05-12_02:44:33.340000      9915.99        2.09303500e-03        6.81760000e-10  75.3524  74.7386
0202-05-12_02:44:34.633000      9917.28        2.11663300e-03        3.25385000e-09  75.3496  74.7517
0202-05-12_02:44:35.970000      9918.62        2.45568700e-03        1.23923500e-09  75.3435  74.7510
0202-05-12_02:44:37.258000      9919.91        2.40441000e-03       -1.14659500e-09  75.4159  74.8000
0202-05-12_02:44:38.530000      9921.18        2.50956200e-03        1.85934500e-09  75.3848  74.7831
0202-05-12_02:44:39.800000      9922.45        2.59445500e-03        3.28484000e-09  75.4005  74.8215
0202-05-12_02:44:41.090000      9923.74        2.54325200e-03        1.27055000e-09  75.4194  74.7823
0202-05-12_02:44:42.395000      9925.04        2.38830600e-03        1.14657000e-09  75.4048  74.8454
0202-05-12_02:44:43.664000      9926.32        2.23306400e-03       -6.81760000e-10  75.4049  74.8312
0202-05-12_02:44:44.960000      9927.61        2.11603900e-03       -3.43978500e-09  75.4734  74.8503
0202-05-12_02:44:46.234000      9928.89        2.26222800e-03        1.08461500e-09  75.4494  74.8528
0202-05-12_02:44:47.527000      9930.18        2.27974100e-03       -3.11550000e-11  75.5054  74.8678
0202-05-12_02:44:48.797000      9931.45        2.06542900e-03       -1.67341000e-09  75.5099  74.9029
0202-05-12_02:44:50.070000      9932.72        2.20620100e-03        3.40880000e-10  75.4870  74.8895
0202-05-12_02:44:51.367000      9934.01        2.30838500e-03        7.74730000e-10  75.5110  74.8932
0202-05-12_02:44:52.633000      9935.28        2.56952100e-03        1.85934500e-09  75.5318  74.9417
0202-05-12_02:44:53.957000      9936.61        2.49108400e-03        3.44000000e-09  75.5207  74.9519
0202-05-12_02:44:55.240000      9937.89        2.28849700e-03       -3.40880000e-10  75.5391  74.9598
0202-05-12_02:44:56.508000      9939.16        2.31038800e-03        2.94396000e-09  75.5501  74.9705
0202-05-12_02:44:57.790000      9940.44        2.43810000e-03       -1.82835500e-09  75.5757  74.9828
0202-05-12_02:44:59.062000      9941.71        2.15381000e-03       -3.71680000e-10  75.6003  75.0123
0202-05-12_02:45:00.363000      9943.01        2.30794000e-03       -8.36705000e-10  75.5964  75.0307
0202-05-12_02:45:01.637000      9944.29        2.50028600e-03        5.33011500e-09  75.5828  75.0197
0202-05-12_02:45:02.934000      9945.58        2.38229600e-03        2.82000500e-09  75.6013  75.0313
0202-05-12_02:45:04.220000      9946.87        2.43298000e-03        3.37780500e-09  75.5962  75.0433
0202-05-12_02:45:05.490000      9948.14        2.36418900e-03       -3.47093000e-09  75.6380  75.0485
0202-05-12_02:45:06.770000      9949.42        2.34623100e-03       -5.88795000e-10  75.6656  75.0752
0202-05-12_02:45:08.040000      9950.69        2.39216500e-03       -9.29670000e-10  75.6488  75.0926
0202-05-12_02:45:09.330000      9951.98        2.38274100e-03        6.50770500e-09  75.6715  75.1207
0202-05-12_02:45:10.605000      9953.26        2.21911300e-03       -1.20853500e-09  75.7170  75.1307
0202-05-12_02:45:11.875000      9954.52        1.93987000e-03       -3.40880000e-10  75.6808  75.1296
0202-05-12_02:45:13.150000      9955.80        1.80399600e-03        3.09890000e-10  75.7288  75.1605
0202-05-12_02:45:14.418000      9957.07        1.82655500e-03       -9.29700000e-11  75.6977  75.1242
0202-05-12_02:45:15.690000      9958.34        2.31795800e-03       -2.69605000e-09  75.7404  75.1764
0202-05-12_02:45:16.980000      9959.63        2.19737100e-03        3.87283500e-09  75.7209  75.1784
0202-05-12_02:45:18.260000      9960.91        2.28753300e-03        1.79736500e-09  75.7321  75.1770
0202-05-12_02:45:19.535000      9962.19        2.22267600e-03       -8.05715000e-10  75.7922  75.1829
0202-05-12_02:45:20.805000      9963.45        2.20657300e-03        2.78901500e-09  75.7830  75.2304
0202-05-12_02:45:22.090000      9964.74        2.36389300e-03        3.25385500e-09  75.7753  75.2173
0202-05-12_02:45:23.375000      9966.02        2.29020400e-03       -2.78975000e-10  75.7743  75.2039
0202-05-12_02:45:24.656000      9967.30        2.51913500e-03        1.98330000e-09  75.8372  75.2591
0202-05-12_02:45:25.934000      9968.58        2.40893600e-03        5.39210500e-09  75.8154  75.2429
0202-05-12_02:45:27.200000      9969.85        2.36033000e-03        2.60308000e-09  75.8328  75.2676
0202-05-12_02:45:28.480000      9971.13        2.52432900e-03       -1.33250500e-09  75.8328  75.2911
0202-05-12_02:45:29.766000      9972.41        2.54258500e-03        1.48747500e-09  75.8730  75.3054
0202-05-12_02:45:31.040000      9973.69        2.70858800e-03        5.26815000e-10  75.9017  75.3244
0202-05-12_02:45:32.355000      9975.01        2.53442200e-03        2.20022500e-09  75.8628  75.2944
0202-05-12_02:45:33.633000      9976.28        2.22126600e-03       -3.25385500e-09  75.8466  75.3180
0202-05-12_02:45:34.938000      9977.59        2.26289600e-03       -1.14672000e-09  75.9223  75.3540
0202-05-12_02:45:36.207000      9978.85        2.14431200e-03       -1.51847000e-09  75.8980  75.3534
0202-05-12_02:45:37.492000      9980.14        2.28204200e-03       -4.58638500e-09  75.9208  75.3706
0202-05-12_02:45:38.785000      9981.43        2.48596400e-03        4.58638500e-09  75.9415  75.3792
0202-05-12_02:45:40.070000      9982.72        2.39825100e-03        3.37787000e-09  75.9489  75.3775
0202-05-12_02:45:41.350000      9984.00        2.48195800e-03       -2.32418000e-09  75.9222  75.3731
0202-05-12_02:45:42.630000      9985.28        2.09852700e-03        1.36352000e-09  75.9992  75.4247
0202-05-12_02:45:43.910000      9986.56        2.16397800e-03       -5.33012500e-09  75.9721  75.4244
0202-05-12_02:45:45.188000      9987.84        2.57857600e-03        2.72704000e-09  75.9950  75.4402
0202-05-12_02:45:46.460000      9989.11        2.31476800e-03       -3.07600000e-11  76.0079  75.4657
0202-05-12_02:45:47.730000      9990.38        2.42259200e-03       -7.74730000e-10  76.0269  75.4744
0202-05-12_02:45:49.008000      9991.66        2.40470700e-03        3.81165500e-09  76.0537  75.4792
0202-05-12_02:45:50.280000      9992.93        2.36782600e-03        2.82000500e-09  75.9951  75.4661
0202-05-12_02:45:51.566000      9994.21        2.28619700e-03        5.29913500e-09  76.0568  75.4884
0202-05-12_02:45:52.836000      9995.49        2.48678100e-03        1.14659500e-09  76.0788  75.5156
0202-05-12_02:45:54.105000      9996.76        2.22260200e-03        2.04528000e-09  76.1094  75.5432
0202-05-12_02:45:55.380000      9998.03        2.50451600e-03       -2.13824500e-09  76.0898  75.5428
0202-05-12_02:45:56.652000      9999.30        2.26527100e-03       -1.67341000e-09  76.1042  75.5301
0202-05-12_02:45:57.940000      10000.59        2.36478300e-03        2.20018000e-09  76.1147  75.5844
0202-05-12_02:45:59.215000      10001.87        2.42459500e-03       -1.64242000e-09  76.1294  75.5702
0202-05-12_02:46:00.484000      10003.13        2.10579800e-03       -3.71870000e-10  76.1191  75.5668
0202-05-12_02:46:01.754000      10004.40        2.46362800e-03       -2.16925000e-10  76.1242  75.5826
0202-05-12_02:46:03.030000      10005.68        2.42385300e-03       -6.19780000e-10  76.1669  75.5970
0202-05-12_02:46:04.332000      10006.98        2.19907800e-03        2.04525000e-09  76.1560  75.6211
0202-05-12_02:46:05.613000      10008.26        2.35691900e-03        5.67100000e-09  76.1902  75.6274
0202-05-12_02:46:06.906000      10009.56        2.06758200e-03        5.20616500e-09  76.2254  75.6325
0202-05-12_02:46:08.190000      10010.84        2.34259700e-03        1.54945500e-09  76.1970  75.6436
0202-05-12_02:46:09.473000      10012.12        2.17407100e-03       -5.26825000e-10  76.2204  75.6594
0202-05-12_02:46:10.754000      10013.40        2.07975300e-03        4.89627500e-09  76.2151  75.6529
0202-05-12_02:46:12.023000      10014.67        2.13496300e-03       -4.64835000e-10  76.2392  75.6872
0202-05-12_02:46:13.305000      10015.95        2.56781800e-03        1.30154000e-09  76.2407  75.6684
0202-05-12_02:46:14.600000      10017.25        2.40040500e-03       -4.36946000e-09  76.2954  75.6866
0202-05-12_02:46:15.887000      10018.54        2.34905300e-03        1.92133000e-09  76.3032  75.7040
0202-05-12_02:46:17.176000      10019.82        2.38304000e-03        1.76637500e-09  76.3235  75.7234
0202-05-12_02:46:18.465000      10021.12        2.43839800e-03        3.40880000e-09  76.2967  75.7187
0202-05-12_02:46:19.758000      10022.41        2.43884300e-03       -3.06792000e-09  76.3458  75.7564
0202-05-12_02:46:21.043000      10023.69        2.41368600e-03        2.44807000e-09  76.3504  75.7564
0202-05-12_02:46:22.344000      10024.99        2.54147200e-03       -2.13825000e-09  76.3384  75.7567
0202-05-12_02:46:23.640000      10026.29        2.58688600e-03        3.56374500e-09  76.3400  75.7910
0202-05-12_02:46:24.914000      10027.56        2.77952900e-03       -1.23960000e-10  76.3580  75.7725
0202-05-12_02:46:26.203000      10028.85        2.55839000e-03        3.34682500e-09  76.3765  75.8050
0202-05-12_02:46:27.477000      10030.13        2.45234700e-03       -2.04499500e-09  76.3895  75.8082
0202-05-12_02:46:28.758000      10031.41        2.54347400e-03        1.20857500e-09  76.4109  75.8300
0202-05-12_02:46:30.035000      10032.68        2.28167000e-03        1.73539000e-09  76.3883  75.7990
0202-05-12_02:46:31.310000      10033.96        2.64142800e-03       -3.37781000e-09  76.4161  75.8244
0202-05-12_02:46:32.590000      10035.24        2.51787200e-03       -1.45648500e-09  76.4139  75.8487
0202-05-12_02:46:33.875000      10036.53        2.82813400e-03        1.54945500e-09  76.4680  75.8770
0202-05-12_02:46:35.150000      10037.80        2.01867800e-03        3.09900000e-11  76.4603  75.8688
0202-05-12_02:46:36.420000      10039.07        2.59809100e-03       -4.02860000e-10  76.4662  75.8855
0202-05-12_02:46:37.695000      10040.34        2.49130700e-03       -1.58044500e-09  76.4761  75.8679
0202-05-12_02:46:38.970000      10041.62        2.57278700e-03        6.16725500e-09  76.4932  75.8996
0202-05-12_02:46:40.258000      10042.91        2.80245900e-03       -3.09895000e-10  76.4505  75.8907
0202-05-12_02:46:41.535000      10044.18        2.55252800e-03        1.48747500e-09  76.5089  75.9402
0202-05-12_02:46:42.805000      10045.45        2.52462600e-03        2.35516500e-09  76.5599  75.9467
0202-05-12_02:46:44.090000      10046.74        2.36255600e-03        4.55539000e-09  76.5279  75.9466
0202-05-12_02:46:45.363000      10048.01        2.26252500e-03        9.29710000e-10  76.5607  75.9381
0202-05-12_02:46:46.650000      10049.30        2.59260000e-03        9.60660000e-10  76.5764  76.0045
0202-05-12_02:46:47.940000      10050.59        2.33688100e-03       -2.32418000e-09  76.5612  75.9771
0202-05-12_02:46:49.227000      10051.87        2.41405700e-03       -1.70440000e-09  76.5722  76.0016
0202-05-12_02:46:50.516000      10053.17        2.00376300e-03        1.51843500e-09  76.5680  76.0166
0202-05-12_02:46:51.785000      10054.43        2.07856400e-03       -5.79495000e-09  76.5988  76.0480
0202-05-12_02:46:53.066000      10055.71        2.05133000e-03        2.20022500e-09  76.6341  76.0445
0202-05-12_02:46:54.336000      10056.99        2.22312000e-03        4.64840000e-10  76.6115  76.0440
0202-05-12_02:46:55.633000      10058.28        2.41717300e-03        3.81165500e-09  76.6499  76.0449
0202-05-12_02:46:56.926000      10059.57        2.49954300e-03       -3.44007500e-09  76.6672  76.0806
0202-05-12_02:46:58.210000      10060.86        2.47178900e-03        6.81760000e-10  76.6654  76.0959
0202-05-12_02:46:59.477000      10062.13        2.39743400e-03       -2.26220000e-09  76.6526  76.0859
0202-05-12_02:47:00.758000      10063.41        2.33428300e-03       -1.23956500e-09  76.6559  76.0937
0202-05-12_02:47:02.030000      10064.68        2.19106300e-03       -1.27056500e-09  76.6891  76.1021
0202-05-12_02:47:03.320000      10065.97        2.05199800e-03       -3.47077500e-09  76.6966  76.1053
0202-05-12_02:47:04.594000      10067.24        2.23091200e-03        1.23955000e-10  76.7097  76.1266
0202-05-12_02:47:05.863000      10068.51        2.28834900e-03        1.39451000e-09  76.7097  76.1251
0202-05-12_02:47:07.140000      10069.79        2.62450900e-03        2.60308000e-09  76.7210  76.1566
0202-05-12_02:47:08.414000      10071.06        2.35958800e-03        9.29400000e-11  76.7180  76.1729
0202-05-12_02:47:09.684000      10072.33        2.66673300e-03       -4.64840000e-10  76.7460  76.1590
0202-05-12_02:47:10.960000      10073.61        2.53605400e-03        2.47915000e-10  76.7547  76.1887
0202-05-12_02:47:12.230000      10074.88        2.66628800e-03        4.64836000e-09  76.7748  76.1931
0202-05-12_02:47:13.508000      10076.16        2.61812800e-03        6.44572500e-09  76.7736  76.2000
0202-05-12_02:47:14.793000      10077.44        2.51446000e-03        8.05715000e-10  76.7755  76.1938
0202-05-12_02:47:16.066000      10078.72        2.56915100e-03        5.57803500e-09  76.8072  76.2337
0202-05-12_02:47:17.363000      10080.01        2.45576100e-03        2.07627000e-09  76.8047  76.2109
0202-05-12_02:47:18.664000      10081.31        2.32018400e-03       -4.52440500e-09  76.8405  76.2513
0202-05-12_02:47:19.953000      10082.60        2.15284600e-03        5.64021000e-09  76.8427  76.2686
0202-05-12_02:47:21.240000      10083.89        2.20842700e-03       -2.01429000e-09  76.8499  76.2561
0202-05-12_02:47:22.508000      10085.16        2.15477500e-03        6.81760000e-10  76.8203  76.2606
0202-05-12_02:47:23.773000      10086.42        2.27135500e-03        2.01429000e-09  76.9042  76.3251
0202-05-12_02:47:25.066000      10087.71        2.20338100e-03        6.19780000e-10  76.8973  76.2955
0202-05-12_02:47:26.340000      10088.99        2.26475100e-03       -2.60311000e-09  76.8670  76.2866
0202-05-12_02:47:27.620000      10090.27        2.34148200e-03       -3.65671000e-09  76.9150  76.3094
0202-05-12_02:47:28.895000      10091.54        2.09696800e-03       -3.53275500e-09  76.9209  76.3312
0202-05-12_02:47:30.164000      10092.81        2.03745400e-03       -2.16923500e-09  76.9255  76.3487
0202-05-12_02:47:31.445000      10094.09        2.48440700e-03       -2.91303500e-09  76.9291  76.3483
0202-05-12_02:47:32.730000      10095.38        2.42021700e-03        4.86528500e-09  76.9330  76.3668
0202-05-12_02:47:34.004000      10096.65        2.57746300e-03        7.59232500e-09  76.9607  76.3678
0202-05-12_02:47:35.285000      10097.93        2.23863100e-03       -3.96660500e-09  76.9692  76.3638
0202-05-12_02:47:36.555000      10099.20        2.12205000e-03       -1.48747500e-09  76.9698  76.3829
0202-05-12_02:47:37.824000      10100.48        1.79256800e-03        5.88955000e-10  76.9506  76.4070
0202-05-12_02:47:39.113000      10101.76        2.06580100e-03        0.00000000e+00  77.0089  76.4199
0202-05-12_02:47:40.410000      10103.06        2.10438900e-03        1.02264000e-09  76.9458  76.3881
0202-05-12_02:47:41.684000      10104.33        2.07040200e-03       -3.40875000e-10  77.0411  76.4608
0202-05-12_02:47:42.980000      10105.63        1.99916300e-03        4.34135000e-10  77.0436  76.4555
0202-05-12_02:47:44.254000      10106.90        2.36404200e-03        6.19800000e-11  77.0600  76.4712
0202-05-12_02:47:45.530000      10108.18        2.15351500e-03       -3.90462000e-09  77.0768  76.4826
0202-05-12_02:47:46.800000      10109.45        2.07856500e-03        1.89033500e-09  77.0450  76.4613
0202-05-12_02:47:48.066000      10110.72        2.25124600e-03        4.95825000e-10  77.0389  76.4776
0202-05-12_02:47:49.380000      10112.03        2.04287100e-03        7.43805000e-10  77.0731  76.5211
0202-05-12_02:47:50.668000      10113.32        2.08732100e-03       -4.09055500e-09  77.0724  76.4815
0202-05-12_02:47:51.960000      10114.61        1.95701200e-03        5.57803000e-09  77.1243  76.5269
0202-05-12_02:47:53.234000      10115.88        2.45479700e-03        2.41714500e-09  77.1371  76.5629
0202-05-12_02:47:54.500000      10117.15        2.17963500e-03        1.64242000e-09  77.1231  76.5590
0202-05-12_02:47:55.790000      10118.44        2.59616200e-03        2.32417500e-09  77.1100  76.5427
0202-05-12_02:47:57.070000      10119.72        2.56870500e-03        2.38615500e-09  77.1528  76.5710
0202-05-12_02:47:58.363000      10121.01        2.26794200e-03        2.16923000e-09  77.1311  76.5513
0202-05-12_02:47:59.656000      10122.31        2.39528200e-03       -3.71865000e-10  77.1777  76.5957
0202-05-12_02:48:00.934000      10123.58        2.30504500e-03       -3.40955000e-10  77.2100  76.6016
0202-05-12_02:48:02.223000      10124.87        2.43668900e-03       -3.25385000e-09  77.1737  76.5987
0202-05-12_02:48:03.492000      10126.14        2.47312500e-03        4.95820000e-10  77.2369  76.6271
0202-05-12_02:48:04.758000      10127.41        2.18720400e-03       -1.11560500e-09  77.2329  76.6455
0202-05-12_02:48:06.050000      10128.70        2.36686000e-03       -1.05362500e-09  77.2373  76.6588
0202-05-12_02:48:07.324000      10129.97        2.24174600e-03       -1.39459500e-09  77.2292  76.6367
0202-05-12_02:48:08.600000      10131.25        2.32307700e-03       -3.09890500e-09  77.2906  76.6823
0202-05-12_02:48:09.867000      10132.52        1.94424800e-03        4.33845000e-10  77.2934  76.6841
0202-05-12_02:48:11.137000      10133.78        2.27246800e-03       -6.81760000e-10  77.2924  76.6748
0202-05-12_02:48:12.420000      10135.07        2.14661200e-03       -3.09700000e-11  77.2755  76.6870
0202-05-12_02:48:13.690000      10136.34        2.35639700e-03        2.29319000e-09  77.3405  76.7322
0202-05-12_02:48:14.965000      10137.62        2.04279600e-03       -1.36352000e-09  77.3263  76.7309
0202-05-12_02:48:16.246000      10138.89        2.25317500e-03       -2.60308000e-09  77.3030  76.6964
0202-05-12_02:48:17.516000      10140.16        2.14772600e-03       -1.36351500e-09  77.3296  76.7283
0202-05-12_02:48:18.790000      10141.44        2.33450600e-03       -1.08516500e-09  77.3711  76.7897
0202-05-12_02:48:20.080000      10142.73        1.97304100e-03        4.64840000e-10  77.3220  76.7276
0202-05-12_02:48:21.375000      10144.02        1.64548800e-03        7.34441000e-09  77.3975  76.7740
0202-05-12_02:48:22.664000      10145.31        2.25992800e-03       -2.13825000e-09  77.3850  76.7838
0202-05-12_02:48:23.957000      10146.61        2.22994800e-03        2.32427000e-09  77.4028  76.8184
0202-05-12_02:48:25.227000      10147.87        1.93875700e-03        0.00000000e+00  77.3884  76.7823
0202-05-12_02:48:26.496000      10149.14        2.36537600e-03        4.27649500e-09  77.4006  76.8186
0202-05-12_02:48:27.760000      10150.41        2.46169800e-03        8.36705000e-10  77.3877  76.8064
0202-05-12_02:48:29.035000      10151.69        2.24872200e-03        3.09900000e-11  77.4605  76.8407
0202-05-12_02:48:30.340000      10152.99        2.42251700e-03        2.81948500e-09  77.4225  76.8355
0202-05-12_02:48:31.633000      10154.28        2.19232400e-03       -1.45649000e-09  77.4182  76.8653
0202-05-12_02:48:32.926000      10155.57        1.95975800e-03       -1.61143000e-09  77.4809  76.8798
0202-05-12_02:48:34.195000      10156.85        2.20375200e-03       -1.17758500e-09  77.4449  76.8514
0202-05-12_02:48:35.470000      10158.12        2.31677000e-03       -2.51011500e-09  77.4919  76.9000
0202-05-12_02:48:36.754000      10159.40        2.61664300e-03       -3.00594000e-09  77.5294  76.9195
0202-05-12_02:48:38.027000      10160.68        2.18564500e-03        3.40879500e-09  77.4792  76.9185
0202-05-12_02:48:39.312000      10161.96        2.27625200e-03       -1.14659500e-09  77.5218  76.9230
0202-05-12_02:48:40.582000      10163.23        2.26326600e-03       -2.47913000e-09  77.4850  76.9138
0202-05-12_02:48:41.848000      10164.50        2.17703700e-03        6.63216000e-09  77.5295  76.9427
0202-05-12_02:48:43.130000      10165.78        1.94766200e-03        2.29319000e-09  77.5623  76.9728
0202-05-12_02:48:44.414000      10167.06        2.15945000e-03       -3.22286000e-09  77.5242  76.9606
0202-05-12_02:48:45.680000      10168.33        2.25413900e-03        4.46242500e-09  77.5329  76.9714
0202-05-12_02:48:46.957000      10169.61        2.38852900e-03        2.47912000e-09  77.5707  76.9971
0202-05-12_02:48:48.230000      10170.88        2.75801000e-03        3.71700000e-10  77.5824  77.0053
0202-05-12_02:48:49.500000      10172.15        2.09555800e-03        1.51846000e-09  77.5978  77.0107
0202-05-12_02:48:50.777000      10173.43        1.90387900e-03        6.50770000e-10  77.6055  77.0220
0202-05-12_02:48:52.047000      10174.70        2.20902200e-03       -6.81755000e-10  77.6169  77.0289
0202-05-12_02:48:53.324000      10175.97        2.11188400e-03       -5.57870000e-10  77.6541  77.0336
0202-05-12_02:48:54.613000      10177.26        2.41494800e-03       -2.69605000e-09  77.6626  77.0488
0202-05-12_02:48:55.883000      10178.53        1.99834600e-03        1.08461500e-09  77.6348  77.0596
0202-05-12_02:48:57.150000      10179.80        2.12479600e-03        1.98330000e-09  77.6834  77.0887
0202-05-12_02:48:58.426000      10181.08        2.42496600e-03       -9.29670000e-10  77.6416  77.0488
0202-05-12_02:48:59.700000      10182.35        2.20664700e-03       -1.42569500e-09  77.6709  77.0770
0202-05-12_02:49:00.992000      10183.64        2.17406900e-03       -3.87363500e-09  77.7287  77.0966
0202-05-12_02:49:02.310000      10184.96        2.04576400e-03        1.48748000e-09  77.7044  77.0991
0202-05-12_02:49:03.598000      10186.25        2.03893700e-03       -6.50770000e-10  77.7277  77.1340
0202-05-12_02:49:04.867000      10187.52        2.18794500e-03        4.58650500e-09  77.7274  77.1379
0202-05-12_02:49:06.137000      10188.79        2.42281200e-03       -4.02855000e-10  77.7253  77.1579
0202-05-12_02:49:07.410000      10190.06        2.44299600e-03        5.88795000e-10  77.7379  77.1647
0202-05-12_02:49:08.688000      10191.34        2.37858400e-03        5.39210000e-09  77.7532  77.1509
0202-05-12_02:49:09.965000      10192.61        2.20137700e-03       -4.21451500e-09  77.7712  77.1665
0202-05-12_02:49:11.240000      10193.89        2.02639600e-03        1.27121500e-09  77.7854  77.1792
0202-05-12_02:49:12.510000      10195.16        2.26816400e-03        4.58638000e-09  77.7699  77.1868
0202-05-12_02:49:13.780000      10196.43        2.17303000e-03        2.72703500e-09  77.8028  77.2127
0202-05-12_02:49:15.062000      10197.71        1.76459200e-03        3.71870000e-10  77.8281  77.2349
0202-05-12_02:49:16.350000      10199.00        2.11774500e-03        3.19187000e-09  77.8087  77.2472
0202-05-12_02:49:17.633000      10200.28        2.31884800e-03       -1.33243500e-09  77.8293  77.2333
0202-05-12_02:49:18.902000      10201.55        2.24493700e-03        2.94395500e-09  77.8761  77.2672
0202-05-12_02:49:20.190000      10202.84        2.35498600e-03       -3.09890000e-10  77.8524  77.2496
0202-05-12_02:49:21.480000      10204.13        2.33621200e-03        6.50770000e-10  77.9001  77.2848
0202-05-12_02:49:22.766000      10205.41        2.07233000e-03        5.26335000e-10  77.9017  77.2817
0202-05-12_02:49:24.040000      10206.69        2.20115400e-03       -3.03692500e-09  77.8503  77.2622
0202-05-12_02:49:25.324000      10207.97        2.29161300e-03        2.29319000e-09  77.9137  77.3082
0202-05-12_02:49:26.594000      10209.24        2.17303000e-03        1.05363000e-09  77.9285  77.3372
0202-05-12_02:49:27.860000      10210.51        2.24263700e-03       -2.94396000e-09  77.9020  77.3247
0202-05-12_02:49:29.150000      10211.80        2.17132300e-03       -2.23134000e-09  77.9293  77.3478
0202-05-12_02:49:30.426000      10213.08        2.02595100e-03       -4.52440000e-09  77.9064  77.3182
0202-05-12_02:49:31.707000      10214.36        2.27558500e-03        2.82000500e-09  77.9724  77.3770
0202-05-12_02:49:32.996000      10215.64        2.46882100e-03       -2.20022500e-09  77.9552  77.3533
0202-05-12_02:49:34.285000      10216.93        2.42147700e-03        3.59479000e-09  77.9528  77.3702
0202-05-12_02:49:35.582000      10218.23        2.05756300e-03       -4.64835500e-09  77.9947  77.3807
0202-05-12_02:49:36.850000      10219.50        2.45776600e-03       -1.61143000e-09  78.0150  77.3776
0202-05-12_02:49:38.117000      10220.77        2.23024500e-03       -2.04527500e-09  77.9687  77.3928
0202-05-12_02:49:39.406000      10222.05        2.19996900e-03        8.05715000e-10  78.0316  77.4209
0202-05-12_02:49:40.670000      10223.32        1.99916300e-03        1.11529500e-09  78.0641  77.4417
0202-05-12_02:49:41.950000      10224.60        2.38756600e-03       -3.71870000e-10  77.9989  77.4307
0202-05-12_02:49:43.240000      10225.89        2.14282900e-03        3.09890500e-09  78.0609  77.4338
0202-05-12_02:49:44.523000      10227.17        2.11136500e-03       -2.66506000e-09  78.0515  77.4615
0202-05-12_02:49:45.812000      10228.46        2.06951200e-03        8.67685000e-10  78.0206  77.4646
0202-05-12_02:49:47.082000      10229.73        2.00569300e-03       -1.95231500e-09  78.0698  77.4540
0202-05-12_02:49:48.363000      10231.01        2.15581500e-03        2.54110000e-09  78.0961  77.4819
0202-05-12_02:49:49.660000      10232.31        2.47861900e-03       -4.49341500e-09  78.0984  77.5037
0202-05-12_02:49:50.957000      10233.61        2.12865500e-03        3.47077500e-09  78.1282  77.5489
0202-05-12_02:49:52.240000      10234.89        2.30578900e-03       -5.08258000e-09  78.1100  77.5243
0202-05-12_02:49:53.510000      10236.16        2.80966000e-03       -2.41714500e-09  78.1333  77.5187
0202-05-12_02:49:54.780000      10237.43        2.30215300e-03        6.84858500e-09  78.1665  77.5485
0202-05-12_02:49:56.066000      10238.71        2.33361700e-03       -1.67341000e-09  78.1011  77.5479
0202-05-12_02:49:57.340000      10239.99        2.39313100e-03        4.52440500e-09  78.1636  77.5757
0202-05-12_02:49:58.625000      10241.27        2.38266800e-03        4.49342000e-09  78.2036  77.6037
0202-05-12_02:49:59.902000      10242.55        2.51498100e-03       -4.18352500e-09  78.1800  77.5865
0202-05-12_02:50:01.190000      10243.84        2.49338700e-03        2.72704000e-09  78.2253  77.6145
0202-05-12_02:50:02.480000      10245.13        2.56522000e-03        2.72704500e-09  78.2063  77.6336
0202-05-12_02:50:03.766000      10246.41        2.45145900e-03       -1.85650000e-10  78.2123  77.6104
0202-05-12_02:50:05.062000      10247.71        2.42904800e-03       -3.28484500e-09  78.2318  77.6281
0202-05-12_02:50:06.336000      10248.98        2.32122400e-03        1.42550000e-09  78.2395  77.6435
0202-05-12_02:50:07.633000      10250.28        2.52767000e-03       -1.30154500e-09  78.2663  77.6729
0202-05-12_02:50:08.920000      10251.57        2.39342800e-03        1.67341500e-09  78.2994  77.6697
0202-05-12_02:50:10.210000      10252.86        2.53486800e-03        1.48766000e-09  78.2569  77.6621
0202-05-12_02:50:11.492000      10254.14        2.54926400e-03        9.29700000e-11  78.2905  77.6829
0202-05-12_02:50:12.760000      10255.41        2.38289000e-03       -8.36705000e-10  78.3050  77.7124
0202-05-12_02:50:14.040000      10256.69        2.55364100e-03        6.19750000e-11  78.3032  77.7218
0202-05-12_02:50:15.332000      10257.98        2.60989100e-03        1.45642000e-09  78.3019  77.6975
0202-05-12_02:50:16.605000      10259.25        2.39520800e-03        5.26815000e-10  78.3463  77.7386
0202-05-12_02:50:17.883000      10260.53        2.40114500e-03        1.85934500e-09  78.3335  77.7333
0202-05-12_02:50:19.176000      10261.82        2.44871200e-03        5.57800000e-10  78.3815  77.7554
0202-05-12_02:50:20.457000      10263.11        2.54963400e-03        3.59473000e-09  78.3325  77.7487
0202-05-12_02:50:21.734000      10264.38        2.63712400e-03       -1.02239500e-09  78.3860  77.7653
0202-05-12_02:50:23.016000      10265.67        2.56328800e-03       -7.74725000e-10  78.3770  77.7939
0202-05-12_02:50:24.290000      10266.94        2.23135700e-03        1.42549500e-09  78.3902  77.7863
0202-05-12_02:50:25.560000      10268.21        2.29183600e-03        4.05956500e-09  78.3929  77.7987
0202-05-12_02:50:26.832000      10269.48        2.03344500e-03        3.62571000e-09  78.4716  77.8517
0202-05-12_02:50:28.105000      10270.76        2.31424700e-03        6.44572500e-09  78.3862  77.8020
0202-05-12_02:50:29.395000      10272.05        2.52677700e-03        5.67099500e-09  78.4386  77.8421
0202-05-12_02:50:30.688000      10273.34        2.28100200e-03        1.04433100e-08  78.4340  77.8448
0202-05-12_02:50:31.992000      10274.64        2.36277900e-03        1.43169450e-08  78.4410  77.8702
0202-05-12_02:50:33.266000      10275.91        2.36782500e-03        2.57516250e-08  78.4710  77.8695
0202-05-12_02:50:34.570000      10277.22        1.90306300e-03        3.17637900e-08  78.4394  77.8677
0202-05-12_02:50:35.855000      10278.51        2.33606400e-03        4.22380950e-08  78.4820  77.8847
0202-05-12_02:50:37.133000      10279.78        2.12204900e-03        6.36515350e-08  78.5230  77.9084
0202-05-12_02:50:38.418000      10281.07        1.95649200e-03        7.67599300e-08  78.5047  77.8972
0202-05-12_02:50:39.690000      10282.34        2.05496600e-03        9.80183800e-08  78.5199  77.9386
0202-05-12_02:50:40.973000      10283.62        2.38608000e-03        1.03069600e-07  78.5677  77.9311
0202-05-12_02:50:42.242000      10284.89        2.07092000e-03        1.25753585e-07  78.5166  77.9182
0202-05-12_02:50:43.516000      10286.17        2.09051100e-03        1.64087050e-07  78.5645  77.9737
0202-05-12_02:50:44.793000      10287.44        2.14446000e-03        1.90428680e-07  78.5957  77.9811
0202-05-12_02:50:46.082000      10288.73        2.54421700e-03        2.25476110e-07  78.5577  77.9882
0202-05-12_02:50:47.350000      10290.00        2.41116300e-03        2.30093475e-07  78.5714  77.9812
0202-05-12_02:50:48.633000      10291.28        2.31877400e-03        2.31983805e-07  78.6326  78.0169
0202-05-12_02:50:49.920000      10292.57        2.18646200e-03        2.95480305e-07  78.5947  78.0061
0202-05-12_02:50:51.210000      10293.86        2.41531800e-03        3.41468095e-07  78.6530  78.0196
0202-05-12_02:50:52.496000      10295.15        2.30341300e-03        3.58976935e-07  78.5994  78.0308
0202-05-12_02:50:53.785000      10296.44        2.16301200e-03        3.16088115e-07  78.6138  78.0407
0202-05-12_02:50:55.070000      10297.72        2.12843200e-03        3.87052995e-07  78.6423  78.0381
0202-05-12_02:50:56.360000      10299.01        2.32218800e-03        4.46552145e-07  78.6760  78.0755
0202-05-12_02:50:57.633000      10300.28        2.49182600e-03        4.64370440e-07  78.6729  78.0756
0202-05-12_02:50:58.914000      10301.56        2.56499500e-03        5.24117270e-07  78.7090  78.0863
0202-05-12_02:51:00.184000      10302.83        2.22809200e-03        5.40913320e-07  78.7012  78.0875
0202-05-12_02:51:01.453000      10304.10        2.33138900e-03        5.73048929e-07  78.7359  78.1286
0202-05-12_02:51:02.734000      10305.38        2.41583800e-03        6.05277425e-07  78.7115  78.0854
0202-05-12_02:51:04.010000      10306.66        2.06142200e-03        6.26597518e-07  78.7234  78.1333
0202-05-12_02:51:05.293000      10307.94        2.29910900e-03        6.56873768e-07  78.7495  78.1347
0202-05-12_02:51:06.594000      10309.24        2.32033300e-03        6.62048935e-07  78.7304  78.1256
0202-05-12_02:51:07.875000      10310.53        2.73619200e-03        6.99917284e-07  78.7493  78.1444
0202-05-12_02:51:09.160000      10311.81        1.94491600e-03        7.27932081e-07  78.8056  78.1779
0202-05-12_02:51:10.434000      10313.08        2.33064800e-03        7.52320441e-07  78.8046  78.1667
0202-05-12_02:51:11.700000      10314.35        2.13807900e-03        7.70541983e-07  78.7884  78.2215
0202-05-12_02:51:12.992000      10315.64        2.50666800e-03        7.84610997e-07  78.8379  78.2029
0202-05-12_02:51:14.258000      10316.91        1.91656900e-03        8.16188756e-07  78.7590  78.1985
0202-05-12_02:51:15.530000      10318.18        2.35684300e-03        8.30599146e-07  78.8243  78.1890
0202-05-12_02:51:16.800000      10319.45        2.20048700e-03        8.52632352e-07  78.8285  78.2211
0202-05-12_02:51:18.090000      10320.74        2.09110500e-03        8.71876543e-07  78.8926  78.2594
0202-05-12_02:51:19.383000      10322.03        2.32760500e-03        8.91213686e-07  78.8609  78.2398
0202-05-12_02:51:20.664000      10323.31        2.43268300e-03        8.96606085e-07  78.8791  78.2366
0202-05-12_02:51:21.938000      10324.59        2.08160700e-03        9.26231614e-07  78.8576  78.2680
0202-05-12_02:51:23.210000      10325.86        2.25532700e-03        9.34722608e-07  78.9233  78.2814
0202-05-12_02:51:24.480000      10327.13        2.28248700e-03        9.45072954e-07  78.8762  78.3040
0202-05-12_02:51:25.760000      10328.41        2.40455800e-03        9.76340498e-07  78.9021  78.3147
0202-05-12_02:51:27.040000      10329.69        2.30675200e-03        9.89636151e-07  78.9374  78.3106
0202-05-12_02:51:28.316000      10330.96        2.18965300e-03        9.61250156e-07  78.9357  78.3105
0202-05-12_02:51:29.590000      10332.24        2.25310100e-03        1.00640124e-06  78.9457  78.3517
0202-05-12_02:51:30.855000      10333.51        2.42504000e-03        1.03082063e-06  78.9607  78.3295
0202-05-12_02:51:32.125000      10334.77        2.55638700e-03        1.01904465e-06  78.9563  78.3725
0202-05-12_02:51:33.395000      10336.04        2.47446200e-03        1.05418625e-06  78.9991  78.3783
0202-05-12_02:51:34.684000      10337.33        2.62124400e-03        1.06980474e-06  78.9580  78.3768
0202-05-12_02:51:35.980000      10338.63        2.61256200e-03        1.03869171e-06  78.9919  78.3756
0202-05-12_02:51:37.250000      10339.90        2.46362700e-03        1.08725157e-06  78.9585  78.3865
0202-05-12_02:51:38.520000      10341.17        2.15922800e-03        1.06004324e-06  79.0144  78.4382
0202-05-12_02:51:39.800000      10342.45        2.20063600e-03        1.10872707e-06  78.9837  78.4261
0202-05-12_02:51:41.070000      10343.72        2.13800400e-03        1.11755896e-06  79.0328  78.4357
0202-05-12_02:51:42.363000      10345.01        2.23046700e-03        1.12797129e-06  79.0505  78.4376
0202-05-12_02:51:43.645000      10346.29        2.33725200e-03        1.09881060e-06  79.0637  78.4902
0202-05-12_02:51:44.918000      10347.57        2.16108300e-03        1.13993313e-06  79.0536  78.4728
0202-05-12_02:51:46.188000      10348.84        2.30831100e-03        1.14792831e-06  79.0548  78.4779
0202-05-12_02:51:47.457000      10350.11        2.42400100e-03        1.14482941e-06  79.0887  78.4931
0202-05-12_02:51:48.723000      10351.37        2.07678300e-03        1.16035500e-06  79.1274  78.4957
0202-05-12_02:51:50             10352.65        2.17963500e-03        1.15502436e-06  79.1267  78.5213
0202-05-12_02:51:51.297000      10353.95        2.30764300e-03        1.16872153e-06  79.1306  78.5309
0202-05-12_02:51:52.594000      10355.24        2.43698700e-03        1.16069536e-06  79.1509  78.5511
0202-05-12_02:51:53.867000      10356.52        2.33754900e-03        1.19100267e-06  79.1413  78.5592
0202-05-12_02:51:55.156000      10357.80        2.35231600e-03        1.15865007e-06  79.1780  78.5486
0202-05-12_02:51:56.426000      10359.07        1.99945900e-03        1.19918372e-06  79.1606  78.5739
0202-05-12_02:51:57.690000      10360.34        2.63512100e-03        1.15046892e-06  79.1940  78.5500
0202-05-12_02:51:59             10361.65        2.28092800e-03        1.15830915e-06  79.2207  78.5861
0202-05-12_02:52:00.280000      10362.93        2.39728600e-03        1.20916229e-06  79.2051  78.5883
0202-05-12_02:52:01.562000      10364.21        2.31165000e-03        1.18474195e-06  79.1863  78.5791
0202-05-12_02:52:02.844000      10365.49        2.72454100e-03        1.21399561e-06  79.2545  78.6084
0202-05-12_02:52:04.113000      10366.76        2.32456200e-03        1.21421253e-06  79.2287  78.6054
0202-05-12_02:52:05.400000      10368.05        2.47527800e-03        1.19121866e-06  79.2449  78.6195
0202-05-12_02:52:06.668000      10369.32        2.16442200e-03        1.19419366e-06  79.2660  78.6449
0202-05-12_02:52:07.980000      10370.63        2.34007200e-03        1.22006998e-06  79.2800  78.6705
0202-05-12_02:52:09.246000      10371.90        2.26467700e-03        1.22694955e-06  79.2739  78.6572
0202-05-12_02:52:10.516000      10373.16        2.67393200e-03        1.19016555e-06  79.2872  78.6891
0202-05-12_02:52:11.805000      10374.45        2.24671900e-03        1.20460648e-06  79.2788  78.6822
0202-05-12_02:52:13.080000      10375.73        2.38199900e-03        1.19915158e-06  79.3028  78.7103
0202-05-12_02:52:14.363000      10377.01        2.30779200e-03        1.22682478e-06  79.3212  78.7403
0202-05-12_02:52:15.640000      10378.29        2.25191400e-03        1.22738259e-06  79.3253  78.7382
0202-05-12_02:52:16.914000      10379.56        2.50036100e-03        1.20860323e-06  79.3642  78.7344
0202-05-12_02:52:18.184000      10380.83        2.54035900e-03        1.22936587e-06  79.3548  78.7552
0202-05-12_02:52:19.450000      10382.10        2.18839200e-03        1.23131833e-06  79.3603  78.7773
0202-05-12_02:52:20.720000      10383.37        2.42979000e-03        1.23807394e-06  79.3603  78.7593
0202-05-12_02:52:22.016000      10384.66        2.28204200e-03        1.22942800e-06  79.3544  78.7768
0202-05-12_02:52:23.285000      10385.94        2.51609300e-03        1.21709436e-06  79.4086  78.7861
0202-05-12_02:52:24.570000      10387.22        2.49026800e-03        1.23875555e-06  79.3776  78.7801
0202-05-12_02:52:25.840000      10388.49        2.47512900e-03        1.23193796e-06  79.4194  78.8247
0202-05-12_02:52:27.117000      10389.77        2.59823900e-03        1.23516082e-06  79.4219  78.7950
0202-05-12_02:52:28.414000      10391.06        2.57864900e-03        1.24349687e-06  79.4196  78.8196
0202-05-12_02:52:29.680000      10392.33        2.38526400e-03        1.24362092e-06  79.4504  78.8667
0202-05-12_02:52:30.953000      10393.60        2.35966300e-03        1.24070748e-06  79.4761  78.8715
0202-05-12_02:52:32.223000      10394.87        2.36834500e-03        1.20327274e-06  79.4640  78.8535
0202-05-12_02:52:33.510000      10396.16        2.26994500e-03        1.20522505e-06  79.5051  78.8908
0202-05-12_02:52:34.793000      10397.44        2.76505900e-03        1.24337254e-06  79.5191  78.8824
0202-05-12_02:52:36.066000      10398.72        2.52588800e-03        1.24266094e-06  79.4915  78.8986
0202-05-12_02:52:37.348000      10400.00        2.77403800e-03        1.23587434e-06  79.5369  78.9144
0202-05-12_02:52:38.640000      10401.29        2.64172600e-03        1.22459433e-06  79.5733  78.9263
0202-05-12_02:52:39.914000      10402.56        2.45116000e-03        1.24761919e-06  79.5484  78.9512
0202-05-12_02:52:41.184000      10403.83        2.67051900e-03        1.22515214e-06  79.5577  78.9269
0202-05-12_02:52:42.457000      10405.11        2.59119100e-03        1.25040814e-06  79.5364  78.9180
0202-05-12_02:52:43.746000      10406.39        2.60974300e-03        1.24898265e-06  79.5450  78.9203
0202-05-12_02:52:45.016000      10407.67        2.23677500e-03        1.25130682e-06  79.6134  78.9757
0202-05-12_02:52:46.320000      10408.97        2.22237900e-03        1.21052523e-06  79.5738  78.9524
0202-05-12_02:52:47.613000      10410.26        2.31788400e-03        1.24913763e-06  79.6590  78.9791
0202-05-12_02:52:48.890000      10411.54        2.36663800e-03        1.19806769e-06  79.6264  78.9944
0202-05-12_02:52:50.160000      10412.81        2.26616100e-03        1.25096600e-06  79.6036  79.0150
0202-05-12_02:52:51.450000      10414.10        2.20182300e-03        1.24966446e-06  79.6833  79.0075
0202-05-12_02:52:52.740000      10415.39        2.25035500e-03        1.21861344e-06  79.6867  79.0604
0202-05-12_02:52:54.016000      10416.67        2.17993100e-03        1.25161669e-06  79.6532  79.0313
0202-05-12_02:52:55.310000      10417.96        2.20909500e-03        1.25765955e-06  79.6894  79.0494
0202-05-12_02:52:56.600000      10419.25        2.54295400e-03        1.21160983e-06  79.7013  79.0755
0202-05-12_02:52:57.867000      10420.52        2.62013000e-03        1.25784549e-06  79.6709  79.0612
0202-05-12_02:52:59.152000      10421.80        2.64677000e-03        1.21415070e-06  79.6956  79.0963
0202-05-12_02:53:00.420000      10423.07        2.40990000e-03        1.25679138e-06  79.6837  79.0952
0202-05-12_02:53:01.720000      10424.37        2.26289500e-03        1.25533489e-06  79.7328  79.0920
0202-05-12_02:53:03.010000      10425.66        2.59222900e-03        1.25948742e-06  79.7510  79.1080
0202-05-12_02:53:04.305000      10426.95        2.37027400e-03        1.25468408e-06  79.7255  79.1245
0202-05-12_02:53:05.594000      10428.24        2.39958600e-03        1.25707066e-06  79.7503  79.1257
0202-05-12_02:53:06.863000      10429.51        2.53308500e-03        1.21883018e-06  79.8001  79.1499
0202-05-12_02:53:08.137000      10430.79        2.17941200e-03        1.26010759e-06  79.7490  79.1522
0202-05-12_02:53:09.414000      10432.06        2.33881000e-03        1.24665834e-06  79.7967  79.1745
0202-05-12_02:53:10.684000      10433.33        2.10320100e-03        1.22022460e-06  79.7974  79.1774
0202-05-12_02:53:11.957000      10434.61        2.34934800e-03        1.21387158e-06  79.7806  79.1718
0202-05-12_02:53:13.250000      10435.90        2.29102100e-03        1.25880569e-06  79.8633  79.2218
0202-05-12_02:53:14.530000      10437.18        2.22378900e-03        1.26069602e-06  79.8514  79.2371
0202-05-12_02:53:15.812000      10438.46        2.02624800e-03        1.25645052e-06  79.8438  79.2386
0202-05-12_02:53:17.082000      10439.73        2.27380500e-03        1.26370204e-06  79.8717  79.2534
0202-05-12_02:53:18.360000      10441.01        2.34385700e-03        1.26419787e-06  79.8630  79.2521
0202-05-12_02:53:19.652000      10442.30        2.42132900e-03        1.25821699e-06  79.8405  79.2512
0202-05-12_02:53:20.940000      10443.59        2.54629400e-03        1.26540644e-06  79.8983  79.2689
0202-05-12_02:53:22.210000      10444.86        2.32055500e-03        1.23708245e-06  79.8861  79.2843
0202-05-12_02:53:23.480000      10446.13        2.30007400e-03        1.24445774e-06  79.9158  79.2754
0202-05-12_02:53:24.750000      10447.40        2.24308200e-03        1.20612430e-06  79.9189  79.2837
0202-05-12_02:53:26.047000      10448.70        2.00650800e-03        1.23491312e-06  79.9280  79.3048
0202-05-12_02:53:27.336000      10449.98        2.32597200e-03        1.26212149e-06  79.9582  79.3214
0202-05-12_02:53:28.617000      10451.27        1.87063400e-03        1.25418799e-06  79.9662  79.3383
0202-05-12_02:53:29.887000      10452.54        2.15314300e-03        1.26246206e-06  79.9706  79.3408
0202-05-12_02:53:31.176000      10453.83        2.41183100e-03        1.26463129e-06  79.9547  79.3328
0202-05-12_02:53:32.450000      10455.10        2.11826500e-03        1.27098404e-06  79.9844  79.3765
0202-05-12_02:53:33.730000      10456.38        2.44106800e-03        1.18412165e-06  80.0042  79.3895
0202-05-12_02:53:35.004000      10457.65        2.28285800e-03        1.26289649e-06  80.0046  79.3920
0202-05-12_02:53:36.277000      10458.93        2.40218400e-03        1.22998612e-06  79.9992  79.4116
0202-05-12_02:53:37.580000      10460.23        2.26141200e-03        1.23531624e-06  80.0484  79.4041
0202-05-12_02:53:38.848000      10461.50        2.22594100e-03        1.26565452e-06  80.0131  79.4052
0202-05-12_02:53:40.130000      10462.78        2.02431900e-03        1.21951202e-06  80.0592  79.4661
0202-05-12_02:53:41.410000      10464.06        2.03233300e-03        1.26295867e-06  80.0506  79.4038
0202-05-12_02:53:42.690000      10465.34        2.12279200e-03        1.26336152e-06  80.0722  79.4359
0202-05-12_02:53:43.984000      10466.63        2.16895000e-03        1.22933555e-06  80.0427  79.4446
0202-05-12_02:53:45.254000      10467.90        2.38682400e-03        1.26844370e-06  80.1092  79.4773
0202-05-12_02:53:46.523000      10469.17        2.34638000e-03        1.26438431e-06  80.0797  79.4698
0202-05-12_02:53:47.800000      10470.45        1.96569500e-03        1.23965504e-06  80.0818  79.4830
0202-05-12_02:53:49.074000      10471.72        1.99337400e-03        1.25623419e-06  80.1256  79.5117
0202-05-12_02:53:50.355000      10473.01        2.07893600e-03        1.24727835e-06  80.0981  79.5025
0202-05-12_02:53:51.625000      10474.27        2.28723600e-03        1.26893983e-06  80.1421  79.5203
0202-05-12_02:53:52.910000      10475.56        1.84622000e-03        1.27315439e-06  80.1709  79.5316
0202-05-12_02:53:54.180000      10476.83        1.85846400e-03        1.26928076e-06  80.1595  79.5559
0202-05-12_02:53:55.450000      10478.10        2.12613100e-03        1.22797234e-06  80.2026  79.5638
0202-05-12_02:53:56.730000      10479.38        2.03292700e-03        1.23702112e-06  80.1925  79.5700
0202-05-12_02:53:58.016000      10480.66        1.97682600e-03        1.23708331e-06  80.2058  79.6002
0202-05-12_02:53:59.290000      10481.94        2.22824100e-03        1.27650139e-06  80.2245  79.6004
0202-05-12_02:54:00.574000      10483.22        2.16776200e-03        1.23014176e-06  80.2184  79.5899
0202-05-12_02:54:01.844000      10484.49        2.03493000e-03        1.25549081e-06  80.2390  79.6096
0202-05-12_02:54:03.125000      10485.77        2.17384600e-03        1.27411515e-06  80.2689  79.6102
0202-05-12_02:54:04.395000      10487.05        1.90091100e-03        1.24114270e-06  80.2838  79.6296
0202-05-12_02:54:05.690000      10488.34        1.94231900e-03        1.26986956e-06  80.2375  79.6320
0202-05-12_02:54:06.970000      10489.62        2.18297400e-03        1.26931176e-06  80.3149  79.6696
0202-05-12_02:54:08.240000      10490.89        2.11114100e-03        1.27389806e-06  80.2260  79.6455
0202-05-12_02:54:09.510000      10492.16        2.11373800e-03        1.25921012e-06  80.3409  79.6972
0202-05-12_02:54:10.790000      10493.44        2.17347500e-03        1.24600877e-06  80.3263  79.6824
0202-05-12_02:54:12.074000      10494.72        1.86900200e-03        1.27303124e-06  80.3005  79.6889
0202-05-12_02:54:13.350000      10496.00        2.14037900e-03        1.26965343e-06  80.3552  79.7108
0202-05-12_02:54:14.640000      10497.29        2.00791800e-03        1.27687413e-06  80.3343  79.7317
0202-05-12_02:54:15.918000      10498.57        2.34407900e-03        1.26736107e-06  80.3218  79.7120
0202-05-12_02:54:17.200000      10499.85        2.01318700e-03        1.27845517e-06  80.3566  79.7404
0202-05-12_02:54:18.484000      10501.13        1.68281500e-03        1.28000462e-06  80.3636  79.7446
0202-05-12_02:54:19.754000      10502.40        2.16776200e-03        1.24415023e-06  80.4090  79.7852
0202-05-12_02:54:21.035000      10503.69        2.04353800e-03        1.23730175e-06  80.4237  79.7623
0202-05-12_02:54:22.310000      10504.96        2.25851800e-03        1.24266287e-06  80.3871  79.7715
0202-05-12_02:54:23.598000      10506.25        1.95582500e-03        1.23469867e-06  80.4368  79.7864
0202-05-12_02:54:24.883000      10507.53        2.05808300e-03        1.27470559e-06  80.4482  79.8384
0202-05-12_02:54:26.152000      10508.80        1.84228700e-03        1.27560426e-06  80.4117  79.8176
0202-05-12_02:54:27.418000      10510.07        2.17102700e-03        1.26491267e-06  80.4480  79.8157
0202-05-12_02:54:28.710000      10511.36        2.28538100e-03        1.28050018e-06  80.5103  79.8477
0202-05-12_02:54:29.992000      10512.64        2.34096300e-03        1.26798059e-06  80.4398  79.8524
0202-05-12_02:54:31.260000      10513.91        2.19106300e-03        1.27978744e-06  80.5153  79.8595
0202-05-12_02:54:32.562000      10515.21        1.75776500e-03        1.28266873e-06  80.4873  79.8666
0202-05-12_02:54:33.832000      10516.48        1.95337600e-03        1.28226587e-06  80.5024  79.8666
0202-05-12_02:54:35.100000      10517.75        1.74774700e-03        1.27634696e-06  80.4856  79.8852
0202-05-12_02:54:36.390000      10519.04        1.89801700e-03        1.28158411e-06  80.5312  79.9072
0202-05-12_02:54:37.688000      10520.34        2.24241400e-03        1.27792748e-06  80.5445  79.9081
0202-05-12_02:54:38.996000      10521.65        2.22890900e-03        1.27904204e-06  80.5423  79.9113
0202-05-12_02:54:40.266000      10522.91        2.07099500e-03        1.27857720e-06  80.5152  79.8983
0202-05-12_02:54:41.535000      10524.18        2.27469500e-03        1.28480600e-06  80.5659  79.9433
0202-05-12_02:54:42.830000      10525.48        2.32419000e-03        1.27854621e-06  80.6396  79.9894
0202-05-12_02:54:44.105000      10526.76        2.42874900e-03        1.28152006e-06  80.5668  79.9487
0202-05-12_02:54:45.380000      10528.03        2.43735700e-03        1.26205896e-06  80.6136  79.9701
0202-05-12_02:54:46.652000      10529.30        2.59727400e-03        1.28399919e-06  80.6533  80.0066
0202-05-12_02:54:47.930000      10530.58        2.41079100e-03        1.23110092e-06  80.6051  79.9823
0202-05-12_02:54:49.210000      10531.86        2.18920700e-03        1.28378218e-06  80.6263  80.0162
0202-05-12_02:54:50.500000      10533.15        2.23469600e-03        1.24080086e-06  80.6055  80.0063
0202-05-12_02:54:51.773000      10534.42        2.30779100e-03        1.28164440e-06  80.5869  79.9900
0202-05-12_02:54:53.047000      10535.70        2.28560300e-03        1.24018108e-06  80.6554  80.0235
0202-05-12_02:54:54.316000      10536.97        2.14958000e-03        1.27231671e-06  80.6748  80.0616
0202-05-12_02:54:55.613000      10538.26        2.15907900e-03        1.28331725e-06  80.6322  80.0558
0202-05-12_02:54:56.890000      10539.54        2.01986600e-03        1.24551065e-06  80.6991  80.0620
0202-05-12_02:54:58.180000      10540.83        2.04205400e-03        1.23711262e-06  80.6922  80.0937
0202-05-12_02:54:59.477000      10542.12        2.31113000e-03        1.24461197e-06  80.7032  80.0632
0202-05-12_02:55:00.746000      10543.40        2.21102400e-03        1.24160587e-06  80.7352  80.0844
0202-05-12_02:55:02.030000      10544.68        2.33012800e-03        1.28737773e-06  80.7352  80.1318
0202-05-12_02:55:03.316000      10545.97        2.08294200e-03        1.25062473e-06  80.7476  80.1246
0202-05-12_02:55:04.605000      10547.25        2.50741000e-03        1.27371157e-06  80.8212  80.1639
0202-05-12_02:55:05.887000      10548.53        2.40099700e-03        1.28307026e-06  80.7267  80.1285
0202-05-12_02:55:07.156000      10549.80        2.25221000e-03        1.25443698e-06  80.7928  80.1474
0202-05-12_02:55:08.440000      10551.09        2.32975700e-03        1.28874207e-06  80.7792  80.1543
0202-05-12_02:55:09.730000      10552.38        2.55764900e-03        1.28796735e-06  80.7772  80.1547
0202-05-12_02:55:11.010000      10553.66        2.82294200e-03        1.28297811e-06  80.8646  80.2028
0202-05-12_02:55:12.297000      10554.95        2.57471700e-03        1.28269916e-06  80.8412  80.2176
0202-05-12_02:55:13.574000      10556.22        2.26319300e-03        1.25592499e-06  80.8522  80.2099
0202-05-12_02:55:14.840000      10557.49        2.45338800e-03        1.28902131e-06  80.8471  80.2107
0202-05-12_02:55:16.110000      10558.76        2.28144900e-03        1.26952919e-06  80.8350  80.2301
0202-05-12_02:55:17.410000      10560.06        2.32122400e-03        1.28799868e-06  80.8600  80.2293
0202-05-12_02:55:18.680000      10561.33        2.32419200e-03        1.28793677e-06  80.9330  80.2826
0202-05-12_02:55:19.977000      10562.63        2.31432300e-03        1.28706914e-06  80.8651  80.2407
0202-05-12_02:55:21.246000      10563.89        2.36129600e-03        1.28235880e-06  80.9123  80.2651
0202-05-12_02:55:22.510000      10565.16        2.42867600e-03        1.28517881e-06  80.9043  80.2888
0202-05-12_02:55:23.793000      10566.44        2.16397700e-03        1.29394879e-06  80.9025  80.3002
0202-05-12_02:55:25.060000      10567.71        2.19507000e-03        1.24653466e-06  80.9655  80.2871
0202-05-12_02:55:26.350000      10569.00        2.09207000e-03        1.26828897e-06  80.8915  80.2996
0202-05-12_02:55:27.630000      10570.28        2.41850900e-03        1.28917560e-06  80.8999  80.3166
0202-05-12_02:55:28.900000      10571.55        2.48611200e-03        1.28669647e-06  80.9788  80.3472
0202-05-12_02:55:30.168000      10572.82        2.26311800e-03        1.27203887e-06  80.9437  80.3336
0202-05-12_02:55:31.440000      10574.09        2.32100000e-03        1.29562211e-06  80.9947  80.3703
0202-05-12_02:55:32.730000      10575.38        2.15781800e-03        1.28263769e-06  81.0218  80.4129
0202-05-12_02:55:34.010000      10576.66        2.34007100e-03        1.28911441e-06  81.0241  80.3972
0202-05-12_02:55:35.285000      10577.94        2.42926900e-03        1.28397027e-06  81.0383  80.4223
0202-05-12_02:55:36.570000      10579.22        2.12969300e-03        1.28356645e-06  80.9940  80.3725
0202-05-12_02:55:37.848000      10580.50        2.54926200e-03        1.28852470e-06  81.0223  80.4163
0202-05-12_02:55:39.133000      10581.78        2.42622600e-03        1.26175016e-06  81.0827  80.4073
0202-05-12_02:55:40.418000      10583.07        2.49256800e-03        1.29094185e-06  81.0176  80.4127
0202-05-12_02:55:41.688000      10584.34        2.43045600e-03        1.28722315e-06  81.0624  80.4633
0202-05-12_02:55:42.980000      10585.63        2.16464500e-03        1.28257464e-06  81.0853  80.4663
0202-05-12_02:55:44.260000      10586.91        2.48217900e-03        1.29081772e-06  81.0955  80.4355
0202-05-12_02:55:45.535000      10588.18        2.45962100e-03        1.25989065e-06  81.1332  80.4837
0202-05-12_02:55:46.820000      10589.47        2.51423800e-03        1.28967112e-06  81.1236  80.4740
0202-05-12_02:55:48.090000      10590.74        2.24248900e-03        1.25223645e-06  81.1414  80.5148
0202-05-12_02:55:49.360000      10592.01        2.31254100e-03        1.27848418e-06  81.1515  80.5210
0202-05-12_02:55:50.630000      10593.28        2.50288400e-03        1.28756397e-06  81.1414  80.5062
0202-05-12_02:55:51.914000      10594.56        2.48819000e-03        1.28892749e-06  81.1222  80.5264
0202-05-12_02:55:53.188000      10595.84        2.03404000e-03        1.29149982e-06  81.1765  80.5510
0202-05-12_02:55:54.477000      10597.12        2.42125500e-03        1.27798710e-06  81.2014  80.5498
0202-05-12_02:55:55.742000      10598.39        2.30474900e-03        1.21641192e-06  81.1356  80.5614
0202-05-12_02:55:57.030000      10599.68        2.10312700e-03        1.28796556e-06  81.2004  80.5683
0202-05-12_02:55:58.310000      10600.96        2.54288200e-03        1.27993941e-06  81.1550  80.5450
0202-05-12_02:55:59.590000      10602.24        1.91679200e-03        1.29165474e-06  81.2339  80.5879
0202-05-12_02:56:00.883000      10603.53        2.44797100e-03        1.29094199e-06  81.2344  80.6230
0202-05-12_02:56:02.150000      10604.80        2.47765400e-03        1.26345470e-06  81.2219  80.6275
0202-05-12_02:56:03.430000      10606.08        2.40366900e-03        1.28471319e-06  81.2249  80.6089
0202-05-12_02:56:04.700000      10607.35        2.37754800e-03        1.25294937e-06  81.2568  80.6274
0202-05-12_02:56:05.977000      10608.63        2.18861500e-03        1.29230581e-06  81.2286  80.6089
0202-05-12_02:56:07.246000      10609.89        2.37146300e-03        1.22760065e-06  81.2395  80.6284
0202-05-12_02:56:08.510000      10611.16        2.25688600e-03        1.29137614e-06  81.2646  80.6440
0202-05-12_02:56:09.780000      10612.43        2.27714500e-03        1.29760494e-06  81.3310  80.7001
0202-05-12_02:56:11.055000      10613.70        2.03277800e-03        1.26754572e-06  81.3339  80.6976
0202-05-12_02:56:12.330000      10614.98        2.10713400e-03        1.25440651e-06  81.3166  80.6985
0202-05-12_02:56:13.610000      10616.26        2.46919400e-03        1.28964108e-06  81.3301  80.7252
0202-05-12_02:56:14.887000      10617.54        2.16820800e-03        1.25948871e-06  81.3803  80.7537
0202-05-12_02:56:16.160000      10618.81        2.47876700e-03        1.26224665e-06  81.3369  80.7305
0202-05-12_02:56:17.445000      10620.10        2.11099400e-03        1.28812350e-06  81.3909  80.7459
0202-05-12_02:56:18.715000      10621.36        2.15388500e-03        1.24653614e-06  81.3851  80.7597
0202-05-12_02:56:20.004000      10622.65        2.45939900e-03        1.29568484e-06  81.3757  80.7555
0202-05-12_02:56:21.285000      10623.93        2.29562200e-03        1.29184219e-06  81.4164  80.7813
0202-05-12_02:56:22.562000      10625.21        2.33599100e-03        1.26159670e-06  81.4485  80.7844
0202-05-12_02:56:23.848000      10626.50        2.29042700e-03        1.27303129e-06  81.4672  80.8102
0202-05-12_02:56:25.145000      10627.79        2.52811400e-03        1.29580826e-06  81.4307  80.7703
0202-05-12_02:56:26.430000      10629.08        2.26979700e-03        1.29218254e-06  81.4507  80.8049
0202-05-12_02:56:27.707000      10630.36        2.11752300e-03        1.29314325e-06  81.4416  80.8313
0202-05-12_02:56:29             10631.65        2.25978000e-03        1.29103517e-06  81.4866  80.8335
0202-05-12_02:56:30.280000      10632.93        2.22972500e-03        1.28530220e-06  81.4545  80.8510
0202-05-12_02:56:31.560000      10634.21        1.99263200e-03        1.28291604e-06  81.4880  80.8322
0202-05-12_02:56:32.832000      10635.48        2.15024900e-03        1.29469188e-06  81.4763  80.8561
0202-05-12_02:56:34.098000      10636.75        1.97244700e-03        1.30129255e-06  81.4915  80.8934
0202-05-12_02:56:35.380000      10638.03        2.06298000e-03        1.24151471e-06  81.5134  80.8934
0202-05-12_02:56:36.652000      10639.30        1.94840400e-03        1.19475222e-06  81.5169  80.9009
0202-05-12_02:56:37.950000      10640.60        2.03559800e-03        1.26020111e-06  81.5090  80.9011
0202-05-12_02:56:39.234000      10641.88        2.27506600e-03        1.29738799e-06  81.5547  80.9343
0202-05-12_02:56:40.510000      10643.16        2.25369400e-03        1.27817449e-06  81.5327  80.9238
0202-05-12_02:56:41.780000      10644.43        2.12190100e-03        1.26413645e-06  81.5415  80.9309
0202-05-12_02:56:43.050000      10645.70        1.86046800e-03        1.30308969e-06  81.5711  80.9555
0202-05-12_02:56:44.324000      10646.98        2.04880700e-03        1.26928063e-06  81.5696  80.9878
0202-05-12_02:56:45.613000      10648.26        2.04954900e-03        1.29713983e-06  81.6024  80.9806
0202-05-12_02:56:46.883000      10649.53        2.00576700e-03        1.30256262e-06  81.6111  80.9875
0202-05-12_02:56:48.170000      10650.82        2.21688700e-03        1.25025311e-06  81.6196  81.0090
0202-05-12_02:56:49.453000      10652.10        2.06298100e-03        1.29596196e-06  81.6548  81.0103
0202-05-12_02:56:50.734000      10653.39        2.13236500e-03        1.25338301e-06  81.7047  81.0326