# Tc = 0.00 K, f37-6e20pm2-1200keV-0nA
#datetime                        t_s     iHTS_A                vHTS_V                tHTS_K  tTAR_K
0202-03-15_22:34:31.594000      8120.49        5.31353300e-03       -3.90467500e-09  71.4233  70.0525
0202-03-15_22:34:32.880000      8121.78        5.07265800e-03       -1.85800000e-10  71.3743  70.0193
0202-03-15_22:34:34.170000      8123.07        5.11755200e-03        3.19191500e-09  71.3986  70.0449
0202-03-15_22:34:35.445000      8124.35        4.95340700e-03        4.67941000e-09  71.4302  70.0359
0202-03-15_22:34:36.715000      8125.61        5.28221600e-03        5.26820000e-10  71.3955  70.0174
0202-03-15_22:34:37.996000      8126.90        5.02286300e-03       -1.23960000e-10  71.4051  70.0443
0202-03-15_22:34:39.266000      8128.17        5.08341600e-03       -6.01221500e-09  71.3935  70.0404
0202-03-15_22:34:40.560000      8129.46        4.97344200e-03        2.32421000e-09  71.4233  70.0538
0202-03-15_22:34:41.830000      8130.73        5.14078000e-03       -5.17524000e-09  71.4023  70.0521
0202-03-15_22:34:43.117000      8132.01        4.99028800e-03       -6.72471500e-09  71.4026  70.0652
0202-03-15_22:34:44.418000      8133.32        4.86435900e-03        1.51840500e-09  71.4009  70.0542
0202-03-15_22:34:45.700000      8134.60        4.74651700e-03       -2.29322000e-09  71.4373  70.0985
0202-03-15_22:34:46.977000      8135.88        4.93270200e-03       -3.12994000e-09  71.3918  70.0724
0202-03-15_22:34:48.254000      8137.16        4.66941600e-03        2.16926000e-09  71.3982  70.0566
0202-03-15_22:34:49.523000      8138.42        4.68893200e-03       -1.23958000e-09  71.4072  70.0810
0202-03-15_22:34:50.800000      8139.70        4.73071000e-03        3.77983500e-09  71.4187  70.0855
0202-03-15_22:34:52.080000      8140.98        4.93559400e-03       -4.95830000e-10  71.4038  70.1193
0202-03-15_22:34:53.375000      8142.27        4.69086100e-03       -4.74139500e-09  71.4151  70.1223
0202-03-15_22:34:54.670000      8143.57        5.00995100e-03       -3.47082500e-09  71.4402  70.1427
0202-03-15_22:34:55.977000      8144.87        5.32718400e-03       -3.19192000e-09  71.4385  70.1392
0202-03-15_22:34:57.266000      8146.16        5.07235800e-03       -9.60674500e-09  71.4270  70.1357
0202-03-15_22:34:58.550000      8147.45        5.24837700e-03       -1.36354000e-09  71.4028  70.1363
0202-03-15_22:34:59.816000      8148.72        5.15606300e-03       -2.57213000e-09  71.4330  70.1595
0202-03-15_22:35:01.094000      8149.99        5.09172700e-03       -9.91665000e-10  71.4793  70.1869
0202-03-15_22:35:02.395000      8151.29        5.00342100e-03        2.82106000e-09  71.4281  70.1787
0202-03-15_22:35:03.688000      8152.59        5.37104300e-03        2.69608500e-09  71.4918  70.2097
0202-03-15_22:35:04.980000      8153.88        5.37742500e-03       -4.92733000e-09  71.4909  70.2255
0202-03-15_22:35:06.258000      8155.16        5.19843800e-03        4.02863000e-09  71.4785  70.2228
0202-03-15_22:35:07.527000      8156.43        5.63781700e-03       -4.21457000e-09  71.4754  70.2263
0202-03-15_22:35:08.793000      8157.69        5.33201000e-03       -4.92724000e-09  71.4777  70.2384
0202-03-15_22:35:10.082000      8158.98        5.17558200e-03       -6.81770000e-10  71.5186  70.2504
0202-03-15_22:35:11.375000      8160.28        5.06709200e-03       -4.64845000e-10  71.4824  70.2303
0202-03-15_22:35:12.656000      8161.55        4.83534400e-03       -3.84269500e-09  71.4677  70.2323
0202-03-15_22:35:13.957000      8162.85        5.12860900e-03       -4.30696500e-09  71.5183  70.2974
0202-03-15_22:35:15.223000      8164.12        5.07918700e-03       -2.57212500e-09  71.5280  70.2951
0202-03-15_22:35:16.492000      8165.39        5.15072300e-03       -3.09900000e-11  71.5331  70.3102
0202-03-15_22:35:17.777000      8166.68        4.99874700e-03        3.81170500e-09  71.5493  70.3061
0202-03-15_22:35:19.062000      8167.96        5.22389100e-03        2.75806000e-09  71.5227  70.3000
0202-03-15_22:35:20.360000      8169.26        4.79594100e-03       -8.02623500e-09  71.5393  70.3192
0202-03-15_22:35:21.656000      8170.56        5.15399100e-03       -3.59477500e-09  71.5614  70.3552
0202-03-15_22:35:22.984000      8171.88        5.35509200e-03       -4.52446000e-09  71.5725  70.3462
0202-03-15_22:35:24.250000      8173.15        5.07607400e-03        4.86534000e-09  71.5289  70.3600
0202-03-15_22:35:25.523000      8174.42        5.19829100e-03       -1.17827500e-09  71.5510  70.3655
0202-03-15_22:35:26.812000      8175.71        5.09744400e-03       -4.40050500e-09  71.5661  70.3939
0202-03-15_22:35:28.090000      8176.99        5.13951900e-03       -8.98695000e-10  71.5984  70.4108
0202-03-15_22:35:29.390000      8178.29        4.98925100e-03        6.84867500e-09  71.5887  70.4110
0202-03-15_22:35:30.688000      8179.59        4.78688900e-03       -3.09900000e-11  71.6054  70.4380
0202-03-15_22:35:32.023000      8180.92        5.04705900e-03       -1.45634000e-09  71.6262  70.4289
0202-03-15_22:35:33.320000      8182.22        4.73034500e-03       -7.43750000e-10  71.5887  70.4438
0202-03-15_22:35:34.613000      8183.51        5.16816600e-03        3.68774500e-09  71.6068  70.4201
0202-03-15_22:35:35.900000      8184.80        5.28570900e-03       -3.00598000e-09  71.6368  70.4520
0202-03-15_22:35:37.176000      8186.08        5.03385000e-03       -6.51105000e-10  71.6444  70.4833
0202-03-15_22:35:38.465000      8187.36        4.98635800e-03        2.69608500e-09  71.6638  70.4837
0202-03-15_22:35:39.740000      8188.64        5.26834300e-03       -6.41482500e-09  71.6602  70.4864
0202-03-15_22:35:41.030000      8189.93        5.10575700e-03        4.21457000e-09  71.6954  70.5373
0202-03-15_22:35:42.387000      8191.28        5.47271200e-03        5.82602500e-09  71.6923  70.5159
0202-03-15_22:35:43.660000      8192.56        5.10115800e-03       -3.06818000e-09  71.6548  70.5223
0202-03-15_22:35:44.953000      8193.85        5.29431800e-03        1.42551500e-09  71.7310  70.5686
0202-03-15_22:35:46.242000      8195.14        5.01893700e-03       -4.64845000e-10  71.7307  70.5595
0202-03-15_22:35:47.527000      8196.43        4.96224300e-03        1.64244500e-09  71.6923  70.5472
0202-03-15_22:35:48.816000      8197.72        4.94762500e-03       -4.61735000e-09  71.6923  70.5554
0202-03-15_22:35:50.086000      8198.98        5.20341600e-03       -9.29685000e-10  71.7604  70.6009
0202-03-15_22:35:51.383000      8200.28        4.97085100e-03       -2.60312000e-09  71.7557  70.6254
0202-03-15_22:35:52.684000      8201.58        4.70333700e-03       -5.29920500e-09  71.7682  70.6217
0202-03-15_22:35:53.973000      8202.87        5.50217600e-03       -1.85937000e-09  71.7883  70.6577
0202-03-15_22:35:55.246000      8204.14        4.82793100e-03        2.04516000e-09  71.7959  70.6427
0202-03-15_22:35:56.516000      8205.41        4.75958600e-03        1.54947500e-09  71.7847  70.6467
0202-03-15_22:35:57.790000      8206.69        4.83379200e-03        9.29650000e-11  71.7633  70.6436
0202-03-15_22:35:59.060000      8207.96        5.45601500e-03       -2.97499000e-09  71.7885  70.7003
0202-03-15_22:36:00.330000      8209.23        4.74526000e-03       -4.64842500e-09  71.8017  70.6870
0202-03-15_22:36:01.617000      8210.52        4.88632800e-03       -4.27655000e-09  71.8537  70.7183
0202-03-15_22:36:02.895000      8211.79        4.87341600e-03        3.96665500e-09  71.8193  70.6890
0202-03-15_22:36:04.170000      8213.07        5.26018300e-03       -4.77238000e-09  71.8250  70.7153
0202-03-15_22:36:05.440000      8214.34        5.07221700e-03       -8.67705000e-10  71.8687  70.7453
0202-03-15_22:36:06.707000      8215.61        5.18538200e-03        4.36925500e-09  71.8958  70.7809
0202-03-15_22:36:07.996000      8216.90        5.00454100e-03       -7.12760000e-10  71.8695  70.7602
0202-03-15_22:36:09.260000      8218.16        4.92365500e-03        2.78905500e-09  71.8726  70.7735
0202-03-15_22:36:10.530000      8219.43        4.80818800e-03        5.33019000e-09  71.8696  70.7578
0202-03-15_22:36:11.816000      8220.71        5.30440600e-03        6.38383500e-09  71.9278  70.8180
0202-03-15_22:36:13.086000      8221.99        5.13231900e-03       -5.29919500e-09  71.8828  70.7850
0202-03-15_22:36:14.383000      8223.28        5.10716200e-03        3.37785500e-09  71.9142  70.8067
0202-03-15_22:36:15.676000      8224.57        5.22886100e-03       -1.12181950e-08  71.8790  70.8161
0202-03-15_22:36:16.957000      8225.86        5.10278400e-03        1.27057000e-09  71.9382  70.8214
0202-03-15_22:36:18.240000      8227.14        5.04705400e-03        2.75807500e-09  71.9538  70.8372
0202-03-15_22:36:19.510000      8228.41        5.23724600e-03       -8.05730000e-10  71.9527  70.8557
0202-03-15_22:36:20.780000      8229.68        5.20852700e-03       -3.12993500e-09  71.9600  70.8690
0202-03-15_22:36:22.060000      8230.96        5.00861300e-03        3.31587500e-09  71.9656  70.8610
0202-03-15_22:36:23.336000      8232.24        4.76588200e-03        1.86556700e-08  71.9637  70.8872
0202-03-15_22:36:24.617000      8233.52        4.93091700e-03        6.97309000e-09  72.0126  70.9033
0202-03-15_22:36:25.887000      8234.79        4.76996200e-03        1.61145500e-09  72.0348  70.9434
0202-03-15_22:36:27.176000      8236.08        4.94687000e-03        1.54947500e-09  72.0501  70.9009
0202-03-15_22:36:28.465000      8237.36        4.81738100e-03       -6.10492500e-09  71.9920  70.9314
0202-03-15_22:36:29.750000      8238.65        5.11354100e-03        5.98093500e-09  72.0518  70.9367
0202-03-15_22:36:31.023000      8239.92        5.32792500e-03       -5.98097000e-09  72.0585  70.9685
0202-03-15_22:36:32.305000      8241.21        5.06701500e-03        9.11090000e-09  72.0839  70.9759
0202-03-15_22:36:33.613000      8242.51        5.03488400e-03       -3.53280000e-09  72.0676  70.9827
0202-03-15_22:36:34.890000      8243.79        5.14226300e-03       -1.45650500e-09  72.1017  71.0290
0202-03-15_22:36:36.176000      8245.08        5.23413000e-03       -1.06914400e-08  72.1016  71.0082
0202-03-15_22:36:37.450000      8246.35        5.09981600e-03        6.50780000e-10  72.1011  71.0096
0202-03-15_22:36:38.727000      8247.62        5.46113000e-03        3.28488500e-09  72.0887  71.0087
0202-03-15_22:36:40.008000      8248.91        5.11243200e-03        7.84033500e-09  72.1439  71.0119
0202-03-15_22:36:41.285000      8250.18        5.24526200e-03       -3.74972500e-09  72.1648  71.0586
0202-03-15_22:36:42.562000      8251.46        4.94435400e-03        5.70206500e-09  72.1639  71.0739
0202-03-15_22:36:43.832000      8252.73        5.09150600e-03        4.64842000e-09  72.1634  71.0813
0202-03-15_22:36:45.098000      8254.00        5.06687000e-03        8.18122000e-09  72.1626  71.0585
0202-03-15_22:36:46.390000      8255.29        4.98309000e-03        1.58046000e-09  72.1948  71.0735
0202-03-15_22:36:47.684000      8256.58        5.29928500e-03       -4.15273000e-09  72.2144  71.1239
0202-03-15_22:36:48.990000      8257.89        4.90828900e-03        5.45414500e-09  72.1586  71.1066
0202-03-15_22:36:50.258000      8259.16        4.80581100e-03        9.60675000e-10  72.2090  71.1282
0202-03-15_22:36:51.527000      8260.42        4.95429900e-03       -4.49347500e-09  72.2315  71.1123
0202-03-15_22:36:52.812000      8261.71        5.11354700e-03        8.98695000e-10  72.2297  71.1351
0202-03-15_22:36:54.086000      8262.98        4.93827000e-03       -6.13610000e-09  72.2546  71.1941
0202-03-15_22:36:55.387000      8264.28        5.45586300e-03       -6.19800000e-11  72.2730  71.1769
0202-03-15_22:36:56.676000      8265.58        5.34010100e-03        3.68775000e-09  72.2888  71.2025
0202-03-15_22:36:58.016000      8266.92        5.03340300e-03        3.22290500e-09  72.2724  71.1947
0202-03-15_22:36:59.332000      8268.23        5.12215600e-03       -4.83360000e-09  72.3022  71.2138
0202-03-15_22:37:00.620000      8269.52        5.13803700e-03        1.14041200e-08  72.2981  71.2303
0202-03-15_22:37:01.895000      8270.79        5.10761100e-03        1.85940000e-10  72.2978  71.2159
0202-03-15_22:37:03.164000      8272.06        5.06419900e-03       -1.98332500e-09  72.3416  71.2550
0202-03-15_22:37:04.453000      8273.35        4.93671200e-03       -7.74735000e-10  72.3877  71.2861
0202-03-15_22:37:05.723000      8274.62        4.96283300e-03        3.62568000e-09  72.3367  71.2645
0202-03-15_22:37:07.035000      8275.93        4.81768400e-03       -7.71637500e-09  72.3634  71.2760
0202-03-15_22:37:08.350000      8277.25        4.91897600e-03        1.31395350e-08  72.3773  71.2896
0202-03-15_22:37:09.625000      8278.52        4.81835000e-03        1.52778100e-08  72.3627  71.2761
0202-03-15_22:37:10.918000      8279.82        5.09603100e-03        1.47191400e-08  72.4068  71.2997
0202-03-15_22:37:12.188000      8281.09        5.27843000e-03       -9.60670000e-10  72.3937  71.3207
0202-03-15_22:37:13.460000      8282.36        5.05016900e-03       -3.50181500e-09  72.4015  71.3289
0202-03-15_22:37:14.734000      8283.63        5.19145800e-03        7.09659500e-09  72.4373  71.3743
0202-03-15_22:37:16.016000      8284.92        4.89552200e-03       -7.71638500e-09  72.3916  71.3351
0202-03-15_22:37:17.300000      8286.20        5.04460300e-03        1.14691500e-09  72.4595  71.3809
0202-03-15_22:37:18.570000      8287.47        5.16845500e-03       -2.78905500e-09  72.4335  71.3861
0202-03-15_22:37:19.840000      8288.74        4.90791600e-03       -7.74735000e-10  72.4463  71.3661
0202-03-15_22:37:21.117000      8290.01        4.98420100e-03       -9.29700000e-11  72.4544  71.3804
0202-03-15_22:37:22.402000      8291.30        4.95481500e-03       -2.47938000e-09  72.4758  71.4059
0202-03-15_22:37:23.695000      8292.59        5.14775300e-03        4.86535000e-09  72.4505  71.3995
0202-03-15_22:37:24.984000      8293.88        5.08742200e-03       -1.27057000e-09  72.5067  71.4242
0202-03-15_22:37:26.258000      8295.16        4.96461000e-03       -4.95832000e-09  72.5093  71.4364
0202-03-15_22:37:27.550000      8296.45        5.18218700e-03       -2.91301000e-09  72.5451  71.4459
0202-03-15_22:37:28.820000      8297.72        5.16363700e-03        5.70218500e-09  72.5408  71.4594
0202-03-15_22:37:30.098000      8299.00        5.19688200e-03        7.87133000e-09  72.5289  71.4523
0202-03-15_22:37:31.406000      8300.31        5.16779400e-03        4.15259500e-09  72.5301  71.4560
0202-03-15_22:37:32.690000      8301.59        5.10011700e-03       -9.29700000e-11  72.6091  71.5042
0202-03-15_22:37:33.984000      8302.88        4.97938300e-03       -1.31084450e-08  72.5653  71.5177
0202-03-15_22:37:35.254000      8304.15        4.94094400e-03       -1.23958000e-09  72.5835  71.5151
0202-03-15_22:37:36.520000      8305.42        4.73925000e-03        4.98930500e-09  72.5505  71.4805
0202-03-15_22:37:37.793000      8306.69        5.12854000e-03       -3.87368000e-09  72.6405  71.5437
0202-03-15_22:37:39.066000      8307.97        4.83928100e-03        1.89036000e-09  72.6110  71.5673
0202-03-15_22:37:40.360000      8309.26        5.05455600e-03       -6.16350000e-11  72.6497  71.5650
0202-03-15_22:37:41.633000      8310.53        5.37216100e-03       -1.23960000e-10  72.6371  71.5902
0202-03-15_22:37:42.945000      8311.84        5.11496000e-03       -3.53280000e-09  72.6862  71.5888
0202-03-15_22:37:44.223000      8313.12        5.26307700e-03        1.02265000e-09  72.6334  71.5809
0202-03-15_22:37:45.508000      8314.41        4.97930900e-03       -4.83435500e-09  72.6521  71.5999
0202-03-15_22:37:46.780000      8315.68        5.05648100e-03        1.39452000e-09  72.7195  71.6245
0202-03-15_22:37:48.070000      8316.97        5.01321800e-03        4.05962000e-09  72.6895  71.6258
0202-03-15_22:37:49.383000      8318.28        5.30025100e-03        1.51848500e-09  72.6797  71.6229
0202-03-15_22:37:50.664000      8319.56        4.72848700e-03       -5.88800000e-09  72.7200  71.6582
0202-03-15_22:37:51.938000      8320.84        5.18634400e-03       -3.00631000e-09  72.7298  71.6565
0202-03-15_22:37:53.207000      8322.11        5.03429400e-03       -3.68774500e-09  72.7495  71.6642
0202-03-15_22:37:54.492000      8323.39        5.30596500e-03        1.36353500e-09  72.6825  71.6515
0202-03-15_22:37:55.758000      8324.66        5.06627600e-03        4.36951500e-09  72.7420  71.6725
0202-03-15_22:37:57.043000      8325.94        5.13603000e-03        8.89398000e-09  72.8058  71.7166
0202-03-15_22:37:58.336000      8327.23        5.15035100e-03        1.02230000e-09  72.7418  71.6679
0202-03-15_22:37:59.605000      8328.50        5.30418100e-03       -3.09895000e-09  72.7924  71.7269
0202-03-15_22:38:00.883000      8329.78        5.08564200e-03        2.54113500e-09  72.8129  71.7450
0202-03-15_22:38:02.152000      8331.05        5.27204800e-03        1.36354000e-09  72.7565  71.7282
0202-03-15_22:38:03.426000      8332.33        5.16578600e-03        5.42322000e-09  72.8041  71.7448
0202-03-15_22:38:04.695000      8333.60        5.20044100e-03        4.95832000e-09  72.8739  71.7866
0202-03-15_22:38:05.970000      8334.87        5.03570300e-03       -5.08227500e-09  72.8359  71.7716
0202-03-15_22:38:07.260000      8336.16        4.96498500e-03       -5.11326500e-09  72.9026  71.8199
0202-03-15_22:38:08.560000      8337.46        5.01314500e-03       -8.05730000e-10  72.8345  71.7749
0202-03-15_22:38:09.824000      8338.73        5.12839000e-03       -6.53851500e-09  72.8622  71.7712
0202-03-15_22:38:11.098000      8340.00        5.23599000e-03        1.14661000e-09  72.9232  71.8535
0202-03-15_22:38:12.383000      8341.28        5.19822000e-03        1.39453000e-09  72.9010  71.8175
0202-03-15_22:38:13.660000      8342.56        4.89367600e-03        8.67705000e-10  72.8636  71.8124
0202-03-15_22:38:14.953000      8343.85        4.91860900e-03        1.02247000e-09  72.9366  71.8623
0202-03-15_22:38:16.223000      8345.12        4.71231600e-03       -3.96665500e-09  72.8796  71.8445
0202-03-15_22:38:17.500000      8346.40        4.93597800e-03        6.01196500e-09  72.9639  71.8710
0202-03-15_22:38:18.773000      8347.67        5.28697900e-03        9.14190500e-09  72.9455  71.8883
0202-03-15_22:38:20.047000      8348.94        5.08038700e-03       -1.85935000e-10  72.9548  71.8808
0202-03-15_22:38:21.363000      8350.26        4.99645900e-03       -1.06288850e-08  72.9972  71.9049
0202-03-15_22:38:22.656000      8351.56        5.14487200e-03       -2.88202000e-09  73.0283  71.9489
0202-03-15_22:38:23.980000      8352.88        4.85850600e-03        5.17524500e-09  72.9791  71.9139
0202-03-15_22:38:25.246000      8354.15        4.94800000e-03        2.47916000e-09  73.0248  71.9593
0202-03-15_22:38:26.520000      8355.42        4.96647800e-03       -2.78905500e-09  72.9750  71.9380
0202-03-15_22:38:27.810000      8356.71        5.04068300e-03       -8.05725000e-10  73.0428  71.9480
0202-03-15_22:38:29.080000      8357.98        5.15466400e-03        3.34686500e-09  73.0724  71.9706
0202-03-15_22:38:30.367000      8359.27        5.14694600e-03        8.98695000e-10  73.0373  71.9716
0202-03-15_22:38:31.668000      8360.57        4.97671300e-03       -5.51613500e-09  73.0763  71.9848
0202-03-15_22:38:32.980000      8361.88        5.09774300e-03       -4.64780000e-10  73.0776  72.0134
0202-03-15_22:38:34.270000      8363.17        5.06271500e-03        6.07394500e-09  73.0319  71.9717
0202-03-15_22:38:35.543000      8364.44        4.90005200e-03       -1.58046500e-09  73.0928  72.0326
0202-03-15_22:38:36.820000      8365.72        4.98961900e-03       -4.95830000e-10  73.1555  72.0325
0202-03-15_22:38:38.105000      8367.01        5.18708300e-03       -4.30754500e-09  73.0950  72.0340
0202-03-15_22:38:39.395000      8368.29        4.65591100e-03        1.35734800e-08  73.2138  72.0932
0202-03-15_22:38:40.668000      8369.57        4.88387400e-03       -3.68775000e-09  73.1455  72.0951
0202-03-15_22:38:41.970000      8370.87        4.94628100e-03       -3.40885000e-10  73.1566  72.0509
0202-03-15_22:38:43.250000      8372.15        5.04742500e-03        2.66509500e-09  73.1663  72.0944
0202-03-15_22:38:44.523000      8373.42        5.09373000e-03        1.33175000e-09  73.1455  72.0694
0202-03-15_22:38:45.793000      8374.69        4.99948700e-03        2.47916500e-09  73.1700  72.1110
0202-03-15_22:38:47.074000      8375.98        4.86391300e-03        1.17140400e-08  73.2669  72.1475
0202-03-15_22:38:48.380000      8377.28        4.75661000e-03        9.32784000e-09  73.1706  72.0999
0202-03-15_22:38:49.664000      8378.56        4.75742600e-03        7.15857500e-09  73.2203  72.1493
0202-03-15_22:38:50.980000      8379.88        4.87140800e-03        8.70811500e-09  73.2337  72.1876
0202-03-15_22:38:52.266000      8381.17        4.88380100e-03        4.49347500e-09  73.2062  72.1293
0202-03-15_22:38:53.580000      8382.48        4.50371400e-03        4.18358500e-09  73.2657  72.1948
0202-03-15_22:38:54.863000      8383.76        4.80031900e-03        6.50779500e-09  73.2722  72.1874
0202-03-15_22:38:56.152000      8385.05        4.68997200e-03        6.53898000e-09  73.2242  72.1866
0202-03-15_22:38:57.420000      8386.32        4.65049400e-03        1.04434600e-08  73.3113  72.2391
0202-03-15_22:38:58.690000      8387.59        5.15213200e-03        7.90232500e-09  73.3218  72.2690
0202-03-15_22:38:59.970000      8388.87        4.63617500e-03        1.27676750e-08  73.2493  72.1878
0202-03-15_22:39:01.242000      8390.14        4.88692000e-03        1.91205250e-08  73.2911  72.2392
0202-03-15_22:39:02.523000      8391.42        4.96587600e-03        2.04222100e-08  73.2594  72.2075
0202-03-15_22:39:03.810000      8392.71        5.00394600e-03        2.03291100e-08  73.3221  72.2361
0202-03-15_22:39:05.074000      8393.98        4.90940600e-03        2.32731100e-08  73.3739  72.2887
0202-03-15_22:39:06.367000      8395.26        5.15696200e-03        3.14853250e-08  73.3325  72.2575
0202-03-15_22:39:07.660000      8396.56        5.02635800e-03        3.44607100e-08  73.3782  72.3087
0202-03-15_22:39:08.957000      8397.86        5.21722100e-03        6.10492500e-08  73.3857  72.3069
0202-03-15_22:39:10.227000      8399.13        5.11125400e-03        5.43865150e-08  73.3354  72.2750
0202-03-15_22:39:11.496000      8400.39        4.83676300e-03        7.03770800e-08  73.3948  72.3302
0202-03-15_22:39:12.770000      8401.67        5.18219700e-03        8.02627200e-08  73.4011  72.3061
0202-03-15_22:39:14.060000      8402.96        5.12008600e-03        7.84350550e-08  73.4343  72.3200
0202-03-15_22:39:15.350000      8404.25        4.89293800e-03        9.94761300e-08  73.4779  72.3701
0202-03-15_22:39:16.637000      8405.54        5.02242900e-03        1.28730170e-07  73.4701  72.3834
0202-03-15_22:39:17.918000      8406.82        4.96054000e-03        1.26158040e-07  73.4696  72.3672
0202-03-15_22:39:19.203000      8408.10        5.32972100e-03        1.59626610e-07  73.4812  72.4028
0202-03-15_22:39:20.477000      8409.38        5.15704000e-03        1.64615990e-07  73.4752  72.3906
0202-03-15_22:39:21.746000      8410.64        5.06665400e-03        1.79459940e-07  73.4759  72.4049
0202-03-15_22:39:23.060000      8411.96        5.18056200e-03        1.72549290e-07  73.5160  72.4538
0202-03-15_22:39:24.360000      8413.26        5.41920900e-03        2.25417305e-07  73.5367  72.4219
0202-03-15_22:39:25.630000      8414.53        5.02138600e-03        2.19684435e-07  73.4865  72.4097
0202-03-15_22:39:26.900000      8415.80        4.86243400e-03        2.41004970e-07  73.5756  72.4804
0202-03-15_22:39:28.168000      8417.07        4.86792600e-03        2.51293465e-07  73.5480  72.4320
0202-03-15_22:39:29.445000      8418.34        4.90666100e-03        2.66664235e-07  73.5779  72.4718
0202-03-15_22:39:30.730000      8419.63        5.35182900e-03        3.19160365e-07  73.6037  72.5036
0202-03-15_22:39:32.023000      8420.92        4.78028600e-03        3.13737255e-07  73.5454  72.4695
0202-03-15_22:39:33.297000      8422.20        4.89441500e-03        3.46617095e-07  73.6298  72.5288
0202-03-15_22:39:34.586000      8423.48        4.92869900e-03        2.62728635e-07  73.5926  72.5110
0202-03-15_22:39:35.860000      8424.76        5.03830100e-03        3.35027040e-07  73.5811  72.5024
0202-03-15_22:39:37.152000      8426.05        5.19710200e-03        4.07696690e-07  73.6543  72.5676
0202-03-15_22:39:38.420000      8427.32        5.02613000e-03        4.25206630e-07  73.6025  72.5212
0202-03-15_22:39:39.700000      8428.60        4.81620000e-03        4.16622550e-07  73.6086  72.5575
0202-03-15_22:39:40.980000      8429.88        5.22819700e-03        4.45628700e-07  73.6466  72.5582
0202-03-15_22:39:42.258000      8431.16        4.70815600e-03        4.39957625e-07  73.6368  72.5397
0202-03-15_22:39:43.527000      8432.43        4.82503300e-03        4.80089010e-07  73.6336  72.5581
0202-03-15_22:39:44.800000      8433.70        4.93077700e-03        5.05686280e-07  73.7064  72.6290
0202-03-15_22:39:46.086000      8434.99        4.99207200e-03        5.49691335e-07  73.6618  72.5764
0202-03-15_22:39:47.370000      8436.27        5.08460800e-03        5.71879800e-07  73.7400  72.6265
0202-03-15_22:39:48.664000      8437.56        4.97426200e-03        5.85670440e-07  73.7437  72.6546
0202-03-15_22:39:50             8438.90        5.05269900e-03        6.05874920e-07  73.6541  72.6007
0202-03-15_22:39:51.270000      8440.17        5.03118000e-03        6.12816560e-07  73.7769  72.6822
0202-03-15_22:39:52.543000      8441.44        5.28570900e-03        6.46099240e-07  73.7415  72.6761
0202-03-15_22:39:53.812000      8442.71        5.08045300e-03        6.67574935e-07  73.7189  72.6257
0202-03-15_22:39:55.086000      8443.98        5.09255000e-03        6.85920565e-07  73.7693  72.7036
0202-03-15_22:39:56.380000      8445.28        4.98279800e-03        6.97634935e-07  73.7402  72.6981
0202-03-15_22:39:57.670000      8446.57        5.27532200e-03        7.19792410e-07  73.7780  72.7182
0202-03-15_22:39:58.977000      8447.88        4.97352200e-03        7.22209585e-07  73.8172  72.7324
0202-03-15_22:40:00.246000      8449.14        4.92959100e-03        7.42662730e-07  73.8124  72.7367
0202-03-15_22:40:01.510000      8450.41        5.28608100e-03        7.60016520e-07  73.8612  72.7553
0202-03-15_22:40:02.793000      8451.69        5.11177000e-03        7.66400350e-07  73.8072  72.7485
0202-03-15_22:40:04.070000      8452.97        5.06813600e-03        7.62898540e-07  73.8435  72.7527
0202-03-15_22:40:05.387000      8454.29        5.10753800e-03        8.14619950e-07  73.8702  72.8009
0202-03-15_22:40:06.664000      8455.56        5.25810300e-03        7.89208745e-07  73.9006  72.7951
0202-03-15_22:40:07.992000      8456.89        5.24281600e-03        8.34453015e-07  73.8543  72.8089
0202-03-15_22:40:09.258000      8458.16        5.04327400e-03        8.19856985e-07  73.9308  72.8136
0202-03-15_22:40:10.527000      8459.43        5.24385500e-03        8.55990685e-07  73.8416  72.7971
0202-03-15_22:40:11.800000      8460.70        5.02561400e-03        8.69006245e-07  73.8690  72.7748
0202-03-15_22:40:13.082000      8461.98        5.12497800e-03        8.80193495e-07  73.9176  72.8467
0202-03-15_22:40:14.367000      8463.27        5.55448700e-03        8.95409320e-07  73.9377  72.8171
0202-03-15_22:40:15.664000      8464.56        5.24845700e-03        8.82610675e-07  73.8727  72.8311
0202-03-15_22:40:16.977000      8465.88        4.94190800e-03        8.82796610e-07  73.9977  72.8910
0202-03-15_22:40:18.270000      8467.17        5.07258500e-03        9.10408530e-07  73.9639  72.8952
0202-03-15_22:40:19.540000      8468.44        4.92528300e-03        9.33154105e-07  74.0109  72.9006
0202-03-15_22:40:20.810000      8469.71        5.23643100e-03        9.46355605e-07  74.0053  72.9274
0202-03-15_22:40:22.090000      8470.99        5.38373100e-03        9.45611860e-07  73.9811  72.8980
0202-03-15_22:40:23.387000      8472.29        5.26737400e-03        9.75671620e-07  74.0307  72.9443
0202-03-15_22:40:24.660000      8473.56        5.36480800e-03        9.88872930e-07  74.0481  72.9278
0202-03-15_22:40:25.965000      8474.86        5.34722100e-03        9.48679630e-07  74.0087  72.9135
0202-03-15_22:40:27.242000      8476.14        5.49059000e-03        9.89957560e-07  74.0363  72.9663
0202-03-15_22:40:28.510000      8477.41        5.25023400e-03        1.00514238e-06  74.0498  72.9408
0202-03-15_22:40:29.777000      8478.68        5.05076600e-03        1.01986200e-06  74.0322  72.9650
0202-03-15_22:40:31.060000      8479.96        5.38655100e-03        1.03188667e-06  74.1212  73.0162
0202-03-15_22:40:32.360000      8481.26        5.37549400e-03        1.03445880e-06  74.0589  72.9736
0202-03-15_22:40:33.637000      8482.53        4.93055100e-03        9.95474075e-07  74.0881  73.0106
0202-03-15_22:40:34.914000      8483.81        5.39241500e-03        1.06786543e-06  74.1180  73.0436
0202-03-15_22:40:36.184000      8485.08        5.12319400e-03        1.04291931e-06  74.0647  72.9999
0202-03-15_22:40:37.465000      8486.37        5.05388600e-03        1.06684338e-06  74.1199  73.0428
0202-03-15_22:40:38.740000      8487.64        4.94005200e-03        1.08100557e-06  74.1785  73.0739
0202-03-15_22:40:40.020000      8488.92        5.10701700e-03        1.06343455e-06  74.1226  73.0284
0202-03-15_22:40:41.324000      8490.22        5.29535600e-03        1.05144183e-06  74.1692  73.0830
0202-03-15_22:40:42.617000      8491.52        5.31250000e-03        1.09457852e-06  74.1465  73.0450
0202-03-15_22:40:43.887000      8492.79        5.27116700e-03        1.02922177e-06  74.1461  73.0797
0202-03-15_22:40:45.160000      8494.06        5.20141200e-03        1.10592067e-06  74.2271  73.1521
0202-03-15_22:40:46.430000      8495.33        5.24007300e-03        1.11187064e-06  74.2155  73.0980
0202-03-15_22:40:47.707000      8496.61        4.98524600e-03        1.03659731e-06  74.1713  73.0993
0202-03-15_22:40:48.992000      8497.89        5.23443400e-03        1.12181897e-06  74.2580  73.1269
0202-03-15_22:40:50.266000      8499.17        4.71854700e-03        1.11531118e-06  74.2051  73.1551
0202-03-15_22:40:51.550000      8500.45        4.86644000e-03        1.12405021e-06  74.2895  73.1698
0202-03-15_22:40:52.820000      8501.72        5.02583500e-03        1.12401928e-06  74.2410  73.1572
0202-03-15_22:40:54.094000      8502.99        5.25936300e-03        1.13743747e-06  74.2552  73.1718
0202-03-15_22:40:55.383000      8504.28        4.98969400e-03        1.09922745e-06  74.3376  73.2163
0202-03-15_22:40:56.684000      8505.58        5.00527600e-03        1.14410020e-06  74.3041  73.2084
0202-03-15_22:40:57.980000      8506.88        5.04913300e-03        1.14028849e-06  74.2863  73.2007
0202-03-15_22:40:59.246000      8508.15        4.94665500e-03        1.15060799e-06  74.3379  73.2320
0202-03-15_22:41:00.527000      8509.43        5.05840900e-03        1.15717773e-06  74.2857  73.2100
0202-03-15_22:41:01.816000      8510.72        5.21936200e-03        1.16907769e-06  74.3141  73.2178
0202-03-15_22:41:03.098000      8512.00        5.03414200e-03        1.11735627e-06  74.3515  73.2575
0202-03-15_22:41:04.402000      8513.30        5.28243900e-03        1.16548278e-06  74.3514  73.2508
0202-03-15_22:41:05.695000      8514.59        5.42216900e-03        1.13591980e-06  74.3762  73.2614
0202-03-15_22:41:07.008000      8515.91        4.90657900e-03        1.17189860e-06  74.4239  73.3136
0202-03-15_22:41:08.330000      8517.23        4.90568900e-03        1.17180564e-06  74.3645  73.2963
0202-03-15_22:41:09.625000      8518.52        4.79304500e-03        1.17109287e-06  74.3654  73.2723
0202-03-15_22:41:10.906000      8519.81        4.67861900e-03        1.13325479e-06  74.4228  73.3405
0202-03-15_22:41:12.188000      8521.09        4.90109100e-03        1.18857052e-06  74.4172  73.3157
0202-03-15_22:41:13.457000      8522.36        4.75935700e-03        1.17918070e-06  74.4427  73.3505
0202-03-15_22:41:14.727000      8523.63        5.08148900e-03        1.15417219e-06  74.4574  73.3769
0202-03-15_22:41:16.020000      8524.92        4.78555300e-03        1.17704244e-06  74.4313  73.3631
0202-03-15_22:41:17.320000      8526.22        4.85100200e-03        1.16873706e-06  74.4972  73.4034
0202-03-15_22:41:18.598000      8527.50        4.86376600e-03        1.19594582e-06  74.4167  73.3488
0202-03-15_22:41:19.870000      8528.77        4.59721800e-03        1.16817925e-06  74.4634  73.3722
0202-03-15_22:41:21.145000      8530.04        4.79787500e-03        1.19390051e-06  74.4907  73.4093
0202-03-15_22:41:22.440000      8531.34        5.11600000e-03        1.19284695e-06  74.4483  73.3802
0202-03-15_22:41:23.746000      8532.64        4.75327700e-03        1.18943793e-06  74.5203  73.4030
0202-03-15_22:41:25.020000      8533.92        4.91052300e-03        1.19157620e-06  74.5676  73.4696
0202-03-15_22:41:26.320000      8535.22        4.92373100e-03        1.17481090e-06  74.5103  73.4085
0202-03-15_22:41:27.594000      8536.49        4.91393500e-03        1.17921141e-06  74.5869  73.4661
0202-03-15_22:41:28.875000      8537.78        5.02569100e-03        1.18004775e-06  74.6155  73.4872
0202-03-15_22:41:30.145000      8539.04        5.09158800e-03        1.17270326e-06  74.5233  73.4408
0202-03-15_22:41:31.438000      8540.34        4.83906200e-03        1.16349938e-06  74.6206  73.4891
0202-03-15_22:41:32.727000      8541.63        4.90555200e-03        1.18621466e-06  74.6352  73.5248
0202-03-15_22:41:34.010000      8542.91        4.71736200e-03        1.20403363e-06  74.5782  73.5227
0202-03-15_22:41:35.305000      8544.20        4.79913700e-03        1.17422168e-06  74.6329  73.5430
0202-03-15_22:41:36.600000      8545.50        5.06976900e-03        1.20877494e-06  74.6469  73.5482
0202-03-15_22:41:37.880000      8546.78        5.09061900e-03        1.20818614e-06  74.6223  73.5257
0202-03-15_22:41:39.160000      8548.06        5.24645300e-03        1.20648172e-06  74.6330  73.5377
0202-03-15_22:41:40.440000      8549.34        5.23673300e-03        1.20521120e-06  74.6199  73.5433
0202-03-15_22:41:41.723000      8550.62        4.86362000e-03        1.21788589e-06  74.6650  73.5747
0202-03-15_22:41:43.030000      8551.93        5.05025000e-03        1.15132052e-06  74.6877  73.6118
0202-03-15_22:41:44.312000      8553.21        5.30121600e-03        1.21497287e-06  74.6517  73.5843
0202-03-15_22:41:45.594000      8554.49        4.83096700e-03        1.20146148e-06  74.7006  73.6034
0202-03-15_22:41:46.860000      8555.76        4.91897700e-03        1.17648395e-06  74.7715  73.6601
0202-03-15_22:41:48.137000      8557.04        5.20385700e-03        1.19390003e-06  74.7143  73.6446
0202-03-15_22:41:49.418000      8558.32        5.12274800e-03        1.19792866e-06  74.8057  73.6670
0202-03-15_22:41:50.700000      8559.60        4.86643800e-03        1.21435307e-06  74.8066  73.6609
0202-03-15_22:41:51.977000      8560.87        4.82198900e-03        1.20973578e-06  74.7492  73.6326
0202-03-15_22:41:53.266000      8562.16        4.96706300e-03        1.22423917e-06  74.7641  73.6963
0202-03-15_22:41:54.547000      8563.45        4.88543800e-03        1.22712119e-06  74.7413  73.6577
0202-03-15_22:41:55.812000      8564.71        5.01114600e-03        1.22334047e-06  74.7957  73.6840
0202-03-15_22:41:57.113000      8566.01        4.99845600e-03        1.22340235e-06  74.8010  73.7258
0202-03-15_22:41:58.430000      8567.33        4.95845800e-03        1.18249664e-06  74.8503  73.7267
0202-03-15_22:41:59.703000      8568.60        4.69116600e-03        1.22120250e-06  74.8074  73.6967
0202-03-15_22:42:00.992000      8569.89        4.86429100e-03        1.22826810e-06  74.8780  73.7550
0202-03-15_22:42:02.260000      8571.16        5.07222000e-03        1.17437739e-06  74.7835  73.7003
0202-03-15_22:42:03.580000      8572.48        4.81056800e-03        1.22033489e-06  74.8728  73.7809
0202-03-15_22:42:04.860000      8573.76        5.05344800e-03        1.22315549e-06  74.8934  73.7912
0202-03-15_22:42:06.137000      8575.04        5.14776500e-03        1.23325806e-06  74.8993  73.7781
0202-03-15_22:42:07.440000      8576.34        5.05671400e-03        1.23019010e-06  74.9632  73.8419
0202-03-15_22:42:08.707000      8577.61        4.78904800e-03        1.19266159e-06  74.9270  73.8287
0202-03-15_22:42:10.030000      8578.93        5.05307600e-03        1.23567593e-06  74.8583  73.7830
0202-03-15_22:42:11.360000      8580.26        5.25261900e-03        1.20471741e-06  74.9732  73.8666
0202-03-15_22:42:12.637000      8581.54        5.09819300e-03        1.22668898e-06  74.9379  73.8752
0202-03-15_22:42:13.906000      8582.80        4.78140300e-03        1.23102751e-06  74.9411  73.8230
0202-03-15_22:42:15.180000      8584.08        4.89671900e-03        1.15779933e-06  74.9518  73.8504
0202-03-15_22:42:16.457000      8585.36        4.86362200e-03        1.21984056e-06  74.8853  73.8356
0202-03-15_22:42:17.750000      8586.65        4.92372800e-03        1.18417162e-06  74.9782  73.8841
0202-03-15_22:42:19.055000      8587.95        4.86273100e-03        1.21739239e-06  75.0049  73.9209
0202-03-15_22:42:20.370000      8589.27        4.71721100e-03        1.23099677e-06  74.9582  73.8913
0202-03-15_22:42:21.650000      8590.55        4.95348300e-03        1.19842688e-06  74.9876  73.9012
0202-03-15_22:42:22.992000      8591.89        4.75334600e-03        1.23037708e-06  75.0809  73.9313
0202-03-15_22:42:24.277000      8593.17        4.75104400e-03        1.22780495e-06  75.0083  73.9169
0202-03-15_22:42:25.580000      8594.48        4.71208500e-03        1.21922085e-06  75.0663  73.9538
0202-03-15_22:42:26.875000      8595.77        4.72195600e-03        1.23645095e-06  75.0947  73.9647
0202-03-15_22:42:28.152000      8597.05        4.94880700e-03        1.23390945e-06  75.1112  73.9685
0202-03-15_22:42:29.453000      8598.35        4.93730600e-03        1.23902272e-06  75.0972  73.9989
0202-03-15_22:42:30.727000      8599.63        4.90569300e-03        1.23251492e-06  75.1108  73.9780
0202-03-15_22:42:32.016000      8600.92        5.24793500e-03        1.23164724e-06  75.0720  73.9744
0202-03-15_22:42:33.305000      8602.20        5.04268000e-03        1.20164930e-06  75.1377  74.0294
0202-03-15_22:42:34.600000      8603.50        5.00631900e-03        1.23521094e-06  75.0257  73.9511
0202-03-15_22:42:35.875000      8604.77        4.83037600e-03        1.24020025e-06  75.0885  73.9896
0202-03-15_22:42:37.140000      8606.04        5.10093400e-03        1.21255760e-06  75.1500  74.0836
0202-03-15_22:42:38.414000      8607.32        4.74043800e-03        1.24326821e-06  75.1006  74.0236
0202-03-15_22:42:39.715000      8608.62        5.06108800e-03        1.24618024e-06  75.1337  74.0502
0202-03-15_22:42:41.023000      8609.92        4.76567000e-03        1.17428464e-06  75.1577  74.0765
0202-03-15_22:42:42.363000      8611.26        4.78793200e-03        1.24292635e-06  75.1190  74.0633
0202-03-15_22:42:43.633000      8612.53        5.16379000e-03        1.24404211e-06  75.1618  74.0725
0202-03-15_22:42:44.910000      8613.81        5.02138600e-03        1.23220355e-06  75.2331  74.0807
0202-03-15_22:42:46.190000      8615.09        4.76848900e-03        1.24029180e-06  75.1485  74.1005
0202-03-15_22:42:47.480000      8616.38        5.02183100e-03        1.24063269e-06  75.2361  74.1262
0202-03-15_22:42:48.754000      8617.66        4.77502000e-03        1.19867294e-06  75.2697  74.1428
0202-03-15_22:42:50.050000      8618.95        5.32430100e-03        1.24063268e-06  75.2315  74.1264
0202-03-15_22:42:51.350000      8620.25        5.30671400e-03        1.23610814e-06  75.2234  74.1742
0202-03-15_22:42:52.637000      8621.53        4.95044600e-03        1.14379049e-06  75.2922  74.1932
0202-03-15_22:42:53.965000      8622.87        4.98880900e-03        1.23737870e-06  75.2730  74.1709
0202-03-15_22:42:55.246000      8624.15        4.86792600e-03        1.23062313e-06  75.3213  74.2041
0202-03-15_22:42:56.530000      8625.43        4.77108500e-03        1.24323522e-06  75.2249  74.1608
0202-03-15_22:42:57.797000      8626.70        5.10783600e-03        1.21137805e-06  75.2721  74.2077
0202-03-15_22:42:59.090000      8627.99        5.08127100e-03        1.24571437e-06  75.3406  74.2456
0202-03-15_22:43:00.390000      8629.29        4.93731200e-03        1.23635556e-06  75.3093  74.2055
0202-03-15_22:43:01.688000      8630.59        4.72099800e-03        1.24447480e-06  75.3582  74.2346
0202-03-15_22:43:02.984000      8631.88        4.85546100e-03        1.22597453e-06  75.4143  74.2678
0202-03-15_22:43:04.277000      8633.18        4.78266400e-03        1.22709015e-06  75.3579  74.2675
0202-03-15_22:43:05.610000      8634.51        4.92543700e-03        1.25392703e-06  75.3975  74.2660
0202-03-15_22:43:06.887000      8635.79        4.90725600e-03        1.25442286e-06  75.4096  74.2987
0202-03-15_22:43:08.170000      8637.07        4.71298200e-03        1.15386204e-06  75.3707  74.2719
0202-03-15_22:43:09.440000      8638.34        4.67684300e-03        1.24763619e-06  75.4622  74.3495
0202-03-15_22:43:10.730000      8639.63        4.58037500e-03        1.25163383e-06  75.3995  74.3413
0202-03-15_22:43:12.043000      8640.94        4.76129300e-03        1.24574584e-06  75.4071  74.2942
0202-03-15_22:43:13.363000      8642.26        4.52368200e-03        1.24280179e-06  75.4519  74.3566
0202-03-15_22:43:14.637000      8643.54        4.67113000e-03        1.25240884e-06  75.4609  74.3494
0202-03-15_22:43:15.930000      8644.83        4.57451100e-03        1.24617995e-06  75.4125  74.3385
0202-03-15_22:43:17.215000      8646.12        5.07399700e-03        1.21286626e-06  75.5094  74.4028
0202-03-15_22:43:18.496000      8647.39        4.82584700e-03        1.25336953e-06  75.4768  74.3809
0202-03-15_22:43:19.766000      8648.66        4.83504900e-03        1.20735002e-06  75.4783  74.3907
0202-03-15_22:43:21.047000      8649.95        5.06012000e-03        1.25426809e-06  75.5365  74.4346
0202-03-15_22:43:22.336000      8651.24        4.83839000e-03        1.26155062e-06  75.5017  74.4122
0202-03-15_22:43:23.625000      8652.52        4.83497700e-03        1.24277100e-06  75.5323  74.3996
0202-03-15_22:43:24.906000      8653.81        4.76796800e-03        1.25606545e-06  75.5537  74.4396
0202-03-15_22:43:26.176000      8655.07        4.71750700e-03        1.22172922e-06  75.5141  74.4148
0202-03-15_22:43:27.457000      8656.36        4.97077600e-03        1.24859711e-06  75.5964  74.4555
0202-03-15_22:43:28.746000      8657.65        4.78496100e-03        1.25296662e-06  75.6105  74.4662
0202-03-15_22:43:30.047000      8658.95        5.06768900e-03        1.25340046e-06  75.5743  74.4819
0202-03-15_22:43:31.350000      8660.25        4.71297900e-03        1.25315280e-06  75.6356  74.4961
0202-03-15_22:43:32.630000      8661.53        4.97025500e-03        1.26557958e-06  75.6544  74.5225
0202-03-15_22:43:33.902000      8662.80        4.69383500e-03        1.26003246e-06  75.5642  74.4861
0202-03-15_22:43:35.170000      8664.07        4.86384300e-03        1.26093116e-06  75.6604  74.5485
0202-03-15_22:43:36.445000      8665.34        5.13477300e-03        1.18373650e-06  75.6331  74.5340
0202-03-15_22:43:37.720000      8666.62        5.05151500e-03        1.25693329e-06  75.6320  74.5438
0202-03-15_22:43:39.020000      8667.92        5.19547600e-03        1.21701884e-06  75.7382  74.5915
0202-03-15_22:43:40.330000      8669.23        5.12713100e-03        1.21921909e-06  75.6744  74.5649
0202-03-15_22:43:41.617000      8670.52        5.02606200e-03        1.26430878e-06  75.6831  74.5588
0202-03-15_22:43:42.906000      8671.81        4.76344400e-03        1.23576697e-06  75.7383  74.6031
0202-03-15_22:43:44.176000      8673.07        4.71201900e-03        1.25993875e-06  75.6841  74.5865
0202-03-15_22:43:45.465000      8674.37        4.97077800e-03        1.26133327e-06  75.7379  74.6209
0202-03-15_22:43:46.742000      8675.64        4.78533600e-03        1.27221058e-06  75.7578  74.6288
0202-03-15_22:43:48.030000      8676.93        4.68018500e-03        1.20691564e-06  75.7588  74.6359
0202-03-15_22:43:49.300000      8678.20        5.09997400e-03        1.23530233e-06  75.7567  74.6611
0202-03-15_22:43:50.600000      8679.50        5.11466800e-03        1.24224397e-06  75.7277  74.6702
0202-03-15_22:43:51.880000      8680.78        5.24059900e-03        1.25758376e-06  75.7506  74.6234
0202-03-15_22:43:53.156000      8682.06        4.76359700e-03        1.22197685e-06  75.8078  74.6660
0202-03-15_22:43:54.440000      8683.34        5.13352100e-03        1.25904031e-06  75.7557  74.6752
0202-03-15_22:43:55.720000      8684.62        5.17759700e-03        1.23040604e-06  75.7330  74.6715
0202-03-15_22:43:57.020000      8685.92        5.08513400e-03        1.23524040e-06  75.8479  74.7329
0202-03-15_22:43:58.363000      8687.26        4.91772100e-03        1.25984605e-06  75.8359  74.7118
0202-03-15_22:43:59.656000      8688.55        5.07540800e-03        1.23868059e-06  75.8426  74.7486
0202-03-15_22:44:00.953000      8689.85        4.99207100e-03        1.26526867e-06  75.7968  74.7290
0202-03-15_22:44:02.223000      8691.12        4.96899200e-03        1.25420543e-06  75.8282  74.7189
0202-03-15_22:44:03.490000      8692.39        4.53384300e-03        1.26960719e-06  75.8844  74.7744
0202-03-15_22:44:04.758000      8693.66        4.95637500e-03        1.26533064e-06  75.9108  74.8124
0202-03-15_22:44:06.030000      8694.93        4.98910000e-03        1.26616742e-06  75.8038  74.7403
0202-03-15_22:44:07.312000      8696.21        5.02063800e-03        1.26402918e-06  75.9153  74.8076
0202-03-15_22:44:08.605000      8697.51        5.08534500e-03        1.26309949e-06  75.9666  74.8228
0202-03-15_22:44:09.875000      8698.78        4.97930300e-03        1.24803861e-06  75.9162  74.8094
0202-03-15_22:44:11.160000      8700.06        5.14018300e-03        1.26812017e-06  75.8889  74.8035
0202-03-15_22:44:12.438000      8701.34        5.12177800e-03        1.23672661e-06  75.9294  74.8086
0202-03-15_22:44:13.710000      8702.61        5.23294000e-03        1.26904860e-06  75.9724  74.8592
0202-03-15_22:44:15.027000      8703.93        5.00854000e-03        1.26529887e-06  75.9925  74.8786
0202-03-15_22:44:16.363000      8705.26        5.08245100e-03        1.27081499e-06  75.9378  74.8361
0202-03-15_22:44:17.660000      8706.56        4.91207300e-03        1.23031163e-06  75.9527  74.8630
0202-03-15_22:44:19             8707.90        4.97210700e-03        1.26721990e-06  76.0227  74.8441
0202-03-15_22:44:20.293000      8709.19        4.57102000e-03        1.18996324e-06  75.9823  74.8733
0202-03-15_22:44:21.590000      8710.49        4.67342600e-03        1.23991821e-06  75.9590  74.9071
0202-03-15_22:44:22.860000      8711.76        4.91244700e-03        1.26666169e-06  76.0675  74.9493
0202-03-15_22:44:24.130000      8713.03        4.77034000e-03        1.25761398e-06  76.0552  74.9103
0202-03-15_22:44:25.410000      8714.31        4.75520200e-03        1.26331603e-06  76.0820  74.9336
0202-03-15_22:44:26.700000      8715.60        4.86977900e-03        1.27499905e-06  76.0624  74.9464
0202-03-15_22:44:27.992000      8716.89        4.88068900e-03        1.21481754e-06  76.0609  74.9325
0202-03-15_22:44:29.258000      8718.16        4.71743400e-03        1.26703548e-06  76.1212  74.9805
0202-03-15_22:44:30.527000      8719.43        4.91482500e-03        1.23995136e-06  76.0479  74.9687
0202-03-15_22:44:31.793000      8720.69        4.61903700e-03        1.26672627e-06  76.1009  74.9694
0202-03-15_22:44:33.094000      8721.99        4.69161100e-03        1.24912424e-06  76.1399  75.0197
0202-03-15_22:44:34.402000      8723.30        4.57176700e-03        1.22767923e-06  76.1621  74.9976
0202-03-15_22:44:35.690000      8724.59        4.89553300e-03        1.26542548e-06  76.0834  75.0104
0202-03-15_22:44:36.980000      8725.88        4.79082700e-03        1.14004194e-06  76.1871  75.0598
0202-03-15_22:44:38.250000      8727.15        4.78912000e-03        1.24958985e-06  76.1222  75.0011
0202-03-15_22:44:39.516000      8728.41        4.99170400e-03        1.26889632e-06  76.1586  75.0415
0202-03-15_22:44:40.797000      8729.69        4.81486800e-03        1.22300093e-06  76.1723  75.0759
0202-03-15_22:44:42.080000      8730.98        4.94354300e-03        1.21959240e-06  76.1860  75.0723
0202-03-15_22:44:43.360000      8732.26        5.04743300e-03        1.26902067e-06  76.2232  75.0945
0202-03-15_22:44:44.652000      8733.55        4.64255900e-03        1.26861781e-06  76.2080  75.0639
0202-03-15_22:44:45.984000      8734.88        4.79497700e-03        1.25014814e-06  76.1694  75.1021
0202-03-15_22:44:47.273000      8736.17        4.84239500e-03        1.26852450e-06  76.2566  75.1435
0202-03-15_22:44:48.574000      8737.47        4.53473400e-03        1.24503446e-06  76.2228  75.1218
0202-03-15_22:44:49.855000      8738.75        4.97522600e-03        1.25293679e-06  76.2321  75.1216
0202-03-15_22:44:51.137000      8740.04        4.84061500e-03        1.22448842e-06  76.2370  75.1620
0202-03-15_22:44:52.414000      8741.31        4.88261700e-03        1.25017871e-06  76.2651  75.1528
0202-03-15_22:44:53.695000      8742.59        4.91727300e-03        1.24769923e-06  76.3391  75.2013
0202-03-15_22:44:54.992000      8743.89        4.89308200e-03        1.27069345e-06  76.3473  75.2465
0202-03-15_22:44:56.270000      8745.17        4.75980700e-03        1.27025959e-06  76.2919  75.2023
0202-03-15_22:44:57.550000      8746.45        4.71135100e-03        1.25547771e-06  76.3759  75.2328
0202-03-15_22:44:58.820000      8747.72        4.68834800e-03        1.24884525e-06  76.3801  75.2442
0202-03-15_22:45:00.090000      8748.99        4.77925100e-03        1.26062125e-06  76.3093  75.1990
0202-03-15_22:45:01.363000      8750.26        4.93656800e-03        1.25042572e-06  76.3838  75.2700
0202-03-15_22:45:02.650000      8751.55        4.96216800e-03        1.27134361e-06  76.3722  75.2530
0202-03-15_22:45:03.950000      8752.85        4.62749600e-03        1.26619966e-06  76.3386  75.2527
0202-03-15_22:45:05.220000      8754.12        5.06925100e-03        1.24775997e-06  76.4362  75.2540
0202-03-15_22:45:06.496000      8755.39        5.04008700e-03        1.25061100e-06  76.3673  75.2599
0202-03-15_22:45:07.766000      8756.67        4.75105000e-03        1.21990044e-06  76.3496  75.2617
0202-03-15_22:45:09.055000      8757.95        5.00661600e-03        1.28042287e-06  76.4481  75.3258
0202-03-15_22:45:10.332000      8759.23        4.69405600e-03        1.23871159e-06  76.3927  75.2724
0202-03-15_22:45:11.625000      8760.52        4.60441300e-03        1.27648777e-06  76.4226  75.3010
0202-03-15_22:45:12.902000      8761.80        4.81627300e-03        1.27032086e-06  76.4636  75.3305
0202-03-15_22:45:14.188000      8763.09        4.82406500e-03        1.27128154e-06  76.4712  75.3531
0202-03-15_22:45:15.457000      8764.36        5.03109900e-03        1.27115788e-06  76.4945  75.3692
0202-03-15_22:45:16.734000      8765.63        4.83059100e-03        1.26269695e-06  76.5029  75.4228
0202-03-15_22:45:18.030000      8766.93        4.90806300e-03        1.27518571e-06  76.3933  75.3276
0202-03-15_22:45:19.336000      8768.24        4.83608400e-03        1.27382217e-06  76.5428  75.3874
0202-03-15_22:45:20.625000      8769.53        4.79645800e-03        1.23527127e-06  76.5745  75.4022
0202-03-15_22:45:21.914000      8770.81        4.85166800e-03        1.28984437e-06  76.5244  75.4085
0202-03-15_22:45:23.188000      8772.09        4.87088600e-03        1.25256402e-06  76.6021  75.4574
0202-03-15_22:45:24.480000      8773.38        4.84676800e-03        1.26700512e-06  76.5037  75.4176
0202-03-15_22:45:25.766000      8774.67        4.93032500e-03        1.25144840e-06  76.4822  75.4130
0202-03-15_22:45:27.043000      8775.94        4.85819700e-03        1.27503141e-06  76.5998  75.4592
0202-03-15_22:45:28.316000      8777.21        4.52300500e-03        1.28249984e-06  76.5444  75.4567
0202-03-15_22:45:29.610000      8778.51        4.90450200e-03        1.24949604e-06  76.5817  75.4967
0202-03-15_22:45:30.875000      8779.77        4.68477500e-03        1.26393714e-06  76.5441  75.4764
0202-03-15_22:45:32.150000      8781.05        4.72967100e-03        1.27372982e-06  76.6114  75.4951
0202-03-15_22:45:33.430000      8782.33        4.46957600e-03        1.28776760e-06  76.6381  75.4843
0202-03-15_22:45:34.703000      8783.60        4.28250100e-03        1.27766482e-06  76.6602  75.5195
0202-03-15_22:45:36             8784.90        4.45896500e-03        1.18175242e-06  76.6106  75.4919
0202-03-15_22:45:37.330000      8786.23        4.55090800e-03        1.26709741e-06  76.6762  75.5335
0202-03-15_22:45:38.617000      8787.52        4.29623100e-03        1.27850132e-06  76.6611  75.5428
0202-03-15_22:45:39.887000      8788.79        4.73642800e-03        1.27214916e-06  76.6849  75.5693
0202-03-15_22:45:41.164000      8790.06        4.59833000e-03        1.21299023e-06  76.6727  75.5640
0202-03-15_22:45:42.457000      8791.35        4.60501000e-03        1.27199421e-06  76.6986  75.5796
0202-03-15_22:45:43.740000      8792.64        4.67654600e-03        1.26725281e-06  76.7050  75.5873
0202-03-15_22:45:45.030000      8793.93        4.81509000e-03        1.27379141e-06  76.7397  75.6179
0202-03-15_22:45:46.348000      8795.25        4.68812100e-03        1.25603428e-06  76.6572  75.5773
0202-03-15_22:45:47.640000      8796.54        4.89426500e-03        1.23273019e-06  76.7104  75.6209
0202-03-15_22:45:48.938000      8797.84        4.53651400e-03        1.28268522e-06  76.7142  75.6338
0202-03-15_22:45:50.203000      8799.10        4.71765300e-03        1.24382393e-06  76.7589  75.6350
0202-03-15_22:45:51.477000      8800.38        4.72292200e-03        1.28098200e-06  76.7700  75.6819
0202-03-15_22:45:52.746000      8801.65        4.90547000e-03        1.27314165e-06  76.8078  75.6885
0202-03-15_22:45:54.050000      8802.95        4.89359600e-03        1.28023825e-06  76.7439  75.6532
0202-03-15_22:45:55.348000      8804.25        4.72343900e-03        1.23397093e-06  76.8323  75.7059
0202-03-15_22:45:56.625000      8805.52        4.89671200e-03        1.28107500e-06  76.8573  75.7413
0202-03-15_22:45:57.900000      8806.80        4.82717900e-03        1.24537516e-06  76.8120  75.6859
0202-03-15_22:45:59.176000      8808.07        4.82591700e-03        1.27174723e-06  76.8483  75.7447
0202-03-15_22:46:00.465000      8809.37        4.36553800e-03        1.28113704e-06  76.8553  75.7484
0202-03-15_22:46:01.746000      8810.65        4.60789700e-03        1.25603585e-06  76.8417  75.7216
0202-03-15_22:46:03.060000      8811.96        4.88943900e-03        1.27075457e-06  76.8888  75.7607
0202-03-15_22:46:04.367000      8813.27        4.76180400e-03        1.27481419e-06  76.8187  75.7206
0202-03-15_22:46:05.652000      8814.55        4.61843900e-03        1.27252096e-06  76.8464  75.7748
0202-03-15_22:46:06.970000      8815.87        4.66934600e-03        1.27822303e-06  76.9660  75.8211
0202-03-15_22:46:08.254000      8817.15        4.53629400e-03        1.27174621e-06  76.8869  75.7673
0202-03-15_22:46:09.523000      8818.42        4.52100800e-03        1.24899990e-06  76.9100  75.7872
0202-03-15_22:46:10.800000      8819.70        4.67855000e-03        1.28026828e-06  76.9325  75.8080
0202-03-15_22:46:12.070000      8820.97        4.60404600e-03        1.27187013e-06  76.9062  75.7629
0202-03-15_22:46:13.387000      8822.28        4.81175100e-03        1.27729333e-06  76.9902  75.8522
0202-03-15_22:46:14.676000      8823.58        4.87846100e-03        1.28119783e-06  76.9789  75.8469
0202-03-15_22:46:15.957000      8824.85        4.93485900e-03        1.26573408e-06  76.9465  75.8220
0202-03-15_22:46:17.240000      8826.14        4.67662000e-03        1.27812988e-06  77.0415  75.8901
0202-03-15_22:46:18.510000      8827.41        4.46060400e-03        1.29074260e-06  76.9980  75.8787
0202-03-15_22:46:19.800000      8828.70        4.76381400e-03        1.28538158e-06  77.0084  75.8854
0202-03-15_22:46:21.082000      8829.98        4.78444300e-03        1.25863831e-06  77.0102  75.9214
0202-03-15_22:46:22.390000      8831.29        4.74481600e-03        1.27763487e-06  76.9884  75.8775
0202-03-15_22:46:23.668000      8832.57        4.82815100e-03        1.27571351e-06  76.9838  75.9017
0202-03-15_22:46:24.960000      8833.86        4.62393300e-03        1.27760380e-06  77.0706  75.9166
0202-03-15_22:46:26.227000      8835.13        4.56753500e-03        1.28566145e-06  76.9990  75.9152
0202-03-15_22:46:27.504000      8836.41        4.54779600e-03        1.28572343e-06  77.1018  75.9794
0202-03-15_22:46:28.790000      8837.69        4.83698100e-03        1.25188289e-06  77.0860  75.9713
0202-03-15_22:46:30.074000      8838.97        4.87972500e-03        1.27453622e-06  77.0766  75.9578
0202-03-15_22:46:31.350000      8840.25        4.85464500e-03        1.25755387e-06  77.0940  75.9938
0202-03-15_22:46:32.625000      8841.52        4.97449000e-03        1.27810078e-06  77.1587  76.0175
0202-03-15_22:46:33.914000      8842.81        4.69984900e-03        1.28454660e-06  77.1375  76.0150
0202-03-15_22:46:35.195000      8844.09        4.93308100e-03        1.26719247e-06  77.1616  76.0415
0202-03-15_22:46:36.480000      8845.38        4.82867200e-03        1.28519748e-06  77.0846  76.0174
0202-03-15_22:46:37.746000      8846.65        4.86785300e-03        1.26241917e-06  77.1426  76.0179
0202-03-15_22:46:39.047000      8847.95        5.12149200e-03        1.29982350e-06  77.2329  76.1107
0202-03-15_22:46:40.332000      8849.23        4.65740200e-03        1.25244055e-06  77.1275  76.0136
0202-03-15_22:46:41.610000      8850.51        4.95148400e-03        1.28488656e-06  77.1518  76.0316
0202-03-15_22:46:42.875000      8851.77        4.94206000e-03        1.28835773e-06  77.2354  76.0768
0202-03-15_22:46:44.164000      8853.06        4.87512500e-03        1.23954816e-06  77.2029  76.0741
0202-03-15_22:46:45.453000      8854.35        4.93404600e-03        1.27599179e-06  77.2329  76.0980
0202-03-15_22:46:46.720000      8855.62        4.92046400e-03        1.28968915e-06  77.2714  76.1279
0202-03-15_22:46:48.016000      8856.92        4.94517300e-03        1.23771979e-06  77.2220  76.0987
0202-03-15_22:46:49.305000      8858.21        4.54935300e-03        1.28804668e-06  77.3226  76.1483
0202-03-15_22:46:50.590000      8859.49        5.15859100e-03        1.26691185e-06  77.2562  76.1438
0202-03-15_22:46:51.863000      8860.76        4.94495000e-03        1.28116701e-06  77.2621  76.1536
0202-03-15_22:46:53.133000      8862.03        4.66815800e-03        1.28798469e-06  77.3074  76.1519
0202-03-15_22:46:54.420000      8863.32        5.13351000e-03        1.24351528e-06  77.3135  76.1876
0202-03-15_22:46:55.710000      8864.61        5.18552900e-03        1.27493730e-06  77.2561  76.1573
0202-03-15_22:46:57.008000      8865.91        4.97381800e-03        1.28584560e-06  77.3676  76.2142
0202-03-15_22:46:58.316000      8867.22        5.04209000e-03        1.22860807e-06  77.3142  76.1980
0202-03-15_22:46:59.610000      8868.51        4.61324800e-03        1.28612451e-06  77.3018  76.1726
0202-03-15_22:47:00.900000      8869.80        5.00209200e-03        1.24134524e-06  77.3576  76.2455
0202-03-15_22:47:02.176000      8871.07        4.91749600e-03        1.28953387e-06  77.3375  76.2005
0202-03-15_22:47:03.453000      8872.35        5.16757400e-03        1.28813934e-06  77.3926  76.2576
0202-03-15_22:47:04.746000      8873.64        4.81212400e-03        1.29601067e-06  77.4031  76.2803
0202-03-15_22:47:06.035000      8874.93        5.04283500e-03        1.24063246e-06  77.3413  76.2680
0202-03-15_22:47:07.312000      8876.21        4.87097300e-03        1.24419629e-06  77.4161  76.2729
0202-03-15_22:47:08.600000      8877.50        5.18902400e-03        1.28036102e-06  77.4572  76.3056
0202-03-15_22:47:09.870000      8878.77        5.08327900e-03        1.28305709e-06  77.4220  76.2923
0202-03-15_22:47:11.137000      8880.04        5.10954600e-03        1.29030863e-06  77.4482  76.3159
0202-03-15_22:47:12.426000      8881.33        4.93946300e-03        1.24642739e-06  77.4285  76.2904
0202-03-15_22:47:13.723000      8882.62        5.13143500e-03        1.29675427e-06  77.4291  76.3269
0202-03-15_22:47:15.030000      8883.93        4.70400300e-03        1.21078948e-06  77.5000  76.3811
0202-03-15_22:47:16.355000      8885.25        4.68767500e-03        1.29058737e-06  77.4379  76.3272
0202-03-15_22:47:17.640000      8886.54        5.04987900e-03        1.25529017e-06  77.4912  76.3781
0202-03-15_22:47:18.980000      8887.88        4.76032400e-03        1.29325280e-06  77.4974  76.3844
0202-03-15_22:47:20.258000      8889.16        4.53718400e-03        1.27171512e-06  77.5166  76.3973
0202-03-15_22:47:21.527000      8890.43        4.95110900e-03        1.24565297e-06  77.5155  76.4204
0202-03-15_22:47:22.797000      8891.70        4.79891200e-03        1.28714788e-06  77.6003  76.4648
0202-03-15_22:47:24.070000      8892.97        4.70659900e-03        1.25510502e-06  77.4837  76.4034
0202-03-15_22:47:25.348000      8894.25        4.47366400e-03        1.29867627e-06  77.5844  76.4663
0202-03-15_22:47:26.637000      8895.54        4.59595600e-03        1.27924586e-06  77.6186  76.4601
0202-03-15_22:47:27.965000      8896.87        4.58719900e-03        1.28724115e-06  77.5796  76.4296
0202-03-15_22:47:29.240000      8898.14        4.56063500e-03        1.26195383e-06  77.5848  76.4786
0202-03-15_22:47:30.520000      8899.42        4.56701900e-03        1.28999904e-06  77.5839  76.4588
0202-03-15_22:47:31.790000      8900.69        4.37868100e-03        1.26570328e-06  77.6146  76.4793
0202-03-15_22:47:33.070000      8901.97        4.60248800e-03        1.29613496e-06  77.6623  76.5234
0202-03-15_22:47:34.340000      8903.24        4.57629300e-03        1.28652822e-06  77.6052  76.5030
0202-03-15_22:47:35.613000      8904.51        4.43107100e-03        1.28941061e-06  77.5909  76.4831
0202-03-15_22:47:36.880000      8905.78        4.34350600e-03        1.25550844e-06  77.6881  76.5589
0202-03-15_22:47:38.150000      8907.05        4.75936100e-03        1.26641674e-06  77.6442  76.5020
0202-03-15_22:47:39.434000      8908.33        4.57851700e-03        1.29347057e-06  77.7111  76.5629
0202-03-15_22:47:40.720000      8909.62        4.76321800e-03        1.28677672e-06  77.6944  76.5765
0202-03-15_22:47:42.020000      8910.92        4.47380900e-03        1.29440069e-06  77.7012  76.5781
0202-03-15_22:47:43.300000      8912.20        4.39351700e-03        1.26198566e-06  77.7784  76.6444
0202-03-15_22:47:44.594000      8913.49        4.65628300e-03        1.29870823e-06  77.6659  76.5445
0202-03-15_22:47:45.880000      8914.78        4.70333100e-03        1.25259584e-06  77.6912  76.5714
0202-03-15_22:47:47.160000      8916.06        4.50126500e-03        1.29185962e-06  77.7633  76.6220
0202-03-15_22:47:48.440000      8917.34        4.77694200e-03        1.29908045e-06  77.7371  76.6098
0202-03-15_22:47:49.734000      8918.63        4.53562200e-03        1.30214841e-06  77.7595  76.6147
0202-03-15_22:47:51.027000      8919.93        4.47210300e-03        1.29241770e-06  77.8039  76.6784
0202-03-15_22:47:52.360000      8921.26        4.58378500e-03        1.27769766e-06  77.7608  76.6284
0202-03-15_22:47:53.633000      8922.53        4.50898500e-03        1.23263904e-06  77.8184  76.6684
0202-03-15_22:47:54.906000      8923.80        4.71097500e-03        1.22724686e-06  77.8251  76.6857
0202-03-15_22:47:56.170000      8925.07        4.91868100e-03        1.29275870e-06  77.7403  76.6336
0202-03-15_22:47:57.457000      8926.36        5.01299900e-03        1.25963091e-06  77.8715  76.7262
0202-03-15_22:47:58.723000      8927.62        4.54467900e-03        1.29062041e-06  77.8768  76.7560
0202-03-15_22:48:00.040000      8928.94        4.52746300e-03        1.20896320e-06  77.8444  76.7208
0202-03-15_22:48:01.360000      8930.26        4.61502800e-03        1.26660371e-06  77.8865  76.7393
0202-03-15_22:48:02.645000      8931.54        4.77731800e-03        1.29186017e-06  77.9071  76.7623
0202-03-15_22:48:03.934000      8932.83        4.73709700e-03        1.25712103e-06  77.8656  76.7300
0202-03-15_22:48:05.215000      8934.11        4.67431900e-03        1.30004078e-06  77.9235  76.7744
0202-03-15_22:48:06.496000      8935.39        4.93478600e-03        1.28938039e-06  77.8682  76.7893
0202-03-15_22:48:07.760000      8936.66        4.42083000e-03        1.28631243e-06  77.9047  76.7554
0202-03-15_22:48:09.050000      8937.95        4.75112500e-03        1.29613610e-06  77.9327  76.8122
0202-03-15_22:48:10.370000      8939.27        4.66756700e-03        1.23201903e-06  77.9305  76.8008
0202-03-15_22:48:11.637000      8940.54        4.77835700e-03        1.29802566e-06  77.9341  76.8380
0202-03-15_22:48:12.930000      8941.83        4.88558700e-03        1.25309091e-06  77.9856  76.8345
0202-03-15_22:48:14.207000      8943.11        4.78874800e-03        1.29991603e-06  77.9155  76.7970
0202-03-15_22:48:15.492000      8944.39        4.60797900e-03        1.29563951e-06  78.0069  76.8617
0202-03-15_22:48:16.760000      8945.66        4.75386900e-03        1.27769624e-06  78.0546  76.9151
0202-03-15_22:48:18.043000      8946.94        5.12965100e-03        1.30629953e-06  77.9888  76.8664
0202-03-15_22:48:19.363000      8948.26        5.17439800e-03        1.30509095e-06  78.0097  76.8956
0202-03-15_22:48:20.656000      8949.56        4.94235400e-03        1.25680934e-06  78.0454  76.9283
0202-03-15_22:48:21.953000      8950.85        4.67261200e-03        1.30137241e-06  78.0038  76.8696
0202-03-15_22:48:23.220000      8952.12        4.42387000e-03        1.26759293e-06  78.0911  76.9584
0202-03-15_22:48:24.500000      8953.40        4.63966400e-03        1.30719746e-06  78.0379  76.9151
0202-03-15_22:48:25.790000      8954.69        4.77338400e-03        1.31175291e-06  78.0267  76.9264
0202-03-15_22:48:27.074000      8955.97        4.66148000e-03        1.29721885e-06  78.1011  76.9748
0202-03-15_22:48:28.383000      8957.28        4.51195200e-03        1.29275557e-06  78.0696  76.9437
0202-03-15_22:48:29.660000      8958.56        4.53443700e-03        1.28829309e-06  78.0866  76.9598
0202-03-15_22:48:30.980000      8959.88        4.93122100e-03        1.29861257e-06  78.1228  77.0011
0202-03-15_22:48:32.250000      8961.15        4.75831800e-03        1.29700112e-06  78.1325  76.9928
0202-03-15_22:48:33.535000      8962.43        4.79972600e-03        1.25804742e-06  78.1596  77.0265
0202-03-15_22:48:34.810000      8963.71        4.55684900e-03        1.31023354e-06  78.1941  77.0500
0202-03-15_22:48:36.080000      8964.98        4.65977500e-03        1.28330372e-06  78.0842  76.9695
0202-03-15_22:48:37.350000      8966.25        4.65213200e-03        1.29954219e-06  78.1997  77.0355
0202-03-15_22:48:38.645000      8967.54        4.52449500e-03        1.30397367e-06  78.1601  77.0563
0202-03-15_22:48:39.945000      8968.84        4.80351200e-03        1.29684647e-06  78.1943  77.0650
0202-03-15_22:48:41.210000      8970.11        4.57272900e-03        1.29734230e-06  78.2155  77.1035
0202-03-15_22:48:42.492000      8971.39        4.93404200e-03        1.24850293e-06  78.2032  77.0521
0202-03-15_22:48:43.758000      8972.66        4.66786100e-03        1.28094889e-06  78.1908  77.0678
0202-03-15_22:48:45.062000      8973.96        4.69286900e-03        1.29740403e-06  78.2535  77.1077
0202-03-15_22:48:46.360000      8975.26        4.86428700e-03        1.27128062e-06  78.1880  77.0918
0202-03-15_22:48:47.652000      8976.55        4.80418000e-03        1.30363362e-06  78.2251  77.0870
0202-03-15_22:48:48.973000      8977.87        4.59098400e-03        1.29808650e-06  78.3054  77.1234
0202-03-15_22:48:50.254000      8979.15        4.71973400e-03        1.29260136e-06  78.2437  77.1131
0202-03-15_22:48:51.535000      8980.43        4.41489100e-03        1.29089818e-06  78.2663  77.1742
0202-03-15_22:48:52.810000      8981.71        4.65910400e-03        1.27775864e-06  78.3624  77.2190
0202-03-15_22:48:54.100000      8983.00        4.70837700e-03        1.29523671e-06  78.2933  77.1634
0202-03-15_22:48:55.402000      8984.30        4.68864000e-03        1.26898861e-06  78.3537  77.2112
0202-03-15_22:48:56.695000      8985.59        4.78488500e-03        1.26675715e-06  78.3458  77.2005
0202-03-15_22:48:58.010000      8986.91        4.65665600e-03        1.29325375e-06  78.3168  77.1808
0202-03-15_22:48:59.330000      8988.23        4.76588800e-03        1.30000946e-06  78.3604  77.2429
0202-03-15_22:49:00.598000      8989.50        4.92135200e-03        1.29458630e-06  78.3498  77.2249
0202-03-15_22:49:01.863000      8990.76        4.70845400e-03        1.31959482e-06  78.3797  77.2564
0202-03-15_22:49:03.140000      8992.04        4.44709700e-03        1.29223165e-06  78.4160  77.2815
0202-03-15_22:49:04.445000      8993.34        4.31308000e-03        1.29548555e-06  78.3480  77.2548
0202-03-15_22:49:05.730000      8994.63        4.26224800e-03        1.29238660e-06  78.3909  77.3014
0202-03-15_22:49:07.040000      8995.94        4.42097700e-03        1.30654880e-06  78.4359  77.2715
0202-03-15_22:49:08.310000      8997.21        4.46342400e-03        1.29576476e-06  78.4074  77.2713
0202-03-15_22:49:09.598000      8998.50        4.19576000e-03        1.30453397e-06  78.4064  77.2523
0202-03-15_22:49:10.875000      8999.77        4.04037200e-03        1.28051710e-06  78.4463  77.3274
0202-03-15_22:49:12.156000      9001.06        3.89277500e-03        1.31054593e-06  78.4308  77.2898
0202-03-15_22:49:13.453000      9002.35        3.91637200e-03        1.30453396e-06  78.5046  77.3430
0202-03-15_22:49:14.742000      9003.64        4.18730300e-03        1.27865701e-06  78.4978  77.3678
0202-03-15_22:49:16.047000      9004.95        4.18552200e-03        1.30329334e-06  78.4592  77.3447
0202-03-15_22:49:17.350000      9006.25        4.04942600e-03        1.23573627e-06  78.5293  77.3623
0202-03-15_22:49:18.633000      9007.53        4.24407100e-03        1.31045190e-06  78.4951  77.3731
0202-03-15_22:49:19.906000      9008.81        4.13929000e-03        1.29656907e-06  78.5163  77.3787
0202-03-15_22:49:21.176000      9010.07        4.23731700e-03        1.26604302e-06  78.5373  77.4092
0202-03-15_22:49:22.450000      9011.35        4.57384500e-03        1.30651525e-06  78.5392  77.4048
0202-03-15_22:49:23.740000      9012.64        4.38706700e-03        1.30970716e-06  78.4969  77.3970
0202-03-15_22:49:25.023000      9013.92        4.25297500e-03        1.29982153e-06  78.6107  77.4415
0202-03-15_22:49:26.383000      9015.28        4.45043900e-03        1.30574022e-06  78.5290  77.4255
0202-03-15_22:49:27.680000      9016.58        4.23093400e-03        1.30586391e-06  78.5617  77.4414
0202-03-15_22:49:29.004000      9017.90        4.31478900e-03        1.22730568e-06  78.6198  77.4871
0202-03-15_22:49:30.290000      9019.19        4.36235600e-03        1.30183528e-06  78.5953  77.4519
0202-03-15_22:49:31.574000      9020.47        4.17921200e-03        1.28934618e-06  78.6209  77.4969
0202-03-15_22:49:32.840000      9021.74        4.29957600e-03        1.28383120e-06  78.6413  77.5144
0202-03-15_22:49:34.117000      9023.02        4.49177200e-03        1.30236289e-06  78.6000  77.4965
0202-03-15_22:49:35.400000      9024.30        4.42313100e-03        1.30924255e-06  78.6859  77.5396
0202-03-15_22:49:36.684000      9025.58        4.16162700e-03        1.29585511e-06  78.6899  77.5323
0202-03-15_22:49:38             9026.90        4.45615500e-03        1.30109259e-06  78.6628  77.5145
0202-03-15_22:49:39.297000      9028.20        4.11524800e-03        1.30794150e-06  78.6951  77.5672
0202-03-15_22:49:40.600000      9029.50        4.37868300e-03        1.30521442e-06  78.6961  77.5604
0202-03-15_22:49:41.870000      9030.77        4.38172500e-03        1.30849931e-06  78.7173  77.5743
0202-03-15_22:49:43.152000      9032.05        4.64375000e-03        1.30354085e-06  78.7777  77.6055
0202-03-15_22:49:44.426000      9033.33        4.52242200e-03        1.30285957e-06  78.7033  77.5531
0202-03-15_22:49:45.695000      9034.60        4.44339100e-03        1.23183169e-06  78.7568  77.6311
0202-03-15_22:49:46.984000      9035.88        4.51885800e-03        1.30394420e-06  78.7643  77.5930
0202-03-15_22:49:48.273000      9037.17        4.52152900e-03        1.26681881e-06  78.7119  77.5760
0202-03-15_22:49:49.562000      9038.46        4.47225500e-03        1.30112421e-06  78.7902  77.6159
0202-03-15_22:49:50.830000      9039.73        4.71164700e-03        1.31023520e-06  78.8029  77.6495
0202-03-15_22:49:52.125000      9041.02        4.44331500e-03        1.27608479e-06  78.7697  77.6403
0202-03-15_22:49:53.406000      9042.31        4.69346600e-03        1.29529827e-06  78.8292  77.6690
0202-03-15_22:49:54.690000      9043.59        4.51203000e-03        1.30806606e-06  78.8620  77.7218
0202-03-15_22:49:55.992000      9044.89        4.20548000e-03        1.30434676e-06  78.8133  77.6860
0202-03-15_22:49:57.260000      9046.16        4.29482500e-03        1.29399628e-06  78.9106  77.7399
0202-03-15_22:49:58.527000      9047.43        4.38380000e-03        1.31014180e-06  78.8209  77.6831
0202-03-15_22:49:59.797000      9048.70        4.52813200e-03        1.27822265e-06  78.8352  77.7069
0202-03-15_22:50:01.074000      9049.97        4.20941200e-03        1.31159835e-06  78.8961  77.7089
0202-03-15_22:50:02.380000      9051.28        4.25890800e-03        1.30760137e-06  78.9006  77.7239
0202-03-15_22:50:03.676000      9052.58        4.72811700e-03        1.23759612e-06  78.9145  77.7575
0202-03-15_22:50:04.992000      9053.89        4.32227900e-03        1.31237374e-06  78.9305  77.7728
0202-03-15_22:50:06.258000      9055.16        4.26654800e-03        1.29690997e-06  78.9327  77.7745
0202-03-15_22:50:07.530000      9056.43        4.48516100e-03        1.30992570e-06  78.9814  77.8020
0202-03-15_22:50:08.797000      9057.70        4.59810500e-03        1.28857394e-06  79.0045  77.8180
0202-03-15_22:50:10.086000      9058.98        4.64166500e-03        1.30372780e-06  78.9104  77.7879
0202-03-15_22:50:11.395000      9060.30        4.99800600e-03        1.32083400e-06  78.9769  77.8376
0202-03-15_22:50:12.688000      9061.59        4.76796500e-03        1.27809950e-06  79.0363  77.8743
0202-03-15_22:50:13.992000      9062.89        4.49851900e-03        1.30375873e-06  79.0027  77.8489
0202-03-15_22:50:15.260000      9064.16        4.71349500e-03        1.29876942e-06  79.0135  77.8769
0202-03-15_22:50:16.560000      9065.46        4.34298000e-03        1.30744648e-06  78.9653  77.8302
0202-03-15_22:50:17.850000      9066.75        4.25578800e-03        1.27311012e-06  78.9782  77.8405
0202-03-15_22:50:19.125000      9068.02        4.28495100e-03        1.28761323e-06  79.0920  77.8832
0202-03-15_22:50:20.410000      9069.31        4.78436400e-03        1.29759184e-06  78.9923  77.8732
0202-03-15_22:50:21.700000      9070.60        4.38483400e-03        1.30078377e-06  79.0489  77.9009
0202-03-15_22:50:22.990000      9071.89        4.32138700e-03        1.31017358e-06  79.0976  77.9476
0202-03-15_22:50:24.266000      9073.17        4.43151000e-03        1.31163020e-06  79.0599  77.9155
0202-03-15_22:50:25.562000      9074.46        4.49955800e-03        1.30214687e-06  79.1112  77.9647
0202-03-15_22:50:26.850000      9075.75        4.58103600e-03        1.31953196e-06  79.1270  77.9932
0202-03-15_22:50:28.130000      9077.03        4.52092800e-03        1.27363654e-06  79.0533  77.9158
0202-03-15_22:50:29.426000      9078.33        4.41629700e-03        1.31553432e-06  79.1727  78.0159
0202-03-15_22:50:30.720000      9079.62        4.13824300e-03        1.30341746e-06  79.1543  77.9931
0202-03-15_22:50:32             9080.90        4.62541100e-03        1.31804450e-06  79.0966  77.9500
0202-03-15_22:50:33.273000      9082.17        4.43811400e-03        1.27047565e-06  79.1878  78.0090
0202-03-15_22:50:34.582000      9083.48        4.46379000e-03        1.27558891e-06  79.1382  78.0021
0202-03-15_22:50:35.867000      9084.77        4.82376600e-03        1.29774668e-06  79.1262  78.0211
0202-03-15_22:50:37.137000      9086.04        4.75401200e-03        1.27822228e-06  79.1889  78.0379
0202-03-15_22:50:38.430000      9087.33        4.64010400e-03        1.31773384e-06  79.1502  78.0077
0202-03-15_22:50:39.727000      9088.62        4.47885400e-03        1.30273494e-06  79.1648  78.0203
0202-03-15_22:50:41             9089.90        4.52879500e-03        1.30515211e-06  79.2140  78.0813
0202-03-15_22:50:42.285000      9091.18        4.65702600e-03        1.31838442e-06  79.1890  78.0486
0202-03-15_22:50:43.582000      9092.48        4.22744300e-03        1.27205519e-06  79.2373  78.0682
0202-03-15_22:50:44.860000      9093.76        4.45162200e-03        1.31599823e-06  79.3102  78.1497
0202-03-15_22:50:46.137000      9095.04        4.39811800e-03        1.31097793e-06  79.2247  78.1022
0202-03-15_22:50:47.426000      9096.32        4.54200500e-03        1.31262039e-06  79.2814  78.1216
0202-03-15_22:50:48.700000      9097.60        4.57643800e-03        1.27041273e-06  79.3084  78.1691
0202-03-15_22:50:50.047000      9098.95        4.38431600e-03        1.31134979e-06  79.2917  78.1305
0202-03-15_22:50:51.340000      9100.24        4.67758100e-03        1.30986230e-06  79.3103  78.1519
0202-03-15_22:50:52.613000      9101.51        4.35277700e-03        1.26316119e-06  79.3279  78.1578
0202-03-15_22:50:53.883000      9102.78        4.46638800e-03        1.31522332e-06  79.2685  78.1254
0202-03-15_22:50:55.152000      9104.05        4.16125100e-03        1.28637214e-06  79.3530  78.2131
0202-03-15_22:50:56.440000      9105.34        4.47217800e-03        1.26387379e-06  79.3109  78.1965
0202-03-15_22:50:57.734000      9106.63        4.42186500e-03        1.27338756e-06  79.3332  78.1925
0202-03-15_22:50:59.010000      9107.91        4.31396900e-03        1.32101828e-06  79.4030  78.2372
0202-03-15_22:51:00.293000      9109.19        4.46728000e-03        1.31138074e-06  79.3754  78.2183
0202-03-15_22:51:01.570000      9110.47        4.38832300e-03        1.31537838e-06  79.3974  78.2661
0202-03-15_22:51:02.848000      9111.75        4.30892200e-03        1.31733072e-06  79.4316  78.2890
0202-03-15_22:51:04.130000      9113.03        4.12392400e-03        1.31782655e-06  79.3903  78.2607
0202-03-15_22:51:05.400000      9114.30        4.52983500e-03        1.26111660e-06  79.4194  78.2518
0202-03-15_22:51:06.668000      9115.57        4.14180700e-03        1.29743657e-06  79.4802  78.2960
0202-03-15_22:51:07.984000      9116.88        4.35084800e-03        1.28724103e-06  79.3893  78.2643
0202-03-15_22:51:09.260000      9118.16        4.25942600e-03        1.31181569e-06  79.4386  78.3062
0202-03-15_22:51:10.566000      9119.46        4.29549100e-03        1.31008050e-06  79.4309  78.2879
0202-03-15_22:51:11.840000      9120.74        4.31293000e-03        1.31773410e-06  79.4394  78.2901
0202-03-15_22:51:13.113000      9122.01        4.05854900e-03        1.23530212e-06  79.5207  78.3396
0202-03-15_22:51:14.387000      9123.29        4.15843000e-03        1.30859221e-06  79.4344  78.2874
0202-03-15_22:51:15.668000      9124.57        4.24421300e-03        1.31711431e-06  79.4881  78.3512
0202-03-15_22:51:16.938000      9125.84        4.25059500e-03        1.26734513e-06  79.5679  78.3734
0202-03-15_22:51:18.227000      9127.13        4.11472300e-03        1.31531663e-06  79.5311  78.3679
0202-03-15_22:51:19.508000      9128.41        3.96920300e-03        1.31770282e-06  79.5475  78.4086
0202-03-15_22:51:20.793000      9129.69        4.10693000e-03        1.31863250e-06  79.5479  78.4014
0202-03-15_22:51:22.062000      9130.96        3.95918500e-03        1.27093969e-06  79.5521  78.4005
0202-03-15_22:51:23.344000      9132.24        4.31062900e-03        1.30103063e-06  79.5998  78.4281
0202-03-15_22:51:24.637000      9133.54        3.97796000e-03        1.32786751e-06  79.6020  78.4404
0202-03-15_22:51:25.918000      9134.82        4.25193100e-03        1.33353858e-06  79.5897  78.4199
0202-03-15_22:51:27.190000      9136.09        4.38854600e-03        1.30264209e-06  79.6302  78.4709
0202-03-15_22:51:28.470000      9137.37        4.27523200e-03        1.31395321e-06  79.5844  78.4287
0202-03-15_22:51:29.742000      9138.64        4.21312000e-03        1.29607177e-06  79.5966  78.4601
0202-03-15_22:51:31.043000      9139.94        4.40939800e-03        1.27075339e-06  79.6467  78.5076
0202-03-15_22:51:32.330000      9141.23        4.25356400e-03        1.33279427e-06  79.6285  78.4776
0202-03-15_22:51:33.625000      9142.52        4.47010100e-03        1.29337560e-06  79.6734  78.4885
0202-03-15_22:51:34.910000      9143.81        4.78837300e-03        1.31729997e-06  79.6949  78.5083
0202-03-15_22:51:36.176000      9145.08        4.55818500e-03        1.32634889e-06  79.6700  78.4967
0202-03-15_22:51:37.445000      9146.35        4.37014500e-03        1.27437957e-06  79.6969  78.5445
0202-03-15_22:51:38.727000      9147.63        4.61807000e-03        1.32083276e-06  79.7463  78.5471