# Ic =  nan A, n =  nan , Tavg = 20.00 K, f37-2400keV-0nA-20K
#datetime                        t_s     iHTS_A                vHTS_V                tHTS_K  tTAR_K
0202-05-12_22:03:24.777000      276.74        5.18483100e-02       -2.22089167e-10  20.0084  19.9432
0202-05-12_22:03:24.970000      276.94        9.31229300e-02       -1.77153917e-09  20.0084  19.9432
0202-05-12_22:03:25.180000      277.15        1.91352300e-01        1.57565083e-09  20.0084  19.9432
0202-05-12_22:03:25.406000      277.38        2.95042000e-01        1.50650833e-10  20.0362  19.7626
0202-05-12_22:03:25.610000      277.58        3.90008000e-01        3.24993083e-09  20.0362  19.7626
0202-05-12_22:03:25.812000      277.78        4.88660400e-01        5.48114083e-09  20.0362  19.7626
0202-05-12_22:03:26.016000      277.98        5.90922300e-01        9.07587083e-09  20.0362  19.7626
0202-05-12_22:03:26.270000      278.24        6.87195600e-01        5.23323083e-09  20.0362  19.7626
0202-05-12_22:03:26.477000      278.45        7.88786600e-01       -8.40629167e-10  20.0027  19.8746
0202-05-12_22:03:26.670000      278.64        8.83556500e-01       -2.01820917e-09  20.0027  19.8746
0202-05-12_22:03:26.883000      278.85        9.80457600e-01        3.98930833e-10  20.0027  19.8746
0202-05-12_22:03:27.086000      279.06        1.08564900e+00        6.22488083e-09  20.0027  19.8746
0202-05-12_22:03:27.297000      279.27        1.18161100e+00        9.19982083e-09  20.0027  19.8746
0202-05-12_22:03:27.508000      279.47        1.28585700e+00        1.05013708e-08  20.0353  19.8831
0202-05-12_22:03:27.723000      279.69        1.38549800e+00        9.57169083e-09  20.0353  19.8831
0202-05-12_22:03:27.930000      279.90        1.48070600e+00        5.79103083e-09  20.0353  19.8831
0202-05-12_22:03:28.133000      280.10        1.58180700e+00        1.32860083e-09  20.0353  19.8831
0202-05-12_22:03:28.330000      280.30        1.67620700e+00        1.39058083e-09  20.0222  19.7685
0202-05-12_22:03:28.550000      280.52        1.77413100e+00       -3.49091667e-11  20.0222  19.7685
0202-05-12_22:03:28.770000      280.74        1.87851100e+00        5.10927083e-09  20.0222  19.7685
0202-05-12_22:03:28.980000      280.95        1.97448500e+00        5.79103083e-09  20.0222  19.7685
0202-05-12_22:03:29.242000      281.21        2.07703700e+00        5.91499083e-09  20.0222  19.7685
0202-05-12_22:03:29.477000      281.44        2.18231500e+00        3.55982083e-09  20.0137  19.9520
0202-05-12_22:03:29.668000      281.64        2.26517300e+00        7.96026083e-09  20.0137  19.9520
0202-05-12_22:03:29.883000      281.85        2.37391600e+00        1.21128008e-08  20.0137  19.9520
0202-05-12_22:03:30.090000      282.06        2.47038700e+00        1.54596108e-08  20.0137  19.9520
0202-05-12_22:03:30.310000      282.28        2.57206500e+00        1.40341208e-08  20.0233  19.7452
0202-05-12_22:03:30.504000      282.47        2.67269000e+00        1.54596108e-08  20.0233  19.7452
0202-05-12_22:03:30.700000      282.67        2.76488900e+00        1.32903808e-08  20.0233  19.7452
0202-05-12_22:03:30.902000      282.87        2.87235100e+00        1.37242308e-08  20.0233  19.7452
0202-05-12_22:03:31.110000      283.08        2.96981200e+00        1.44679608e-08  20.0233  19.7452
0202-05-12_22:03:31.324000      283.29        3.06477600e+00        1.60174108e-08  20.0112  19.8763
0202-05-12_22:03:31.516000      283.49        3.16862200e+00        1.40960808e-08  20.0112  19.8763
0202-05-12_22:03:31.723000      283.69        3.26783500e+00        1.32283908e-08  20.0112  19.8763
0202-05-12_22:03:31.920000      283.89        3.36439000e+00        1.13690408e-08  20.0112  19.8763
0202-05-12_22:03:32.137000      284.11        3.46952100e+00        1.08112408e-08  20.0112  19.8763
0202-05-12_22:03:32.332000      284.30        3.56280600e+00        1.07492608e-08  20.0243  19.8732
0202-05-12_22:03:32.527000      284.50        3.66211000e+00        1.04393708e-08  20.0243  19.8732
0202-05-12_22:03:32.734000      284.70        3.76411500e+00        1.42820108e-08  20.0243  19.8732
0202-05-12_22:03:32.930000      284.90        3.86464700e+00        1.55835608e-08  20.0243  19.8732
0202-05-12_22:03:33.130000      285.10        3.95782700e+00        1.53356408e-08  20.0243  19.8732
0202-05-12_22:03:33.340000      285.31        4.06241000e+00        9.75761083e-09  20.0247  19.7821
0202-05-12_22:03:33.555000      285.52        4.15923100e+00        7.15453083e-09  20.0247  19.7821
0202-05-12_22:03:33.760000      285.73        4.26009400e+00        6.96860083e-09  20.0247  19.7821
0202-05-12_22:03:33.973000      285.94        4.36043300e+00        9.94355083e-09  20.0247  19.7821
0202-05-12_22:03:34.176000      286.14        4.45637400e+00        9.19981083e-09  20.0247  19.7821
0202-05-12_22:03:34.383000      286.35        4.56080700e+00        7.77431083e-09  20.0027  19.9526
0202-05-12_22:03:34.580000      286.54        4.65478700e+00        5.10925083e-09  20.0027  19.9526
0202-05-12_22:03:34.805000      286.77        4.75948700e+00        8.76596083e-09  20.0027  19.9526
0202-05-12_22:03:35.020000      286.99        4.85699400e+00        1.00675008e-08  20.0027  19.9526
0202-05-12_22:03:35.260000      287.23        4.95332900e+00        1.32903708e-08  20.0027  19.9526
0202-05-12_22:03:35.470000      287.44        5.05737800e+00        7.96025083e-09  20.0418  19.7672
0202-05-12_22:03:35.670000      287.64        5.15075500e+00        4.48947083e-09  20.0418  19.7672
0202-05-12_22:03:35.887000      287.85        5.25387900e+00        1.26661083e-09  20.0418  19.7672
0202-05-12_22:03:36.090000      288.06        5.35071600e+00        6.46830833e-10  20.0418  19.7672
0202-05-12_22:03:36.300000      288.27        5.44974700e+00        4.67541083e-09  20.0418  19.7672
0202-05-12_22:03:36.523000      288.49        5.55549500e+00        7.27849083e-09  20.0007  19.8757
0202-05-12_22:03:36.720000      288.69        5.65091200e+00        3.55980083e-09  20.0007  19.8757
0202-05-12_22:03:36.914000      288.88        5.75074200e+00        9.56720833e-10  20.0007  19.8757
0202-05-12_22:03:37.113000      289.08        5.85160000e+00       -2.45196917e-09  20.0007  19.8757