# Ic = 4.84 A, n = 23.93 , Tavg = 20.03 K, f37-6e20pm2-1200keV-30nA-20k
#datetime                        t_s     iHTS_A                vHTS_V                tHTS_K  tTAR_K
0202-03-18_11:00:13.940000      1068.49        5.09151500e-02       -1.49523750e-09  20.0006  19.6317
0202-03-18_11:00:14.152000      1068.70        4.68129900e-02        1.04046925e-08  20.0006  19.6317
0202-03-18_11:00:14.370000      1068.92        1.01136900e-01        5.75628250e-09  20.0006  19.6317
0202-03-18_11:00:14.580000      1069.12        1.49249200e-01        5.01253250e-09  20.0171  19.6866
0202-03-18_11:00:14.770000      1069.31        1.98592300e-01       -2.55667500e-10  20.0171  19.6866
0202-03-18_11:00:14.973000      1069.52        2.49803900e-01        2.47140250e-09  20.0171  19.6866
0202-03-18_11:00:15.168000      1069.71        2.97835100e-01        6.74022500e-10  20.0171  19.6866
0202-03-18_11:00:15.383000      1069.93        3.47047600e-01        6.99586250e-09  20.0138  19.5434
0202-03-18_11:00:15.582000      1070.13        3.98805400e-01        5.50062500e-10  20.0138  19.5434
0202-03-18_11:00:15.773000      1070.32        4.46103400e-01        4.33077250e-09  20.0138  19.5434
0202-03-18_11:00:15.977000      1070.52        4.94671800e-01        1.66568250e-09  20.0138  19.5434
0202-03-18_11:00:16.184000      1070.73        5.46411100e-01        8.48335250e-09  20.0138  19.5434
0202-03-18_11:00:16.390000      1070.94        5.96606100e-01        6.19013250e-09  20.0093  19.6980
0202-03-18_11:00:16.586000      1071.13        6.44186100e-01       -7.07332750e-09  20.0093  19.6980
0202-03-18_11:00:16.780000      1071.32        6.95007400e-01       -4.71813750e-09  20.0093  19.6980
0202-03-18_11:00:16.992000      1071.54        7.44605800e-01       -7.51497500e-10  20.0093  19.6980
0202-03-18_11:00:17.190000      1071.74        7.92022600e-01        5.01253250e-09  20.0093  19.6980
0202-03-18_11:00:17.400000      1071.94        8.43850100e-01        9.22709250e-09  20.0093  19.6980
0202-03-18_11:00:17.598000      1072.14        8.92102400e-01        4.39275250e-09  20.0306  19.5888
0202-03-18_11:00:17.805000      1072.35        9.40587800e-01        3.64900250e-09  20.0306  19.5888
0202-03-18_11:00:18.004000      1072.55        9.92399100e-01        6.56200250e-09  20.0306  19.5888
0202-03-18_11:00:18.195000      1072.74        1.04069900e+00        3.09096250e-09  20.0306  19.5888
0202-03-18_11:00:18.406000      1072.95        1.09003800e+00       -1.37241750e-09  20.0098  19.6247
0202-03-18_11:00:18.600000      1073.15        1.14128300e+00       -1.00122750e-09  20.0098  19.6247
0202-03-18_11:00:18.793000      1073.34        1.18936200e+00       -2.57937500e-10  20.0098  19.6247
0202-03-18_11:00:19             1073.54        1.23767500e+00        4.23832500e-10  20.0098  19.6247
0202-03-18_11:00:19.190000      1073.74        1.29009200e+00       -6.91787500e-10  20.0098  19.6247
0202-03-18_11:00:19.395000      1073.94        1.34016100e+00        7.95702500e-10  20.0259  19.6949
0202-03-18_11:00:19.594000      1074.14        1.38448800e+00       -6.64174750e-09  20.0259  19.6949
0202-03-18_11:00:19.785000      1074.33        1.43828700e+00       -1.78599075e-08  20.0259  19.6949
0202-03-18_11:00:19.977000      1074.52        1.48865500e+00       -1.54427375e-08  20.0259  19.6949
0202-03-18_11:00:20.176000      1074.72        1.53636300e+00       -7.57142750e-09  20.0259  19.6949
0202-03-18_11:00:20.390000      1074.94        1.58726000e+00        4.63838250e-09  20.0259  19.6949
0202-03-18_11:00:20.605000      1075.15        1.63806200e+00        6.86962250e-09  20.0228  19.5570
0202-03-18_11:00:20.797000      1075.34        1.68554800e+00        1.31914625e-08  20.0228  19.5570
0202-03-18_11:00:21.004000      1075.55        1.73365900e+00        1.54846725e-08  20.0228  19.5570
0202-03-18_11:00:21.195000      1075.74        1.78629700e+00        1.56706125e-08  20.0228  19.5570
0202-03-18_11:00:21.410000      1075.95        1.83637000e+00        1.75919525e-08  20.0040  19.7211
0202-03-18_11:00:21.605000      1076.15        1.88418500e+00        1.20138625e-08  20.0040  19.7211
0202-03-18_11:00:21.816000      1076.36        1.93520800e+00        1.35633325e-08  20.0040  19.7211
0202-03-18_11:00:22.008000      1076.55        1.98035800e+00        1.87695525e-08  20.0040  19.7211
0202-03-18_11:00:22.203000      1076.75        2.03414400e+00        1.74060125e-08  20.0040  19.7211
0202-03-18_11:00:22.438000      1076.98        2.08502900e+00        1.45549925e-08  20.0216  19.5823
0202-03-18_11:00:22.645000      1077.19        2.13413300e+00        9.28679250e-09  20.0216  19.5823
0202-03-18_11:00:22.840000      1077.38        2.18317700e+00        1.44310325e-08  20.0216  19.5823
0202-03-18_11:00:23.030000      1077.57        2.22826600e+00        1.92653825e-08  20.0216  19.5823
0202-03-18_11:00:23.223000      1077.77        2.28264400e+00        1.56706125e-08  20.0216  19.5823
0202-03-18_11:00:23.440000      1077.98        2.33191200e+00        1.62284225e-08  19.9984  19.6348
0202-03-18_11:00:23.637000      1078.18        2.37893200e+00        1.51747825e-08  19.9984  19.6348
0202-03-18_11:00:23.840000      1078.38        2.43142900e+00        2.20544225e-08  19.9984  19.6348
0202-03-18_11:00:24.030000      1078.58        2.48109000e+00        1.79018425e-08  19.9984  19.6348
0202-03-18_11:00:24.227000      1078.77        2.52633700e+00        1.86459825e-08  19.9984  19.6348
0202-03-18_11:00:24.440000      1078.98        2.58052100e+00        1.10231725e-08  20.0189  19.6856
0202-03-18_11:00:24.637000      1079.18        2.62079400e+00        1.55484025e-08  20.0189  19.6856
0202-03-18_11:00:24.830000      1079.37        2.67722200e+00        4.57835250e-09  20.0189  19.6856
0202-03-18_11:00:25.043000      1079.59        2.72916700e+00        1.85855625e-08  20.0189  19.6856
0202-03-18_11:00:25.246000      1079.79        2.77748600e+00        1.48048525e-08  20.0189  19.6856
0202-03-18_11:00:25.453000      1080.00        2.82713500e+00        1.31314325e-08  20.0194  19.5572
0202-03-18_11:00:25.652000      1080.20        2.87840500e+00        3.02888250e-09  20.0194  19.5572
0202-03-18_11:00:25.848000      1080.39        2.92606800e+00        3.77263250e-09  20.0194  19.5572
0202-03-18_11:00:26.040000      1080.59        2.97558700e+00        3.09086250e-09  20.0194  19.5572
0202-03-18_11:00:26.234000      1080.78        3.02681400e+00        6.99552250e-09  20.0194  19.5572
0202-03-18_11:00:26.453000      1081.00        3.07675200e+00        1.17059125e-08  20.0074  19.7206
0202-03-18_11:00:26.660000      1081.20        3.12581600e+00        1.38751725e-08  20.0074  19.7206
0202-03-18_11:00:26.850000      1081.40        3.17608400e+00        1.17059125e-08  20.0074  19.7206
0202-03-18_11:00:27.055000      1081.60        3.22447300e+00        6.56167250e-09  20.0074  19.7206
0202-03-18_11:00:27.258000      1081.80        3.27342400e+00        7.24344250e-09  20.0074  19.7206
0202-03-18_11:00:27.453000      1082.00        3.32515800e+00        1.04043625e-08  20.0196  19.5645
0202-03-18_11:00:27.660000      1082.20        3.37302000e+00        9.97051250e-09  20.0196  19.5645
0202-03-18_11:00:27.855000      1082.40        3.42320000e+00        1.22017425e-08  20.0196  19.5645
0202-03-18_11:00:28.047000      1082.59        3.47402700e+00        2.17464825e-08  20.0196  19.5645
0202-03-18_11:00:28.254000      1082.80        3.52206700e+00        2.76344725e-08  20.0196  19.5645
0202-03-18_11:00:28.453000      1083.00        3.57230100e+00        2.88120625e-08  20.0069  19.6396
0202-03-18_11:00:28.645000      1083.19        3.62291400e+00        2.45975025e-08  20.0069  19.6396
0202-03-18_11:00:28.840000      1083.39        3.67080400e+00        2.03209725e-08  20.0069  19.6396
0202-03-18_11:00:29.040000      1083.58        3.72094300e+00        1.29454925e-08  20.0069  19.6396
0202-03-18_11:00:29.230000      1083.78        3.77171600e+00        1.17059125e-08  20.0069  19.6396
0202-03-18_11:00:29.445000      1083.99        3.82142800e+00        1.71600525e-08  20.0152  19.6780
0202-03-18_11:00:29.645000      1084.19        3.87011600e+00        2.57751025e-08  20.0152  19.6780
0202-03-18_11:00:29.850000      1084.40        3.92073700e+00        3.11672625e-08  20.0152  19.6780
0202-03-18_11:00:30.043000      1084.59        3.96600800e+00        2.31100125e-08  20.0152  19.6780
0202-03-18_11:00:30.246000      1084.79        4.02007000e+00        2.25527225e-08  20.0152  19.6780
0202-03-18_11:00:30.457000      1085.00        4.07026200e+00        1.22029625e-08  20.0192  19.5293
0202-03-18_11:00:30.656000      1085.20        4.11819600e+00        2.63346525e-08  20.0192  19.5293
0202-03-18_11:00:30.855000      1085.40        4.16923900e+00        2.06325925e-08  20.0192  19.5293
0202-03-18_11:00:31.047000      1085.59        4.21721600e+00        1.48685625e-08  20.0192  19.5293
0202-03-18_11:00:31.240000      1085.78        4.26660100e+00        6.87330250e-09  20.0192  19.5293
0202-03-18_11:00:31.445000      1085.99        4.31840000e+00        2.50330925e-08  20.0081  19.7189
0202-03-18_11:00:31.640000      1086.19        4.36820900e+00        3.91022825e-08  20.0081  19.7189
0202-03-18_11:00:31.836000      1086.38        4.41433200e+00        4.81511925e-08  20.0081  19.7189
0202-03-18_11:00:32.030000      1086.58        4.46700500e+00        4.60439125e-08  20.0081  19.7189
0202-03-18_11:00:32.223000      1086.77        4.51679000e+00        4.46184025e-08  20.0081  19.7189
0202-03-18_11:00:32.430000      1086.97        4.56282800e+00        5.22417925e-08  20.0302  19.5710
0202-03-18_11:00:32.630000      1087.17        4.61662200e+00        6.21584125e-08  20.0302  19.5710
0202-03-18_11:00:32.830000      1087.37        4.66607000e+00        7.20750225e-08  20.0302  19.5710
0202-03-18_11:00:33.027000      1087.57        4.71300300e+00        9.53170825e-08  20.0302  19.5710
0202-03-18_11:00:33.223000      1087.77        4.76520000e+00        1.30025222e-07  20.0302  19.5710
0202-03-18_11:00:33.434000      1087.98        4.81514500e+00        1.69319793e-07  20.0067  19.6474
0202-03-18_11:00:33.633000      1088.18        4.86348300e+00        2.33343913e-07  20.0067  19.6474
0202-03-18_11:00:33.836000      1088.38        4.91414700e+00        2.93029522e-07  20.0067  19.6474
0202-03-18_11:00:34.040000      1088.58        4.96196900e+00        3.90832103e-07  20.0067  19.6474
0202-03-18_11:00:34.230000      1088.78        5.01159300e+00        4.82622743e-07  20.0067  19.6474
0202-03-18_11:00:34.445000      1088.99        5.06306400e+00        6.42156223e-07  20.0268  19.6782
0202-03-18_11:00:34.640000      1089.19        5.11178500e+00        7.81608572e-07  20.0268  19.6782
0202-03-18_11:00:34.848000      1089.39        5.16027800e+00        9.50252952e-07  20.0268  19.6782
0202-03-18_11:00:35.040000      1089.58        5.21234500e+00        1.19432555e-06  20.0268  19.6782
0202-03-18_11:00:35.230000      1089.78        5.26170800e+00        1.43610494e-06  20.0268  19.6782
0202-03-18_11:00:35.453000      1090.00        5.30823100e+00        1.85154898e-06  20.0192  19.5582
0202-03-18_11:00:35.664000      1090.21        5.36117500e+00        2.38035229e-06  20.0192  19.5582
0202-03-18_11:00:35.855000      1090.40        5.40903400e+00        2.79393696e-06  20.0192  19.5582
0202-03-18_11:00:36.050000      1090.59        5.45817400e+00        4.14495054e-06  20.0192  19.5582
0202-03-18_11:00:36.258000      1090.80        5.50980300e+00        4.31099179e-06  20.0192  19.5582
0202-03-18_11:00:36.460000      1091.01        5.55996100e+00        6.04782411e-06  20.0123  19.7116
0202-03-18_11:00:36.668000      1091.21        5.60788800e+00        6.23661161e-06  20.0123  19.7116
0202-03-18_11:00:36.860000      1091.40        5.65902900e+00        8.82683031e-06  20.0123  19.7116
0202-03-18_11:00:37.062000      1091.61        5.70879000e+00        1.01643331e-05  20.0123  19.7116
0202-03-18_11:00:37.266000      1091.81        5.75686900e+00        1.25616736e-05  20.0123  19.7116
0202-03-18_11:00:37.477000      1092.02        5.80629500e+00        1.40113581e-05  20.0259  19.5765
0202-03-18_11:00:37.668000      1092.21        5.85763300e+00        1.72683447e-05  20.0259  19.5765