# Ic = 4.77 A, n = 26.15 , Tavg = 20.01 K, f37-6e20pm2-1200keV-30nA-20k
#datetime                        t_s     iHTS_A                vHTS_V                tHTS_K  tTAR_K
0202-03-18_12:07:54.690000      238.54        5.05871200e-02       -9.04061100e-09  20.0223  19.7317
0202-03-18_12:07:54.920000      238.77        9.72676700e-02       -1.78815100e-09  19.9896  19.5442
0202-03-18_12:07:55.137000      238.98        1.95152400e-01       -6.43656100e-09  19.9896  19.5442
0202-03-18_12:07:55.336000      239.18        2.93664900e-01       -4.45324100e-09  19.9896  19.5442
0202-03-18_12:07:55.527000      239.38        3.86370100e-01       -9.90737100e-09  19.9896  19.5442
0202-03-18_12:07:55.730000      239.58        4.90846000e-01       -1.05891410e-08  19.9896  19.5442
0202-03-18_12:07:55.953000      239.80        5.89520300e-01       -5.94073100e-09  20.0176  19.7182
0202-03-18_12:07:56.164000      240.01        6.88782300e-01       -8.41988100e-09  20.0176  19.7182
0202-03-18_12:07:56.355000      240.20        7.87192400e-01        2.05452900e-09  20.0176  19.7182
0202-03-18_12:07:56.547000      240.40        8.77506600e-01       -4.57720100e-09  20.0176  19.7182
0202-03-18_12:07:56.740000      240.59        9.84594500e-01       -2.90377100e-09  20.0176  19.7182
0202-03-18_12:07:56.957000      240.81        1.08488700e+00       -4.88709100e-09  19.9968  19.6028
0202-03-18_12:07:57.168000      241.02        1.17942000e+00        1.93057900e-09  19.9968  19.6028
0202-03-18_12:07:57.363000      241.21        1.28203300e+00       -9.20451000e-10  19.9968  19.6028
0202-03-18_12:07:57.570000      241.42        1.38107500e+00        1.93057900e-09  19.9968  19.6028
0202-03-18_12:07:57.766000      241.61        1.47622500e+00        4.09982900e-09  19.9968  19.6028
0202-03-18_12:07:57.973000      241.82        1.57942300e+00        6.57898900e-09  20.0290  19.6084
0202-03-18_12:07:58.170000      242.02        1.67855400e+00       -8.58471000e-10  20.0290  19.6084
0202-03-18_12:07:58.367000      242.21        1.77005000e+00       -2.84179100e-09  20.0290  19.6084
0202-03-18_12:07:58.560000      242.41        1.87663800e+00       -9.20451000e-10  20.0290  19.6084
0202-03-18_12:07:58.766000      242.61        1.97614600e+00       -1.41628100e-09  20.0290  19.6084
0202-03-18_12:07:58.965000      242.81        2.07035000e+00       -2.40794100e-09  19.9931  19.7063
0202-03-18_12:07:59.170000      243.02        2.17499500e+00        1.74463900e-09  19.9931  19.7063
0202-03-18_12:07:59.367000      243.22        2.27365400e+00        4.96753900e-09  19.9931  19.7063
0202-03-18_12:07:59.560000      243.41        2.36248300e+00        2.73629900e-09  19.9931  19.7063
0202-03-18_12:07:59.750000      243.60        2.47136700e+00       -3.70949100e-09  19.9931  19.7063
0202-03-18_12:07:59.960000      243.81        2.57100600e+00       -5.25896100e-09  20.0359  19.5448
0202-03-18_12:08:00.156000      244.00        2.66357600e+00       -3.00661000e-10  20.0359  19.5448
0202-03-18_12:08:00.348000      244.20        2.76945100e+00        5.52557900e-09  20.0359  19.5448
0202-03-18_12:08:00.550000      244.40        2.86891100e+00        8.68741900e-09  20.0359  19.5448
0202-03-18_12:08:00.746000      244.59        2.96267700e+00        1.01755990e-08  20.0359  19.5448
0202-03-18_12:08:00.945000      244.79        3.06709500e+00        1.01760590e-08  19.9779  19.6818
0202-03-18_12:08:01.145000      244.99        3.16824800e+00        1.34609390e-08  19.9779  19.6818
0202-03-18_12:08:01.336000      245.19        3.25956600e+00        2.04025590e-08  19.9779  19.6818
0202-03-18_12:08:01.530000      245.38        3.36470400e+00        2.36254590e-08  19.9779  19.6818
0202-03-18_12:08:01.734000      245.58        3.46450400e+00        3.12488590e-08  19.9779  19.6818
0202-03-18_12:08:01.934000      245.78        3.54972200e+00        2.28817190e-08  20.0411  19.6394
0202-03-18_12:08:02.130000      245.98        3.65942900e+00        2.18280790e-08  20.0411  19.6394
0202-03-18_12:08:02.324000      246.17        3.76194300e+00        2.17041190e-08  20.0411  19.6394
0202-03-18_12:08:02.516000      246.37        3.86152400e+00        3.40998790e-08  20.0411  19.6394
0202-03-18_12:08:02.715000      246.56        3.95297500e+00        3.62691390e-08  20.0411  19.6394
0202-03-18_12:08:02.930000      246.78        4.06010000e+00        2.68483590e-08  19.9865  19.5734
0202-03-18_12:08:03.140000      246.99        4.15737100e+00        2.54228490e-08  19.9865  19.5734
0202-03-18_12:08:03.340000      247.19        4.25715200e+00        3.08769790e-08  19.9865  19.5734
0202-03-18_12:08:03.543000      247.39        4.35790300e+00        4.39545090e-08  19.9865  19.5734
0202-03-18_12:08:03.746000      247.59        4.45415900e+00        5.55445490e-08  19.9865  19.5734
0202-03-18_12:08:03.957000      247.80        4.55340600e+00        7.35803790e-08  20.0266  19.7390
0202-03-18_12:08:04.160000      248.01        4.65728300e+00        1.32708169e-07  20.0266  19.7390
0202-03-18_12:08:04.350000      248.20        4.74710100e+00        2.08198359e-07  20.0266  19.7390
0202-03-18_12:08:04.543000      248.39        4.85403000e+00        3.25028419e-07  20.0266  19.7390
0202-03-18_12:08:04.742000      248.59        4.95381200e+00        5.75546769e-07  20.0266  19.7390
0202-03-18_12:08:04.945000      248.79        5.04967500e+00        8.76205979e-07  19.9976  19.5310
0202-03-18_12:08:05.152000      249.00        5.14975700e+00        1.28036981e-06  19.9976  19.5310
0202-03-18_12:08:05.348000      249.20        5.25193700e+00        3.56949518e-06  19.9976  19.5310
0202-03-18_12:08:05.540000      249.39        5.34781500e+00        5.15057459e-06  19.9976  19.5310
0202-03-18_12:08:05.742000      249.59        5.44602400e+00        6.74157069e-06  19.9976  19.5310
0202-03-18_12:08:05.940000      249.79        5.55014800e+00        1.11581805e-05  20.0143  19.7089
0202-03-18_12:08:06.145000      249.99        5.65027700e+00        1.59026582e-05  20.0143  19.7089
0202-03-18_12:08:06.336000      250.18        5.74330200e+00        2.13735255e-05  20.0143  19.7089