# Ic = 4.90 A, n = 23.84 , Tavg = 20.01 K, f37-6e20pm2-1200keV-30nA-20k
#datetime                        t_s     iHTS_A                vHTS_V                tHTS_K  tTAR_K
0202-03-18_10:56:05.938000      820.48        1.85223400e-02        4.95830077e-09  20.0220  19.6518
0202-03-18_10:56:06.130000      820.68        5.16225800e-02        4.95830077e-09  20.0220  19.6518
0202-03-18_10:56:06.370000      820.91        9.74720000e-02        7.93329077e-09  20.0220  19.6518
0202-03-18_10:56:06.566000      821.11        1.50657500e-01        8.24341077e-09  20.0146  19.5677
0202-03-18_10:56:06.760000      821.30        1.98514900e-01        6.57021077e-09  20.0146  19.5677
0202-03-18_10:56:06.970000      821.51        2.46857700e-01        3.90535077e-09  20.0146  19.5677
0202-03-18_10:56:07.164000      821.71        2.99274400e-01        8.18196077e-09  20.0146  19.5677
0202-03-18_10:56:07.375000      821.92        3.48730300e-01        7.06634077e-09  20.0146  19.5677
0202-03-18_10:56:07.574000      822.12        3.96525000e-01        2.03298108e-08  20.0095  19.7312
0202-03-18_10:56:07.770000      822.31        4.47656400e-01        2.60318608e-08  20.0095  19.7312
0202-03-18_10:56:07.960000      822.51        4.95141400e-01        3.07422508e-08  20.0095  19.7312
0202-03-18_10:56:08.168000      822.71        5.44367200e-01        3.51427408e-08  20.0095  19.7312
0202-03-18_10:56:08.387000      822.93        5.97098600e-01        3.36552508e-08  20.0255  19.5547
0202-03-18_10:56:08.590000      823.13        6.44147200e-01        3.26016108e-08  20.0255  19.5547
0202-03-18_10:56:08.780000      823.33        6.93649000e-01        2.37386408e-08  20.0255  19.5547
0202-03-18_10:56:08.992000      823.54        7.44250700e-01        2.93167308e-08  20.0255  19.5547
0202-03-18_10:56:09.188000      823.73        7.89836600e-01        2.32428108e-08  20.0255  19.5547
0202-03-18_10:56:09.406000      823.95        8.44117400e-01        1.77886808e-08  19.9980  19.6818
0202-03-18_10:56:09.605000      824.15        8.92197500e-01        3.71949077e-09  19.9980  19.6818
0202-03-18_10:56:09.812000      824.36        9.40592200e-01        6.69447077e-09  19.9980  19.6818
0202-03-18_10:56:10.004000      824.55        9.92250600e-01        4.33927077e-09  19.9980  19.6818
0202-03-18_10:56:10.207000      824.75        1.04177000e+00        6.38457077e-09  19.9980  19.6818
0202-03-18_10:56:10.406000      824.95        1.08949600e+00        1.14048608e-08  20.0191  19.6474
0202-03-18_10:56:10.605000      825.15        1.14108000e+00        1.09710108e-08  20.0191  19.6474
0202-03-18_10:56:10.812000      825.36        1.19066300e+00        1.48756708e-08  20.0191  19.6474
0202-03-18_10:56:11.008000      825.55        1.23846400e+00        1.34501608e-08  20.0191  19.6474
0202-03-18_10:56:11.203000      825.75        1.28946100e+00        2.10735508e-08  20.0191  19.6474
0202-03-18_10:56:11.402000      825.95        1.33952700e+00        1.44418208e-08  20.0104  19.5613
0202-03-18_10:56:11.605000      826.15        1.38653700e+00        1.79746108e-08  20.0104  19.5613
0202-03-18_10:56:11.797000      826.34        1.43864900e+00        1.20866308e-08  20.0104  19.5613
0202-03-18_10:56:11.990000      826.53        1.48792200e+00        1.12809008e-08  20.0104  19.5613
0202-03-18_10:56:12.184000      826.73        1.53313500e+00        1.69209708e-08  20.0104  19.5613
0202-03-18_10:56:12.390000      826.94        1.58745400e+00        2.10115708e-08  20.0071  19.7105
0202-03-18_10:56:12.590000      827.13        1.63770600e+00        2.72717108e-08  20.0071  19.7105
0202-03-18_10:56:12.780000      827.33        1.68312400e+00        2.18177808e-08  20.0071  19.7105
0202-03-18_10:56:12.977000      827.52        1.73602000e+00        1.21492908e-08  20.0071  19.7105
0202-03-18_10:56:13.170000      827.72        1.78585300e+00        1.53721908e-08  20.0071  19.7105
0202-03-18_10:56:13.370000      827.92        1.83225100e+00        9.67014077e-09  20.0071  19.7105
0202-03-18_10:56:13.566000      828.11        1.88586600e+00        1.84091508e-08  20.0250  19.5425
0202-03-18_10:56:13.760000      828.30        1.93467300e+00        7.74879077e-09  20.0250  19.5425
0202-03-18_10:56:13.953000      828.50        1.97964300e+00        1.43185508e-08  20.0250  19.5425
0202-03-18_10:56:14.145000      828.69        2.03380500e+00        9.42222077e-09  20.0250  19.5425
0202-03-18_10:56:14.360000      828.90        2.08503500e+00        2.14461108e-08  20.0250  19.5425
0202-03-18_10:56:14.555000      829.10        2.13021500e+00        1.85950908e-08  20.0112  19.6797
0202-03-18_10:56:14.746000      829.29        2.18270400e+00        2.19419408e-08  20.0112  19.6797
0202-03-18_10:56:14.950000      829.49        2.23231800e+00        1.90289408e-08  20.0112  19.6797
0202-03-18_10:56:15.140000      829.68        2.28049400e+00        2.02065308e-08  20.0112  19.6797
0202-03-18_10:56:15.344000      829.89        2.32981200e+00        1.53721908e-08  20.0112  19.6797
0202-03-18_10:56:15.540000      830.08        2.38158200e+00        8.61650077e-09  20.0287  19.6518
0202-03-18_10:56:15.730000      830.28        2.43066900e+00        6.32328077e-09  20.0287  19.6518
0202-03-18_10:56:15.930000      830.48        2.48004100e+00        1.07857508e-08  20.0287  19.6518
0202-03-18_10:56:16.120000      830.67        2.52829000e+00        1.14055408e-08  20.0287  19.6518
0202-03-18_10:56:16.350000      830.90        2.57992500e+00        2.72851077e-09  20.0287  19.6518
0202-03-18_10:56:16.547000      831.09        2.62783100e+00       -3.65530923e-09  20.0129  19.5753
0202-03-18_10:56:16.750000      831.30        2.67949700e+00       -5.76258923e-09  20.0129  19.5753
0202-03-18_10:56:16.953000      831.50        2.72890000e+00        3.16236077e-09  20.0129  19.5753
0202-03-18_10:56:17.145000      831.69        2.77539900e+00        1.72935308e-08  20.0129  19.5753
0202-03-18_10:56:17.370000      831.91        2.82969200e+00        2.59705608e-08  20.0129  19.5753
0202-03-18_10:56:17.580000      832.12        2.87646400e+00        2.22518408e-08  20.0076  19.7345
0202-03-18_10:56:17.777000      832.32        2.92598000e+00        1.84711308e-08  20.0076  19.7345
0202-03-18_10:56:17.980000      832.52        2.97726600e+00        1.65497808e-08  20.0076  19.7345
0202-03-18_10:56:18.180000      832.73        3.02523100e+00        2.20039208e-08  20.0076  19.7345
0202-03-18_10:56:18.400000      832.94        3.07524200e+00        2.20040808e-08  20.0076  19.7345
0202-03-18_10:56:18.598000      833.14        3.12667300e+00        1.67365308e-08  20.0212  19.5452
0202-03-18_10:56:18.790000      833.33        3.17232500e+00        1.46917208e-08  20.0212  19.5452
0202-03-18_10:56:18.980000      833.53        3.22517600e+00        1.40722608e-08  20.0212  19.5452
0202-03-18_10:56:19.180000      833.72        3.27487400e+00        2.98148808e-08  20.0212  19.5452
0202-03-18_10:56:19.390000      833.94        3.32285600e+00        2.98768608e-08  20.0064  19.6702
0202-03-18_10:56:19.598000      834.14        3.37473000e+00        3.48351708e-08  20.0064  19.6702
0202-03-18_10:56:19.790000      834.33        3.42410000e+00        2.58482408e-08  20.0064  19.6702
0202-03-18_10:56:19.984000      834.53        3.46884800e+00        2.56003208e-08  20.0064  19.6702
0202-03-18_10:56:20.180000      834.73        3.52293200e+00        2.01461808e-08  20.0064  19.6702
0202-03-18_10:56:20.390000      834.94        3.57303900e+00        1.84107708e-08  20.0194  19.6464
0202-03-18_10:56:20.590000      835.13        3.62094700e+00        2.36789808e-08  20.0194  19.6464
0202-03-18_10:56:20.793000      835.34        3.67239500e+00        1.71712008e-08  20.0194  19.6464
0202-03-18_10:56:20.984000      835.53        3.72010700e+00        1.63654708e-08  20.0194  19.6464
0202-03-18_10:56:21.188000      835.73        3.76878500e+00        1.57456808e-08  20.0194  19.6464
0202-03-18_10:56:21.400000      835.94        3.82159300e+00        1.67373508e-08  20.0153  19.5648
0202-03-18_10:56:21.613000      836.16        3.86981600e+00        1.22128908e-08  20.0153  19.5648
0202-03-18_10:56:21.805000      836.35        3.91865400e+00        8.86603077e-09  20.0153  19.5648
0202-03-18_10:56:21.996000      836.54        3.96989800e+00        7.06865077e-09  20.0153  19.5648
0202-03-18_10:56:22.200000      836.75        4.01967100e+00        1.24608108e-08  20.0153  19.5648
0202-03-18_10:56:22.400000      836.94        4.06802000e+00        1.69232808e-08  20.0153  19.5648
0202-03-18_10:56:22.610000      837.15        4.11816000e+00        2.32451208e-08  20.0149  19.7189
0202-03-18_10:56:22.805000      837.35        4.16883500e+00        2.78315608e-08  20.0149  19.7189
0202-03-18_10:56:22.996000      837.54        4.21653900e+00        3.09924808e-08  20.0149  19.7189
0202-03-18_10:56:23.200000      837.74        4.26517600e+00        3.28518408e-08  20.0149  19.7189
0202-03-18_10:56:23.406000      837.95        4.31794700e+00        2.49805308e-08  20.0203  19.5415
0202-03-18_10:56:23.613000      838.16        4.36625300e+00        2.17576308e-08  20.0203  19.5415
0202-03-18_10:56:23.816000      838.36        4.41541200e+00        2.73977108e-08  20.0203  19.5415
0202-03-18_10:56:24.008000      838.55        4.46655800e+00        3.76861908e-08  20.0203  19.5415
0202-03-18_10:56:24.215000      838.76        4.51452400e+00        5.01439408e-08  20.0203  19.5415
0202-03-18_10:56:24.418000      838.96        4.56527700e+00        6.07421308e-08  20.0033  19.6846
0202-03-18_10:56:24.617000      839.16        4.61586900e+00        7.56787408e-08  20.0033  19.6846
0202-03-18_10:56:24.810000      839.35        4.66093200e+00        1.00655831e-07  20.0033  19.6846
0202-03-18_10:56:25.004000      839.55        4.71476500e+00        1.13051501e-07  20.0033  19.6846
0202-03-18_10:56:25.195000      839.74        4.76444500e+00        1.33132641e-07  20.0033  19.6846
0202-03-18_10:56:25.406000      839.95        4.81256600e+00        1.63812161e-07  20.0200  19.6534
0202-03-18_10:56:25.610000      840.15        4.86350300e+00        1.97838531e-07  20.0200  19.6534
0202-03-18_10:56:25.812000      840.36        4.91354800e+00        2.43578901e-07  20.0200  19.6534
0202-03-18_10:56:26.008000      840.55        4.96117400e+00        3.09214481e-07  20.0200  19.6534
0202-03-18_10:56:26.203000      840.75        5.01241100e+00        3.75655781e-07  20.0200  19.6534
0202-03-18_10:56:26.418000      840.96        5.06248100e+00        4.77796891e-07  20.0141  19.5606
0202-03-18_10:56:26.630000      841.17        5.11120500e+00        6.14460201e-07  20.0141  19.5606
0202-03-18_10:56:26.830000      841.37        5.16193700e+00        7.35566821e-07  20.0141  19.5606
0202-03-18_10:56:27.030000      841.58        5.20865500e+00        8.29464741e-07  20.0141  19.5606
0202-03-18_10:56:27.227000      841.77        5.26171700e+00        1.05345622e-06  20.0141  19.5606
0202-03-18_10:56:27.430000      841.97        5.31094100e+00        1.30583399e-06  20.0081  19.7183
0202-03-18_10:56:27.637000      842.18        5.35793800e+00        1.70249848e-06  20.0081  19.7183
0202-03-18_10:56:27.840000      842.38        5.41011000e+00        2.05968245e-06  20.0081  19.7183
0202-03-18_10:56:28.043000      842.59        5.46025500e+00        2.57354888e-06  20.0081  19.7183
0202-03-18_10:56:28.234000      842.78        5.50759500e+00        3.95040848e-06  20.0081  19.7183
0202-03-18_10:56:28.450000      842.99        5.55957600e+00        4.14378241e-06  20.0265  19.5536
0202-03-18_10:56:28.645000      843.19        5.60794100e+00        5.39370939e-06  20.0265  19.5536
0202-03-18_10:56:28.848000      843.39        5.65618000e+00        5.63976529e-06  20.0265  19.5536
0202-03-18_10:56:29.040000      843.59        5.70823200e+00        8.26599399e-06  20.0265  19.5536
0202-03-18_10:56:29.242000      843.79        5.75790000e+00        9.57932529e-06  20.0265  19.5536
0202-03-18_10:56:29.457000      844.00        5.80502900e+00        1.16642929e-05  20.0059  19.6857
0202-03-18_10:56:29.664000      844.21        5.85759400e+00        1.30098531e-05  20.0059  19.6857