# Ic = 2.31 A, n = 21.84 , Tavg = 20.04 K, f37-6p3e19pm2-1200keV-205nA-20k
#datetime                        t_s     iHTS_A                vHTS_V                tHTS_K  tTAR_K
0202-03-15_15:36:48.293000      16201.49        5.07861900e-02        3.67768800e-09  20.0422  19.7214
0202-03-15_15:36:48.490000      16201.68        1.53271600e-02        8.01622800e-09  20.0422  19.7214
0202-03-15_15:36:48.723000      16201.92        2.59803100e-02        1.13011180e-08  20.0422  19.7214
0202-03-15_15:36:48.938000      16202.13        3.52888200e-02        2.74800800e-09  20.0375  19.5606
0202-03-15_15:36:49.130000      16202.33        4.53779900e-02        3.92560800e-09  20.0375  19.5606
0202-03-15_15:36:49.324000      16202.52        5.56378400e-02        1.44644800e-09  20.0375  19.5606
0202-03-15_15:36:49.527000      16202.72        6.42933300e-02        1.50198580e-08  20.0375  19.5606
0202-03-15_15:36:49.727000      16202.92        7.53290900e-02        1.84906880e-08  20.0375  19.5606
0202-03-15_15:36:49.926000      16203.12        8.52490700e-02        1.65073580e-08  20.0410  19.6679
0202-03-15_15:36:50.125000      16203.32        9.43512900e-02        8.32611800e-09  20.0410  19.6679
0202-03-15_15:36:50.316000      16203.51        1.05258200e-01        4.73133800e-09  20.0410  19.6679
0202-03-15_15:36:50.508000      16203.70        1.14989700e-01        7.39643800e-09  20.0410  19.6679
0202-03-15_15:36:50.750000      16203.94        1.24940900e-01        8.26413800e-09  20.0410  19.6679
0202-03-15_15:36:50.953000      16204.15        1.35168100e-01        1.04953880e-08  20.0501  19.5392
0202-03-15_15:36:51.164000      16204.36        1.44798000e-01        6.34278800e-09  20.0501  19.5392
0202-03-15_15:36:51.370000      16204.57        1.54677900e-01        1.69435800e-09  20.0501  19.5392
0202-03-15_15:36:51.574000      16204.77        1.64600800e-01       -3.50952000e-10  20.0501  19.5392
0202-03-15_15:36:51.773000      16204.97        1.74411000e-01       -3.50952000e-10  20.0318  19.6624
0202-03-15_15:36:51.980000      16205.18        1.84363600e-01        2.06623800e-09  20.0318  19.6624
0202-03-15_15:36:52.176000      16205.37        1.94334000e-01       -2.26992000e-10  20.0318  19.6624
0202-03-15_15:36:52.367000      16205.56        2.03970600e-01        4.66935800e-09  20.0318  19.6624
0202-03-15_15:36:52.574000      16205.77        2.13978100e-01        4.73133800e-09  20.0318  19.6624
0202-03-15_15:36:52.773000      16205.97        2.24279000e-01        8.26413800e-09  20.0075  19.6972
0202-03-15_15:36:52.970000      16206.16        2.34247900e-01        8.69799800e-09  20.0075  19.6972
0202-03-15_15:36:53.160000      16206.36        2.43851800e-01        1.07432980e-08  20.0075  19.6972
0202-03-15_15:36:53.350000      16206.55        2.53675300e-01        1.17969480e-08  20.0075  19.6972
0202-03-15_15:36:53.547000      16206.74        2.63865300e-01        4.54590800e-09  20.0075  19.6972
0202-03-15_15:36:53.773000      16206.97        2.74064300e-01        1.82084800e-09  20.0678  19.5851
0202-03-15_15:36:53.992000      16207.19        2.84095600e-01        4.48797800e-09  20.0678  19.5851
0202-03-15_15:36:54.184000      16207.38        2.93538900e-01        9.63274800e-09  20.0678  19.5851
0202-03-15_15:36:54.375000      16207.57        3.02412600e-01        1.08103580e-08  20.0678  19.5851
0202-03-15_15:36:54.586000      16207.78        3.13598500e-01        1.59546180e-08  20.0678  19.5851
0202-03-15_15:36:54.785000      16207.98        3.23610500e-01        1.34754580e-08  20.0019  19.6218
0202-03-15_15:36:55.008000      16208.20        3.33120900e-01        1.29796280e-08  20.0019  19.6218
0202-03-15_15:36:55.215000      16208.41        3.43319900e-01        8.82702800e-09  20.0019  19.6218
0202-03-15_15:36:55.418000      16208.61        3.52874700e-01        1.55207680e-08  20.0019  19.6218
0202-03-15_15:36:55.610000      16208.81        3.62643300e-01        7.46348800e-09  20.0019  19.6218
0202-03-15_15:36:55.820000      16209.02        3.73110000e-01        1.16780580e-08  20.0503  19.5465
0202-03-15_15:36:56.016000      16209.21        3.82756900e-01        7.69738000e-10  20.0503  19.5465
0202-03-15_15:36:56.220000      16209.41        3.92524000e-01        5.23223800e-09  20.0503  19.5465
0202-03-15_15:36:56.410000      16209.61        4.02893600e-01        5.48014800e-09  20.0503  19.5465
0202-03-15_15:36:56.600000      16209.80        4.12631000e-01        1.52728480e-08  20.0503  19.5465
0202-03-15_15:36:56.793000      16209.99        4.22334300e-01        2.10988880e-08  20.0090  19.5163
0202-03-15_15:36:56.992000      16210.19        4.32156300e-01        2.70488780e-08  20.0090  19.5163
0202-03-15_15:36:57.195000      16210.39        4.42549700e-01        2.27723180e-08  20.0090  19.5163
0202-03-15_15:36:57.402000      16210.60        4.52565000e-01        1.71322280e-08  20.0090  19.5163
0202-03-15_15:36:57.598000      16210.79        4.61788900e-01        1.35374380e-08  20.0090  19.5163
0202-03-15_15:36:57.810000      16211.00        4.72296600e-01        1.71322280e-08  20.0479  19.6248
0202-03-15_15:36:58.008000      16211.20        4.82011800e-01        2.74827380e-08  20.0479  19.6248
0202-03-15_15:36:58.215000      16211.41        4.91903500e-01        2.76066980e-08  20.0479  19.6248
0202-03-15_15:36:58.418000      16211.61        5.01823500e-01        2.46936780e-08  20.0479  19.6248
0202-03-15_15:36:58.613000      16211.81        5.11949700e-01        1.76280580e-08  20.0479  19.6248
0202-03-15_15:36:58.820000      16212.01        5.21256800e-01        1.48389980e-08  20.0360  19.5616
0202-03-15_15:36:59.010000      16212.21        5.31852500e-01        1.34754580e-08  20.0360  19.5616
0202-03-15_15:36:59.203000      16212.40        5.41790200e-01        1.33514980e-08  20.0360  19.5616
0202-03-15_15:36:59.414000      16212.61        5.50692100e-01        1.21738980e-08  20.0360  19.5616
0202-03-15_15:36:59.610000      16212.81        5.61461000e-01        1.03776280e-08  20.0360  19.5616
0202-03-15_15:36:59.832000      16213.03        5.71894400e-01        1.31058380e-08  20.0358  19.7282
0202-03-15_15:37:00.027000      16213.22        5.81188100e-01        2.01109780e-08  20.0358  19.7282
0202-03-15_15:37:00.230000      16213.43        5.91403400e-01        1.94911880e-08  20.0358  19.7282
0202-03-15_15:37:00.430000      16213.63        6.01028000e-01        1.94292080e-08  20.0358  19.7282
0202-03-15_15:37:00.625000      16213.82        6.10688400e-01        1.44088980e-08  20.0358  19.7282
0202-03-15_15:37:00.832000      16214.03        6.20979400e-01        2.02969180e-08  20.0456  19.5514
0202-03-15_15:37:01.023000      16214.22        6.29890100e-01        2.53792080e-08  20.0456  19.5514
0202-03-15_15:37:01.215000      16214.41        6.40608600e-01        2.81682680e-08  20.0456  19.5514
0202-03-15_15:37:01.420000      16214.62        6.50669500e-01        2.79203480e-08  20.0456  19.5514
0202-03-15_15:37:01.617000      16214.81        6.59823700e-01        2.52552480e-08  20.0456  19.5514
0202-03-15_15:37:01.820000      16215.02        6.70694900e-01        2.42635780e-08  20.0217  19.6604
0202-03-15_15:37:02.023000      16215.22        6.80322500e-01        2.61849380e-08  20.0217  19.6604
0202-03-15_15:37:02.215000      16215.41        6.89749800e-01        2.65568080e-08  20.0217  19.6604
0202-03-15_15:37:02.410000      16215.60        7.00353900e-01        2.98417080e-08  20.0217  19.6604
0202-03-15_15:37:02.600000      16215.80        7.10333300e-01        2.58750380e-08  20.0217  19.6604
0202-03-15_15:37:02.805000      16216.00        7.19812400e-01        2.40156680e-08  20.0430  19.6391
0202-03-15_15:37:03.004000      16216.20        7.29742800e-01        1.78177480e-08  20.0430  19.6391
0202-03-15_15:37:03.195000      16216.39        7.40379600e-01        1.34172280e-08  20.0430  19.6391
0202-03-15_15:37:03.390000      16216.59        7.49627200e-01        1.63922280e-08  20.0430  19.6391
0202-03-15_15:37:03.594000      16216.79        7.59743100e-01        2.32719180e-08  20.0430  19.6391
0202-03-15_15:37:03.790000      16216.98        7.70012000e-01        2.90359780e-08  20.0291  19.5531
0202-03-15_15:37:03.984000      16217.18        7.80214000e-01        2.01729580e-08  20.0291  19.5531
0202-03-15_15:37:04.184000      16217.38        7.89008900e-01        2.58130580e-08  20.0291  19.5531
0202-03-15_15:37:04.380000      16217.58        7.99813500e-01        2.32719180e-08  20.0291  19.5531
0202-03-15_15:37:04.574000      16217.77        8.10054000e-01        3.10812880e-08  20.0291  19.5531
0202-03-15_15:37:04.785000      16217.98        8.18976600e-01        2.15984780e-08  20.0079  19.6249
0202-03-15_15:37:04.980000      16218.18        8.29730600e-01        1.98010780e-08  20.0079  19.6249
0202-03-15_15:37:05.184000      16218.38        8.39821300e-01        2.32099380e-08  20.0079  19.6249
0202-03-15_15:37:05.380000      16218.57        8.48875800e-01        3.03375380e-08  20.0079  19.6249
0202-03-15_15:37:05.570000      16218.77        8.59708500e-01        2.97789980e-08  20.0079  19.6249
0202-03-15_15:37:05.777000      16218.98        8.69373200e-01        2.35803580e-08  20.0552  19.6733
0202-03-15_15:37:05.977000      16219.17        8.78794500e-01        2.09142780e-08  20.0552  19.6733
0202-03-15_15:37:06.170000      16219.37        8.89348200e-01        2.46950080e-08  20.0552  19.6733
0202-03-15_15:37:06.363000      16219.56        8.99199900e-01        2.50048980e-08  20.0552  19.6733
0202-03-15_15:37:06.566000      16219.76        9.08649400e-01        2.26496980e-08  20.0552  19.6733
0202-03-15_15:37:06.777000      16219.97        9.18903300e-01        2.41991680e-08  20.0133  19.5304
0202-03-15_15:37:06.980000      16220.18        9.29025700e-01        2.71121880e-08  20.0133  19.5304
0202-03-15_15:37:07.176000      16220.37        9.37630700e-01        2.85996880e-08  20.0133  19.5304
0202-03-15_15:37:07.367000      16220.56        9.48795900e-01        2.97772880e-08  20.0133  19.5304
0202-03-15_15:37:07.570000      16220.77        9.58809300e-01        2.88476080e-08  20.0133  19.5304
0202-03-15_15:37:07.773000      16220.97        9.68248400e-01        2.66163580e-08  20.0429  19.7206
0202-03-15_15:37:07.977000      16221.17        9.78284100e-01        2.04184480e-08  20.0429  19.7206
0202-03-15_15:37:08.170000      16221.37        9.88823000e-01        2.31455280e-08  20.0429  19.7206
0202-03-15_15:37:08.383000      16221.58        9.98094400e-01        2.28976080e-08  20.0429  19.7206
0202-03-15_15:37:08.580000      16221.77        1.00806300e+00        2.50668780e-08  20.0429  19.7206
0202-03-15_15:37:08.773000      16221.97        1.01848900e+00        2.07283380e-08  20.0232  19.5475
0202-03-15_15:37:08.970000      16222.17        1.02778300e+00        2.20298980e-08  20.0232  19.5475
0202-03-15_15:37:09.164000      16222.36        1.03759600e+00        2.43231280e-08  20.0232  19.5475
0202-03-15_15:37:09.355000      16222.55        1.04792400e+00        2.07903180e-08  20.0232  19.5475
0202-03-15_15:37:09.562000      16222.76        1.05795300e+00        1.53361580e-08  20.0232  19.5475
0202-03-15_15:37:09.758000      16222.95        1.06732800e+00        1.05637680e-08  20.0484  19.6465
0202-03-15_15:37:09.953000      16223.15        1.07784700e+00        1.22371980e-08  20.0484  19.6465
0202-03-15_15:37:10.156000      16223.35        1.08768000e+00        1.41585580e-08  20.0484  19.6465
0202-03-15_15:37:10.355000      16223.55        1.09750800e+00        1.57700080e-08  20.0484  19.6465
0202-03-15_15:37:10.547000      16223.74        1.10748900e+00        1.98606280e-08  20.0484  19.6465
0202-03-15_15:37:10.766000      16223.96        1.11765800e+00        2.64304180e-08  20.0484  19.6465
0202-03-15_15:37:10.980000      16224.18        1.12759500e+00        2.27736480e-08  20.0272  19.6504
0202-03-15_15:37:11.170000      16224.37        1.13753800e+00        1.65757380e-08  20.0272  19.6504
0202-03-15_15:37:11.367000      16224.56        1.14639700e+00        6.78303800e-09  20.0272  19.6504
0202-03-15_15:37:11.570000      16224.77        1.15695100e+00        7.09199800e-09  20.0272  19.6504
0202-03-15_15:37:11.777000      16224.97        1.16696500e+00        8.57823800e-09  20.0551  19.5437
0202-03-15_15:37:11.970000      16225.17        1.17664300e+00        1.21101080e-08  20.0551  19.5437
0202-03-15_15:37:12.176000      16225.37        1.18721900e+00        8.20542800e-09  20.0551  19.5437
0202-03-15_15:37:12.375000      16225.57        1.19697200e+00        7.39969800e-09  20.0551  19.5437
0202-03-15_15:37:12.566000      16225.76        1.20630500e+00        1.03746980e-08  20.0551  19.5437
0202-03-15_15:37:12.777000      16225.98        1.21700700e+00        1.99194780e-08  20.0164  19.7044
0202-03-15_15:37:12.973000      16226.17        1.22675000e+00        2.05392680e-08  20.0164  19.7044
0202-03-15_15:37:13.164000      16226.36        1.23589100e+00        1.50231280e-08  20.0164  19.7044
0202-03-15_15:37:13.370000      16226.57        1.24661800e+00        5.72625800e-09  20.0164  19.7044
0202-03-15_15:37:13.562000      16226.76        1.25637000e+00        7.33771800e-09  20.0164  19.7044
0202-03-15_15:37:13.777000      16226.97        1.26572400e+00        8.26740800e-09  20.0644  19.5874
0202-03-15_15:37:13.992000      16227.19        1.27668300e+00        1.04366780e-08  20.0644  19.5874
0202-03-15_15:37:14.184000      16227.38        1.28632300e+00        1.30397980e-08  20.0644  19.5874
0202-03-15_15:37:14.380000      16227.57        1.29604100e+00        1.16142780e-08  20.0644  19.5874
0202-03-15_15:37:14.586000      16227.78        1.30569800e+00        1.48371880e-08  20.0644  19.5874
0202-03-15_15:37:14.790000      16227.98        1.31621500e+00        1.37835480e-08  20.0108  19.6182
0202-03-15_15:37:15             16228.20        1.32613700e+00        2.20887380e-08  20.0108  19.6182
0202-03-15_15:37:15.195000      16228.39        1.33532100e+00        2.35762380e-08  20.0108  19.6182
0202-03-15_15:37:15.390000      16228.58        1.34606900e+00        2.85345680e-08  20.0108  19.6182
0202-03-15_15:37:15.594000      16228.79        1.35571600e+00        2.03533280e-08  20.0108  19.6182
0202-03-15_15:37:15.793000      16228.99        1.36479300e+00        1.53949980e-08  20.0543  19.5596
0202-03-15_15:37:16             16229.20        1.37563100e+00        8.20542800e-09  20.0543  19.5596
0202-03-15_15:37:16.203000      16229.40        1.38563000e+00        1.52090580e-08  20.0543  19.5596
0202-03-15_15:37:16.406000      16229.60        1.39464700e+00        2.03533280e-08  20.0543  19.5596
0202-03-15_15:37:16.605000      16229.80        1.40525800e+00        2.15309280e-08  20.0543  19.5596
0202-03-15_15:37:16.812000      16230.01        1.41551900e+00        1.90517680e-08  20.0242  19.6733
0202-03-15_15:37:17.010000      16230.21        1.42497900e+00        2.76048780e-08  20.0242  19.6733
0202-03-15_15:37:17.210000      16230.41        1.43563100e+00        2.69850880e-08  20.0242  19.6733
0202-03-15_15:37:17.402000      16230.60        1.44519100e+00        2.63031580e-08  20.0242  19.6733
0202-03-15_15:37:17.605000      16230.80        1.45444300e+00        2.06625880e-08  20.0242  19.6733
0202-03-15_15:37:17.816000      16231.01        1.46505900e+00        1.99181980e-08  20.0472  19.6383
0202-03-15_15:37:18.010000      16231.21        1.47491300e+00        2.09715180e-08  20.0472  19.6383
0202-03-15_15:37:18.215000      16231.41        1.48475200e+00        2.44423480e-08  20.0472  19.6383
0202-03-15_15:37:18.410000      16231.60        1.49454800e+00        2.66735980e-08  20.0472  19.6383
0202-03-15_15:37:18.600000      16231.80        1.50477100e+00        2.85949480e-08  20.0472  19.6383
0202-03-15_15:37:18.812000      16232.01        1.51457400e+00        2.63636980e-08  20.0285  19.5536
0202-03-15_15:37:19.008000      16232.20        1.52469700e+00        2.57439080e-08  20.0285  19.5536
0202-03-15_15:37:19.200000      16232.40        1.53473300e+00        3.08261880e-08  20.0285  19.5536
0202-03-15_15:37:19.400000      16232.59        1.54423700e+00        3.57225380e-08  20.0285  19.5536
0202-03-15_15:37:19.590000      16232.79        1.55430000e+00        3.47928480e-08  20.0285  19.5536
0202-03-15_15:37:19.790000      16232.98        1.56412200e+00        2.67975480e-08  20.0456  19.6472
0202-03-15_15:37:19.992000      16233.19        1.57426700e+00        2.23970380e-08  20.0456  19.6472
0202-03-15_15:37:20.188000      16233.38        1.58380400e+00        1.93600680e-08  20.0456  19.6472
0202-03-15_15:37:20.400000      16233.60        1.59442800e+00        2.38225580e-08  20.0456  19.6472
0202-03-15_15:37:20.600000      16233.80        1.60371700e+00        2.99584880e-08  20.0456  19.6472
0202-03-15_15:37:20.805000      16234.00        1.61361900e+00        3.52267080e-08  20.0563  19.5441
0202-03-15_15:37:21.004000      16234.20        1.62404700e+00        2.85329680e-08  20.0563  19.5441
0202-03-15_15:37:21.215000      16234.41        1.63352600e+00        1.92361080e-08  20.0563  19.5441
0202-03-15_15:37:21.414000      16234.61        1.64411100e+00        2.08475580e-08  20.0563  19.5441
0202-03-15_15:37:21.605000      16234.80        1.65388000e+00        2.48142180e-08  20.0563  19.5441
0202-03-15_15:37:21.832000      16235.03        1.66338900e+00        3.19418180e-08  20.0271  19.6637
0202-03-15_15:37:22.040000      16235.24        1.67357300e+00        2.88428580e-08  20.0271  19.6637
0202-03-15_15:37:22.234000      16235.43        1.68353900e+00        2.23350580e-08  20.0271  19.6637
0202-03-15_15:37:22.426000      16235.62        1.69245400e+00        2.41944280e-08  20.0271  19.6637
0202-03-15_15:37:22.630000      16235.83        1.70310600e+00        2.47522480e-08  20.0271  19.6637
0202-03-15_15:37:22.836000      16236.03        1.71348800e+00        3.01444180e-08  20.0424  19.6460
0202-03-15_15:37:23.027000      16236.22        1.72271900e+00        3.16938980e-08  20.0424  19.6460
0202-03-15_15:37:23.234000      16236.43        1.73306500e+00        3.42970180e-08  20.0424  19.6460
0202-03-15_15:37:23.434000      16236.63        1.74301900e+00        2.93989380e-08  20.0424  19.6460
0202-03-15_15:37:23.625000      16236.82        1.75211700e+00        2.93343580e-08  20.0424  19.6460
0202-03-15_15:37:23.840000      16237.04        1.76274300e+00        2.66657980e-08  20.0283  19.5475
0202-03-15_15:37:24.035000      16237.23        1.77242000e+00        2.97018980e-08  20.0283  19.5475
0202-03-15_15:37:24.227000      16237.42        1.78215900e+00        2.53633680e-08  20.0283  19.5475
0202-03-15_15:37:24.430000      16237.63        1.79256100e+00        3.35445880e-08  20.0283  19.5475
0202-03-15_15:37:24.625000      16237.82        1.80264000e+00        3.93086380e-08  20.0283  19.5475
0202-03-15_15:37:24.830000      16238.02        1.81161700e+00        4.33992480e-08  20.0299  19.6978
0202-03-15_15:37:25.030000      16238.23        1.82235500e+00        3.79450980e-08  20.0299  19.6978
0202-03-15_15:37:25.223000      16238.42        1.83202400e+00        3.89367580e-08  20.0299  19.6978
0202-03-15_15:37:25.414000      16238.61        1.84135200e+00        4.03622780e-08  20.0299  19.6978
0202-03-15_15:37:25.620000      16238.82        1.85215500e+00        4.89773580e-08  20.0299  19.6978
0202-03-15_15:37:25.830000      16239.02        1.86219600e+00        4.71799680e-08  20.0495  19.5554
0202-03-15_15:37:26.030000      16239.23        1.87191200e+00        4.42049780e-08  20.0495  19.5554
0202-03-15_15:37:26.223000      16239.42        1.88213800e+00        4.47627880e-08  20.0495  19.5554
0202-03-15_15:37:26.418000      16239.61        1.89206100e+00        3.97424880e-08  20.0495  19.5554
0202-03-15_15:37:26.613000      16239.81        1.90084200e+00        4.26554980e-08  20.0495  19.5554
0202-03-15_15:37:26.810000      16240.01        1.91155500e+00        3.71393680e-08  20.0356  19.6621
0202-03-15_15:37:27.004000      16240.20        1.92180900e+00        4.31513380e-08  20.0356  19.6621
0202-03-15_15:37:27.207000      16240.40        1.93053700e+00        3.48461480e-08  20.0356  19.6621
0202-03-15_15:37:27.406000      16240.60        1.94150500e+00        3.30487580e-08  20.0356  19.6621
0202-03-15_15:37:27.600000      16240.80        1.95141400e+00        2.39998280e-08  20.0356  19.6621
0202-03-15_15:37:27.812000      16241.01        1.96056500e+00        2.44956580e-08  20.0430  19.6414
0202-03-15_15:37:28.008000      16241.20        1.97145700e+00        2.09628580e-08  20.0430  19.6414
0202-03-15_15:37:28.200000      16241.40        1.98161000e+00        2.74706480e-08  20.0430  19.6414
0202-03-15_15:37:28.406000      16241.60        1.99099900e+00        3.00737680e-08  20.0430  19.6414
0202-03-15_15:37:28.598000      16241.79        2.00081200e+00        3.41023980e-08  20.0430  19.6414
0202-03-15_15:37:28.800000      16242.00        2.01097700e+00        3.32346980e-08  20.0371  19.5563
0202-03-15_15:37:29             16242.20        2.02069900e+00        3.10654280e-08  20.0371  19.5563
0202-03-15_15:37:29.200000      16242.39        2.03061700e+00        3.03836680e-08  20.0371  19.5563
0202-03-15_15:37:29.390000      16242.59        2.04094500e+00        3.25529580e-08  20.0371  19.5563
0202-03-15_15:37:29.598000      16242.79        2.05072100e+00        3.74494380e-08  20.0371  19.5563
0202-03-15_15:37:29.793000      16242.99        2.06060300e+00        4.04245280e-08  20.0437  19.6472
0202-03-15_15:37:29.992000      16243.19        2.07099400e+00        3.71397180e-08  20.0437  19.6472
0202-03-15_15:37:30.188000      16243.38        2.08080900e+00        2.78428680e-08  20.0437  19.6472
0202-03-15_15:37:30.380000      16243.58        2.08946700e+00        2.46819380e-08  20.0437  19.6472
0202-03-15_15:37:30.570000      16243.77        2.10057900e+00        2.30085080e-08  20.0437  19.6472
0202-03-15_15:37:30.773000      16243.97        2.11052700e+00        3.11277580e-08  20.0251  19.6540
0202-03-15_15:37:30.970000      16244.16        2.12010700e+00        2.60454780e-08  20.0251  19.6540
0202-03-15_15:37:31.160000      16244.36        2.13008800e+00        2.72850580e-08  20.0251  19.6540
0202-03-15_15:37:31.363000      16244.56        2.14024900e+00        2.33183980e-08  20.0251  19.6540
0202-03-15_15:37:31.560000      16244.75        2.14957400e+00        3.31110780e-08  20.0251  19.6540
0202-03-15_15:37:31.777000      16244.97        2.16014300e+00        3.33589980e-08  20.0554  19.5450
0202-03-15_15:37:31.977000      16245.17        2.16989400e+00        3.64579480e-08  20.0554  19.5450
0202-03-15_15:37:32.176000      16245.37        2.17946000e+00        2.74090180e-08  20.0554  19.5450
0202-03-15_15:37:32.370000      16245.57        2.18966400e+00        3.08798380e-08  20.0554  19.5450
0202-03-15_15:37:32.582000      16245.78        2.19949300e+00        3.42266980e-08  20.0554  19.5450
0202-03-15_15:37:32.777000      16245.97        2.20941900e+00        3.92469980e-08  20.0093  19.6846
0202-03-15_15:37:32.970000      16246.17        2.21982700e+00        3.80693980e-08  20.0093  19.6846
0202-03-15_15:37:33.180000      16246.37        2.22957400e+00        3.21813980e-08  20.0093  19.6846
0202-03-15_15:37:33.375000      16246.57        2.23913000e+00        3.75115880e-08  20.0093  19.6846
0202-03-15_15:37:33.570000      16246.77        2.24611100e+00        4.16641780e-08  20.0093  19.6846
0202-03-15_15:37:33.780000      16246.98        2.25948300e+00        5.21386280e-08  20.0647  19.5804
0202-03-15_15:37:33.980000      16247.18        2.26910800e+00        4.60027080e-08  20.0647  19.5804
0202-03-15_15:37:34.176000      16247.37        2.27917800e+00        4.58787480e-08  20.0647  19.5804
0202-03-15_15:37:34.383000      16247.58        2.28925100e+00        3.10657780e-08  20.0647  19.5804
0202-03-15_15:37:34.574000      16247.77        2.29857200e+00        3.86272080e-08  20.0647  19.5804
0202-03-15_15:37:34.785000      16247.98        2.30917100e+00        3.36688880e-08  20.0140  19.6269
0202-03-15_15:37:34.984000      16248.18        2.31896200e+00        4.07344980e-08  20.0140  19.6269
0202-03-15_15:37:35.176000      16248.37        2.32846600e+00        3.43506580e-08  20.0140  19.6269
0202-03-15_15:37:35.380000      16248.58        2.33897300e+00        3.76355880e-08  20.0140  19.6269
0202-03-15_15:37:35.574000      16248.77        2.34848100e+00        2.96404780e-08  20.0140  19.6269
0202-03-15_15:37:35.777000      16248.97        2.35804200e+00        4.32759980e-08  20.0593  19.6879
0202-03-15_15:37:35.984000      16249.18        2.36856700e+00        5.08375180e-08  20.0593  19.6879
0202-03-15_15:37:36.176000      16249.37        2.37879200e+00        7.06088180e-08  20.0593  19.6879
0202-03-15_15:37:36.370000      16249.57        2.38741100e+00        5.69114580e-08  20.0593  19.6879
0202-03-15_15:37:36.582000      16249.78        2.39835800e+00        5.92666580e-08  20.0593  19.6879
0202-03-15_15:37:36.773000      16249.97        2.40816900e+00        5.88947880e-08  20.0201  19.5179
0202-03-15_15:37:36.990000      16250.18        2.41773500e+00        8.35624280e-08  20.0201  19.5179
0202-03-15_15:37:37.188000      16250.38        2.42833500e+00        1.10275368e-07  20.0201  19.5179
0202-03-15_15:37:37.383000      16250.58        2.43803700e+00        1.53660658e-07  20.0201  19.5179
0202-03-15_15:37:37.590000      16250.79        2.44708900e+00        2.57785358e-07  20.0201  19.5179
0202-03-15_15:37:37.790000      16250.99        2.45815100e+00        3.41085118e-07  20.0551  19.6575
0202-03-15_15:37:37.984000      16251.18        2.46796000e+00        4.47812928e-07  20.0551  19.6575
0202-03-15_15:37:38.184000      16251.38        2.47715900e+00        4.54630618e-07  20.0551  19.6575
0202-03-15_15:37:38.375000      16251.57        2.48768400e+00        1.36311861e-06  20.0551  19.6575
0202-03-15_15:37:38.586000      16251.78        2.49748000e+00        1.10726935e-06  20.0551  19.6575
0202-03-15_15:37:38.790000      16251.98        2.50719000e+00        1.09152669e-06  20.0383  19.5670
0202-03-15_15:37:38.996000      16252.19        2.51746200e+00        1.08979128e-06  20.0383  19.5670
0202-03-15_15:37:39.188000      16252.38        2.52662500e+00        1.86632600e-06  20.0383  19.5670
0202-03-15_15:37:39.390000      16252.59        2.53733200e+00        2.75237758e-06  20.0383  19.5670
0202-03-15_15:37:39.590000      16252.78        2.54731400e+00        3.91652888e-06  20.0383  19.5670
0202-03-15_15:37:39.805000      16253.00        2.55683600e+00        3.57682205e-06  20.0492  19.6464
0202-03-15_15:37:40.010000      16253.21        2.56708000e+00        4.24253834e-06  20.0492  19.6464
0202-03-15_15:37:40.203000      16253.40        2.57679600e+00        2.68587413e-06  20.0492  19.6464
0202-03-15_15:37:40.406000      16253.60        2.58649600e+00        3.15976546e-06  20.0492  19.6464
0202-03-15_15:37:40.598000      16253.80        2.59706600e+00        4.49603238e-06  20.0492  19.6464
0202-03-15_15:37:40.812000      16254.01        2.60723100e+00        4.00763798e-06  20.0557  19.5487
0202-03-15_15:37:41.023000      16254.22        2.61675000e+00        3.98966408e-06  20.0557  19.5487
0202-03-15_15:37:41.227000      16254.42        2.62652900e+00        3.23909570e-06  20.0557  19.5487
0202-03-15_15:37:41.434000      16254.63        2.63595800e+00        2.96390909e-06  20.0557  19.5487
0202-03-15_15:37:41.625000      16254.82        2.64641200e+00        3.57936023e-06  20.0557  19.5487
0202-03-15_15:37:41.840000      16255.04        2.65662900e+00        2.92920087e-06  20.0267  19.6744
0202-03-15_15:37:42.035000      16255.23        2.66651000e+00        8.40752168e-06  20.0267  19.6744
0202-03-15_15:37:42.234000      16255.43        2.67648100e+00        5.08916788e-06  20.0267  19.6744
0202-03-15_15:37:42.426000      16255.62        2.68622300e+00        7.84227348e-06  20.0267  19.6744
0202-03-15_15:37:42.630000      16255.83        2.69547300e+00        3.43061071e-06  20.0267  19.6744
0202-03-15_15:37:42.832000      16256.03        2.70620200e+00        1.47516884e-05  20.0426  19.6486
0202-03-15_15:37:43.035000      16256.23        2.71637100e+00        4.74766378e-06  20.0426  19.6486
0202-03-15_15:37:43.227000      16256.42        2.72525400e+00        1.17723596e-05  20.0426  19.6486
0202-03-15_15:37:43.434000      16256.63        2.73615200e+00        5.42633338e-06  20.0426  19.6486
0202-03-15_15:37:43.625000      16256.82        2.74614700e+00        1.09350238e-05  20.0426  19.6486
0202-03-15_15:37:43.824000      16257.02        2.75503400e+00        8.83083798e-06  20.0502  19.5617
0202-03-15_15:37:44.030000      16257.23        2.76600800e+00        9.79151188e-06  20.0502  19.5617
0202-03-15_15:37:44.223000      16257.42        2.77598300e+00        9.20828988e-06  20.0502  19.5617
0202-03-15_15:37:44.434000      16257.63        2.78536900e+00        9.50578888e-06  20.0502  19.5617
0202-03-15_15:37:44.625000      16257.82        2.79559000e+00        9.13515468e-06  20.0502  19.5617
0202-03-15_15:37:44.824000      16258.02        2.80562900e+00        6.22920888e-06  20.0355  19.7054
0202-03-15_15:37:45.040000      16258.24        2.81536400e+00        1.13341683e-05  20.0355  19.7054
0202-03-15_15:37:45.246000      16258.44        2.82522700e+00        9.14321198e-06  20.0355  19.7054
0202-03-15_15:37:45.445000      16258.64        2.83571200e+00        2.01872434e-05  20.0355  19.7054