# Ic =  nan A, n =  nan , Tavg = 20.02 K, f37-1p8e20pm2-1200keV-30nA-20k
#datetime                        t_s     iHTS_A                vHTS_V                tHTS_K  tTAR_K
0202-03-15_18:46:03.746000      3905.99        5.08025200e-01       -1.86215540e-08  20.0137  19.6916
0202-03-15_18:46:04.150000      3906.39        9.13169800e-01       -2.16585240e-08  19.9927  19.5403
0202-03-15_18:46:04.550000      3906.80        1.30343000e+00       -2.81663040e-08  19.9927  19.5403
0202-03-15_18:46:04.965000      3907.21        1.50449200e+00       -8.02316400e-09  20.0120  19.5947
0202-03-15_18:46:05.355000      3907.60        1.89412600e+00       -6.34868400e-09  20.0120  19.5947
0202-03-15_18:46:05.770000      3908.02        2.10003200e+00       -2.78543240e-08  20.0120  19.5947
0202-03-15_18:46:06.184000      3908.43        2.48967300e+00       -1.31653140e-08  19.9788  19.6870
0202-03-15_18:46:06.586000      3908.83        2.67635100e+00       -1.35371940e-08  19.9788  19.6870
0202-03-15_18:46:07             3909.25        3.08673300e+00       -7.27732400e-09  20.0177  19.5164
0202-03-15_18:46:07.402000      3909.65        3.26453300e+00       -2.57840000e-11  20.0177  19.5164
0202-03-15_18:46:07.810000      3910.06        3.67880400e+00        5.55231600e-09  19.9599  19.6648
0202-03-15_18:46:08.207000      3910.46        3.85997400e+00        1.44152960e-08  19.9599  19.6648
0202-03-15_18:46:08.613000      3910.86        4.26583100e+00        6.97782600e-09  19.9599  19.6648
0202-03-15_18:46:09.016000      3911.26        4.44983900e+00       -1.50866640e-08  20.0264  19.5741
0202-03-15_18:46:09.420000      3911.67        4.84045800e+00        1.08983600e-09  20.0264  19.5741
0202-03-15_18:46:09.820000      3912.07        5.04283900e+00        5.98616600e-09  19.9644  19.5623
0202-03-15_18:46:10.220000      3912.46        5.43286100e+00        1.22460360e-08  19.9644  19.5623
0202-03-15_18:46:10.613000      3912.86        5.63922600e+00        1.36095760e-08  19.9644  19.5623
0202-03-15_18:46:11.004000      3913.25        6.02478600e+00        3.94053600e-09  20.0075  19.6817
0202-03-15_18:46:11.400000      3913.64        6.23298200e+00       -7.72154000e-10  20.0075  19.6817
0202-03-15_18:46:11.800000      3914.05        6.62212200e+00       -2.07436400e-09  19.9766  19.4939
0202-03-15_18:46:12.203000      3914.45        6.82551400e+00        3.29160000e-11  19.9766  19.4939
0202-03-15_18:46:12.600000      3914.85        7.21602700e+00        1.11271360e-08  19.9766  19.4939
0202-03-15_18:46:13.004000      3915.25        7.42046700e+00        1.02457600e-09  19.9982  19.6967
0202-03-15_18:46:13.406000      3915.65        7.80846200e+00        1.34203560e-08  19.9982  19.6967
0202-03-15_18:46:13.812000      3916.06        8.01327400e+00        5.23914600e-09  19.9809  19.5481
0202-03-15_18:46:14.215000      3916.46        8.40833600e+00        7.96621600e-09  19.9809  19.5481
0202-03-15_18:46:14.617000      3916.86        8.79023600e+00        1.55896160e-08  19.9809  19.5481
0202-03-15_18:46:15.020000      3917.27        8.99530200e+00        1.26146260e-08  19.9824  19.5609
0202-03-15_18:46:15.414000      3917.66        9.38392500e+00        2.38328060e-08  19.9824  19.5609
0202-03-15_18:46:15.810000      3918.05        9.58501800e+00        6.97454600e-09  19.9672  19.6526
0202-03-15_18:46:16.207000      3918.45        9.97593000e+00        9.01985600e-09  19.9672  19.6526
0202-03-15_18:46:16.610000      3918.86        1.01827500e+01        1.75109560e-08  19.9672  19.6526
0202-03-15_18:46:17.016000      3919.26        1.05690800e+01        1.81935760e-08  20.0043  19.5119
0202-03-15_18:46:17.410000      3919.66        1.07723300e+01        1.99929560e-08  20.0043  19.5119
0202-03-15_18:46:17.812000      3920.06        1.11622900e+01        1.09440360e-08  19.9562  19.6648
0202-03-15_18:46:18.203000      3920.45        1.13479900e+01        9.39456600e-09  19.9562  19.6648
0202-03-15_18:46:18.610000      3920.86        1.17551500e+01        1.09440360e-08  19.9562  19.6648
0202-03-15_18:46:19.016000      3921.26        1.19419200e+01        2.57688600e-09  20.0103  19.5445
0202-03-15_18:46:19.418000      3921.67        1.23487600e+01        1.14398660e-08  20.0103  19.5445
0202-03-15_18:46:19.824000      3922.07        1.25333500e+01        1.41669460e-08  19.9542  19.5599
0202-03-15_18:46:20.227000      3922.47        1.29433700e+01        2.57569960e-08  19.9542  19.5599
0202-03-15_18:46:20.630000      3922.88        1.31263300e+01        2.29059660e-08  19.9542  19.5599
0202-03-15_18:46:21.027000      3923.27        1.35187200e+01        2.18523260e-08  20.0001  19.6770
0202-03-15_18:46:21.418000      3923.67        1.37203200e+01        2.53851260e-08  20.0001  19.6770
0202-03-15_18:46:21.816000      3924.06        1.41108500e+01        1.19976760e-08  19.9680  19.4971
0202-03-15_18:46:22.223000      3924.47        1.43152000e+01        2.09846260e-08  19.9680  19.4971
0202-03-15_18:46:22.625000      3924.87        1.47020300e+01        3.92064160e-08  19.9680  19.4971
0202-03-15_18:46:23.020000      3925.27        1.49056200e+01        3.30097760e-08  19.9988  19.7047
0202-03-15_18:46:23.414000      3925.66        1.52980400e+01        4.00146360e-08  19.9988  19.7047
0202-03-15_18:46:23.820000      3926.07        1.55030700e+01        3.04698760e-08  19.9825  19.5411
0202-03-15_18:46:24.223000      3926.47        1.58985900e+01        2.58834360e-08  19.9825  19.5411
0202-03-15_18:46:24.630000      3926.87        1.62771800e+01        4.55927360e-08  19.9825  19.5411
0202-03-15_18:46:25.030000      3927.28        1.64774100e+01        2.81766560e-08  19.9989  19.6002
0202-03-15_18:46:25.420000      3927.67        1.68737900e+01        4.11922360e-08  19.9989  19.6002
0202-03-15_18:46:25.820000      3928.07        1.70770100e+01        4.64604460e-08  19.9740  19.6608
0202-03-15_18:46:26.215000      3928.46        1.74643900e+01        4.19979560e-08  19.9740  19.6608
0202-03-15_18:46:26.610000      3928.86        1.76706800e+01        2.97881060e-08  19.9740  19.6608
0202-03-15_18:46:27.010000      3929.26        1.80606000e+01        4.42291960e-08  20.0183  19.5205
0202-03-15_18:46:27.414000      3929.66        1.82662200e+01        4.29276460e-08  20.0183  19.5205
0202-03-15_18:46:27.820000      3930.07        1.86515900e+01        4.18739960e-08  19.9674  19.6766
0202-03-15_18:46:28.230000      3930.48        1.88582200e+01        3.62958960e-08  19.9674  19.6766
0202-03-15_18:46:28.625000      3930.87        1.92456000e+01        4.68323160e-08  19.9674  19.6766
0202-03-15_18:46:29.016000      3931.26        1.94502200e+01        6.57396160e-08  20.0183  19.5511
0202-03-15_18:46:29.410000      3931.66        1.98406900e+01        9.74744560e-08  20.0183  19.5511
0202-03-15_18:46:29.820000      3932.07        2.00325000e+01        1.12287436e-07  19.9634  19.5635
0202-03-15_18:46:30.220000      3932.47        2.04338700e+01        1.50218596e-07  19.9634  19.5635
0202-03-15_18:46:30.617000      3932.87        2.06195200e+01        2.13871036e-07  19.9634  19.5635
0202-03-15_18:46:31.023000      3933.27        2.10261600e+01        3.17747846e-07  20.0188  19.6867
0202-03-15_18:46:31.426000      3933.67        2.12176000e+01        4.37739206e-07  20.0188  19.6867
0202-03-15_18:46:31.824000      3934.07        2.16263100e+01        6.44811076e-07  19.9724  19.4774
0202-03-15_18:46:32.230000      3934.48        2.18080700e+01        8.78967766e-07  19.9724  19.4774
0202-03-15_18:46:32.633000      3934.88        2.22022800e+01        1.26708031e-06  19.9724  19.4774
0202-03-15_18:46:33.027000      3935.27        2.24083600e+01        1.81441693e-06  20.0095  19.7070
0202-03-15_18:46:33.418000      3935.67        2.27923800e+01        3.34814944e-06  20.0095  19.7070
0202-03-15_18:46:33.824000      3936.07        2.29970700e+01        4.35537028e-06  19.9917  19.5447
0202-03-15_18:46:34.227000      3936.47        2.33845600e+01        6.81469726e-06  19.9917  19.5447
0202-03-15_18:46:34.620000      3936.87        2.35923900e+01        8.27375746e-06  19.9917  19.5447
0202-03-15_18:46:35.016000      3937.26        2.39841100e+01        1.57447138e-05  20.0193  19.6123
0202-03-15_18:46:35.410000      3937.66        2.43756500e+01        2.75380895e-05  20.0193  19.6123