# Ic = 4.70 A, n = 27.61 , Tavg = 19.97 K, f37-6e20pm2-800keV-0nA-20k
#datetime                        t_s     iHTS_A                vHTS_V                tHTS_K  tTAR_K
0202-03-18_13:35:00.004000      1963.17        5.70288300e-02        3.02642240e-08  19.9732  19.7078
0202-03-18_13:35:00.203000      1963.37        9.59800300e-02        2.32606240e-08  19.9732  19.7078
0202-03-18_13:35:00.406000      1963.57        1.94994300e-01        1.78684740e-08  20.0270  19.5584
0202-03-18_13:35:00.610000      1963.78        2.87227500e-01        5.96855400e-09  20.0270  19.5584
0202-03-18_13:35:00.800000      1963.97        3.92464200e-01        7.02219400e-09  20.0270  19.5584
0202-03-18_13:35:00.996000      1964.16        4.91441400e-01        1.07409140e-08  20.0270  19.5584
0202-03-18_13:35:01.200000      1964.37        5.86700700e-01        2.15872040e-08  20.0270  19.5584
0202-03-18_13:35:01.410000      1964.58        6.85885600e-01        2.51819740e-08  19.9657  19.6354
0202-03-18_13:35:01.625000      1964.79        7.88761600e-01        2.09674140e-08  19.9657  19.6354
0202-03-18_13:35:01.816000      1964.99        8.81845200e-01        1.51414140e-08  19.9657  19.6354
0202-03-18_13:35:02.023000      1965.19        9.85426100e-01        1.20424740e-08  19.9657  19.6354
0202-03-18_13:35:02.215000      1965.38        1.08100800e+00        2.04715840e-08  19.9657  19.6354
0202-03-18_13:35:02.426000      1965.59        1.17860500e+00        2.15872040e-08  20.0180  19.6802
0202-03-18_13:35:02.625000      1965.79        1.28426400e+00        2.09674140e-08  20.0180  19.6802
0202-03-18_13:35:02.820000      1965.99        1.38215600e+00        9.00626400e-09  20.0180  19.6802
0202-03-18_13:35:03.010000      1966.18        1.47096800e+00        1.21683140e-08  20.0180  19.6802
0202-03-18_13:35:03.220000      1966.39        1.57973700e+00        1.58261940e-08  20.0180  19.6802
0202-03-18_13:35:03.430000      1966.60        1.67983700e+00        2.35123140e-08  19.9693  19.5252
0202-03-18_13:35:03.620000      1966.79        1.77485400e+00        1.64467340e-08  19.9693  19.5252
0202-03-18_13:35:03.816000      1966.98        1.87729100e+00        8.38948400e-09  19.9693  19.5252
0202-03-18_13:35:04.008000      1967.18        1.97660200e+00       -1.01606000e-10  19.9693  19.5252
0202-03-18_13:35:04.203000      1967.37        2.06698500e+00       -1.15524600e-09  19.9693  19.5252
0202-03-18_13:35:04.414000      1967.58        2.17557900e+00        1.46493440e-08  19.9965  19.7165
0202-03-18_13:35:04.610000      1967.78        2.27481200e+00        1.78722440e-08  19.9965  19.7165
0202-03-18_13:35:04.800000      1967.97        2.35537100e+00        2.27065940e-08  19.9965  19.7165
0202-03-18_13:35:05.008000      1968.17        2.47223900e+00        1.55790340e-08  19.9965  19.7165
0202-03-18_13:35:05.203000      1968.37        2.57204900e+00        1.82441240e-08  19.9965  19.7165
0202-03-18_13:35:05.406000      1968.58        2.66308300e+00        1.99795240e-08  19.9747  19.5342
0202-03-18_13:35:05.605000      1968.77        2.77091300e+00        1.63227740e-08  19.9747  19.5342
0202-03-18_13:35:05.800000      1968.97        2.86942100e+00        2.61154240e-08  19.9747  19.5342
0202-03-18_13:35:06.004000      1969.17        2.95894000e+00        1.70665240e-08  19.9747  19.5342
0202-03-18_13:35:06.195000      1969.37        3.06784400e+00        1.87399540e-08  19.9747  19.5342
0202-03-18_13:35:06.418000      1969.59        3.16959000e+00        1.37816440e-08  20.0016  19.6606
0202-03-18_13:35:06.620000      1969.79        3.26762500e+00        2.01034840e-08  20.0016  19.6606
0202-03-18_13:35:06.830000      1970.00        3.36600600e+00        1.66326740e-08  20.0016  19.6606
0202-03-18_13:35:07.023000      1970.19        3.46114200e+00        1.75623540e-08  20.0016  19.6606
0202-03-18_13:35:07.220000      1970.39        3.56490800e+00        2.28925340e-08  20.0016  19.6606
0202-03-18_13:35:07.438000      1970.61        3.66496900e+00        2.61154240e-08  19.9829  19.6407
0202-03-18_13:35:07.637000      1970.80        3.76305600e+00        2.23347240e-08  19.9829  19.6407
0202-03-18_13:35:07.840000      1971.01        3.86259700e+00        1.58889240e-08  19.9829  19.6407
0202-03-18_13:35:08.035000      1971.20        3.95932700e+00        1.83060940e-08  19.9829  19.6407
0202-03-18_13:35:08.227000      1971.40        4.05715100e+00        2.14670140e-08  19.9829  19.6407
0202-03-18_13:35:08.434000      1971.60        4.16091100e+00        2.38841940e-08  20.0166  19.5671
0202-03-18_13:35:08.633000      1971.80        4.26108000e+00        2.42560640e-08  20.0166  19.5671
0202-03-18_13:35:08.824000      1971.99        4.35020900e+00        3.10119540e-08  20.0166  19.5671
0202-03-18_13:35:09.016000      1972.19        4.45756800e+00        5.22709940e-08  20.0166  19.5671
0202-03-18_13:35:09.210000      1972.38        4.55816200e+00        1.03527884e-07  20.0166  19.5671
0202-03-18_13:35:09.420000      1972.59        4.65413500e+00        1.60114644e-07  19.9678  19.6820
0202-03-18_13:35:09.630000      1972.80        4.75433300e+00        2.45831354e-07  19.9678  19.6820
0202-03-18_13:35:09.820000      1972.99        4.85545600e+00        4.60959834e-07  19.9678  19.6820
0202-03-18_13:35:10.016000      1973.18        4.94576500e+00        7.20651084e-07  19.9678  19.6820
0202-03-18_13:35:10.207000      1973.37        5.05337100e+00        2.16760857e-06  19.9678  19.6820
0202-03-18_13:35:10.420000      1973.59        5.15337100e+00        3.66439701e-06  20.0318  19.5721
0202-03-18_13:35:10.637000      1973.80        5.24988400e+00        5.12808881e-06  20.0318  19.5721
0202-03-18_13:35:10.830000      1974.00        5.35202100e+00        8.03824211e-06  20.0318  19.5721
0202-03-18_13:35:11.030000      1974.20        5.45123200e+00        1.30182399e-05  20.0318  19.5721
0202-03-18_13:35:11.223000      1974.39        5.54538000e+00        1.75092248e-05  20.0318  19.5721
0202-03-18_13:35:11.438000      1974.61        5.65034200e+00        2.49435834e-05  19.9670  19.6390