# Ic =  nan A, n =  nan , Tavg = 20.00 K, f37-6e20pm2-1200keV-30nA-20k
#datetime                        t_s     iHTS_A                vHTS_V                tHTS_K  tTAR_K
0202-03-18_12:00:11.105000      784.32        5.13044100e-02       -4.61225083e-09  19.9751  19.7052
0202-03-18_12:00:11.297000      784.51        9.11282600e-02       -1.20342083e-09  19.9751  19.7052
0202-03-18_12:00:11.500000      784.72        1.94052900e-01        5.05643917e-09  19.9751  19.7052
0202-03-18_12:00:11.695000      784.91        2.93227400e-01        6.60590917e-09  19.9751  19.7052
0202-03-18_12:00:11.945000      785.16        3.89178400e-01       -4.17840083e-09  20.0285  19.5902
0202-03-18_12:00:12.152000      785.37        4.91383500e-01       -3.86851083e-09  20.0285  19.5902
0202-03-18_12:00:12.344000      785.56        5.85808800e-01       -1.09340908e-08  20.0285  19.5902
0202-03-18_12:00:12.540000      785.75        6.82737800e-01       -5.54194083e-09  20.0285  19.5902
0202-03-18_12:00:12.730000      785.95        7.87151300e-01       -7.33932083e-09  20.0285  19.5902
0202-03-18_12:00:12.940000      786.16        8.86795000e-01       -1.01307908e-08  19.9672  19.6707
0202-03-18_12:00:13.145000      786.36        9.82734100e-01       -1.05664708e-08  19.9672  19.6707
0202-03-18_12:00:13.355000      786.57        1.08190100e+00        1.54029167e-10  19.9672  19.6707
0202-03-18_12:00:13.566000      786.78        1.17530100e+00        4.61649917e-09  19.9672  19.6707
0202-03-18_12:00:13.758000      786.97        1.28155200e+00        8.21125917e-09  19.9672  19.6707
0202-03-18_12:00:13.960000      787.18        1.38115700e+00        3.68681917e-09  20.0002  19.5385
0202-03-18_12:00:14.164000      787.38        1.47961700e+00        8.21125917e-09  20.0002  19.5385
0202-03-18_12:00:14.360000      787.58        1.57538300e+00       -6.10582083e-09  20.0002  19.5385
0202-03-18_12:00:14.562000      787.78        1.67811900e+00       -4.86625083e-09  20.0002  19.5385
0202-03-18_12:00:14.754000      787.97        1.77361100e+00       -9.08080083e-09  20.0002  19.5385
0202-03-18_12:00:14.950000      788.17        1.87294300e+00       -6.16780083e-09  19.9704  19.5527
0202-03-18_12:00:15.145000      788.36        1.97586500e+00       -8.08914083e-09  19.9704  19.5527
0202-03-18_12:00:15.344000      788.56        2.07023700e+00       -8.77091083e-09  19.9704  19.5527
0202-03-18_12:00:15.550000      788.77        2.16718700e+00       -9.76257083e-09  19.9704  19.5527
0202-03-18_12:00:15.750000      788.97        2.27310700e+00       -1.36052508e-08  19.9704  19.5527
0202-03-18_12:00:15.957000      789.17        2.37253100e+00       -3.81261083e-09  20.0201  19.7330
0202-03-18_12:00:16.156000      789.37        2.46638500e+00       -3.31678083e-09  20.0201  19.7330
0202-03-18_12:00:16.350000      789.57        2.57090000e+00        3.06702917e-09  20.0201  19.7330
0202-03-18_12:00:16.555000      789.77        2.67033200e+00       -8.33706083e-09  20.0201  19.7330
0202-03-18_12:00:16.758000      789.97        2.76443100e+00       -1.46588908e-08  20.0201  19.7330
0202-03-18_12:00:16.957000      790.17        2.86882800e+00       -1.67041908e-08  19.9867  19.5941
0202-03-18_12:00:17.164000      790.38        2.96826900e+00       -7.28342083e-09  19.9867  19.5941
0202-03-18_12:00:17.355000      790.57        3.05569000e+00       -2.57304083e-09  19.9867  19.5941
0202-03-18_12:00:17.550000      790.77        3.16572400e+00       -4.24646083e-09  19.9867  19.5941
0202-03-18_12:00:17.754000      790.97        3.26557200e+00       -7.53133083e-09  19.9867  19.5941
0202-03-18_12:00:17.960000      791.18        3.36097600e+00       -2.88293083e-09  19.9932  19.6851
0202-03-18_12:00:18.168000      791.38        3.46423500e+00       -6.91155083e-09  19.9932  19.6851
0202-03-18_12:00:18.360000      791.58        3.56376600e+00       -8.46101083e-09  19.9932  19.6851
0202-03-18_12:00:18.555000      791.77        3.65309200e+00       -8.02716083e-09  19.9932  19.6851
0202-03-18_12:00:18.746000      791.96        3.76173500e+00       -1.11260108e-08  19.9932  19.6851
0202-03-18_12:00:18.970000      792.19        3.86220500e+00       -1.51542908e-08  20.0020  19.5456
0202-03-18_12:00:19.184000      792.40        3.95796000e+00       -1.70753708e-08  20.0020  19.5456
0202-03-18_12:00:19.387000      792.60        4.06009500e+00       -1.03195208e-08  20.0020  19.5456
0202-03-18_12:00:19.580000      792.79        4.15595100e+00       -1.08153508e-08  20.0020  19.5456
0202-03-18_12:00:19.816000      793.03        4.25407200e+00       -1.05054608e-08  20.0020  19.5456
0202-03-18_12:00:20.035000      793.25        4.35909400e+00        6.35275917e-09  20.0149  19.5917
0202-03-18_12:00:20.230000      793.45        4.45414400e+00        1.17449092e-08  20.0149  19.5917
0202-03-18_12:00:20.438000      793.65        4.55633300e+00        4.05650192e-08  20.0149  19.5917
0202-03-18_12:00:20.633000      793.85        4.65601700e+00        9.90729492e-08  20.0149  19.5917
0202-03-18_12:00:20.836000      794.05        4.74828000e+00        1.73757329e-07  20.0149  19.5917
0202-03-18_12:00:21.050000      794.27        4.85637600e+00        3.20770889e-07  19.9746  19.7139
0202-03-18_12:00:21.242000      794.46        4.95396900e+00        4.99889439e-07  19.9746  19.7139
0202-03-18_12:00:21.450000      794.66        5.04921900e+00        6.62025809e-07  19.9746  19.7139
0202-03-18_12:00:21.640000      794.86        5.14839600e+00        2.27644793e-06  19.9746  19.7139
0202-03-18_12:00:21.890000      795.11        5.25477800e+00        3.36405079e-06  19.9746  19.7139
0202-03-18_12:00:22.098000      795.32        5.35147500e+00        5.17767257e-06  20.0296  19.5774
0202-03-18_12:00:22.293000      795.51        5.45047100e+00        6.93600927e-06  20.0296  19.5774
0202-03-18_12:00:22.496000      795.71        5.54115500e+00        1.05964733e-05  20.0296  19.5774
0202-03-18_12:00:22.695000      795.91        5.64897900e+00        1.47577255e-05  20.0296  19.5774
0202-03-18_12:00:22.902000      796.12        5.74868500e+00        2.10826550e-05  19.9961  19.7008