# Ic = 4.72 A, n = 24.00 , Tavg = 20.06 K, f37-2400keV-90nA-20K
#datetime                        t_s     iHTS_A                vHTS_V                tHTS_K  tTAR_K
0202-05-12_22:00:52.734000      124.70        5.41970400e-02       -9.84764444e-10  20.0549  19.8688
0202-05-12_22:00:52.930000      124.90        9.17879800e-02        1.06051556e-09  20.0549  19.8688
0202-05-12_22:00:53.133000      125.10        1.95517800e-01        5.83282556e-09  20.0549  19.8688
0202-05-12_22:00:53.330000      125.30        2.95065200e-01        1.50064656e-08  20.0446  19.7924
0202-05-12_22:00:53.530000      125.50        3.86817800e-01        1.68051756e-08  20.0446  19.7924
0202-05-12_22:00:53.750000      125.72        4.92328600e-01        1.33981756e-08  20.0446  19.7924
0202-05-12_22:00:53.960000      125.93        5.88114800e-01        7.26279556e-09  20.0446  19.7924
0202-05-12_22:00:54.176000      126.14        6.89125600e-01        5.65136556e-09  20.0446  19.7924
0202-05-12_22:00:54.380000      126.35        7.89284500e-01        1.93267556e-09  20.0435  19.9808
0202-05-12_22:00:54.582000      126.55        8.85891800e-01        4.41180556e-09  20.0435  19.9808
0202-05-12_22:00:54.797000      126.77        9.86484100e-01        7.69664556e-09  20.0435  19.9808
0202-05-12_22:00:54.996000      126.97        1.08220200e+00        5.65136556e-09  20.0435  19.9808
0202-05-12_22:00:55.227000      127.20        1.17921500e+00        1.19111556e-08  20.0435  19.9808
0202-05-12_22:00:55.450000      127.42        1.28576100e+00        1.37085156e-08  20.0611  19.8416
0202-05-12_22:00:55.640000      127.61        1.37961200e+00        1.11674156e-08  20.0611  19.8416
0202-05-12_22:00:55.844000      127.81        1.48137700e+00        1.34606056e-08  20.0611  19.8416
0202-05-12_22:00:56.035000      128.00        1.57719100e+00        1.12293956e-08  20.0611  19.8416
0202-05-12_22:00:56.242000      128.21        1.67523500e+00        1.68074256e-08  20.0611  19.8416
0202-05-12_22:00:56.477000      128.44        1.78349900e+00        9.61796556e-09  20.0302  19.9254
0202-05-12_22:00:56.676000      128.64        1.86959300e+00        1.11054356e-08  20.0302  19.9254
0202-05-12_22:00:56.883000      128.85        1.97697400e+00        9.86587556e-09  20.0302  19.9254
0202-05-12_22:00:57.086000      129.05        2.07691300e+00        9.67993556e-09  20.0302  19.9254
0202-05-12_22:00:57.293000      129.26        2.17085200e+00        7.13883556e-09  20.0302  19.9254
0202-05-12_22:00:57.510000      129.48        2.27883400e+00        7.82059556e-09  20.0664  19.8559
0202-05-12_22:00:57.710000      129.68        2.37249100e+00        1.59397256e-08  20.0664  19.8559
0202-05-12_22:00:57.918000      129.89        2.47101200e+00        1.86667656e-08  20.0664  19.8559
0202-05-12_22:00:58.113000      130.08        2.57337100e+00        1.81709356e-08  20.0664  19.8559
0202-05-12_22:00:58.312000      130.28        2.67243600e+00        1.26548856e-08  20.0664  19.8559
0202-05-12_22:00:58.508000      130.48        2.76474900e+00        1.63735756e-08  20.0366  19.7997
0202-05-12_22:00:58.710000      130.68        2.87339700e+00        1.80469856e-08  20.0366  19.7997
0202-05-12_22:00:58.934000      130.90        2.97412700e+00        2.41208356e-08  20.0366  19.7997
0202-05-12_22:00:59.137000      131.11        3.06845000e+00        2.54223756e-08  20.0366  19.7997
0202-05-12_22:00:59.348000      131.32        3.16862000e+00        2.09593356e-08  20.0468  19.9654
0202-05-12_22:00:59.560000      131.52        3.26025200e+00        1.72400256e-08  20.0468  19.9654
0202-05-12_22:00:59.777000      131.75        3.36746400e+00        1.20950056e-08  20.0468  19.9654
0202-05-12_22:00:59.990000      131.96        3.46356500e+00        1.24048956e-08  20.0468  19.9654
0202-05-12_22:01:00.234000      132.20        3.56408800e+00        9.73984556e-09  20.0468  19.9654
0202-05-12_22:01:00.450000      132.42        3.66032000e+00        1.48220456e-08  20.0540  19.7742
0202-05-12_22:01:00.660000      132.63        3.76446200e+00        2.15156756e-08  20.0540  19.7742
0202-05-12_22:01:00.880000      132.85        3.86347700e+00        2.10198556e-08  20.0540  19.7742
0202-05-12_22:01:01.090000      133.06        3.96122800e+00        1.85407256e-08  20.0540  19.7742
0202-05-12_22:01:01.310000      133.28        4.06346500e+00        1.44501756e-08  20.0540  19.7742
0202-05-12_22:01:01.520000      133.49        4.16086900e+00        1.89125956e-08  20.0405  19.9529
0202-05-12_22:01:01.715000      133.68        4.26159900e+00        2.44286456e-08  20.0405  19.9529
0202-05-12_22:01:01.934000      133.90        4.35751600e+00        3.56466756e-08  20.0405  19.9529
0202-05-12_22:01:02.140000      134.11        4.46010900e+00        5.20088856e-08  20.0405  19.9529
0202-05-12_22:01:02.344000      134.31        4.55593700e+00        1.00475736e-07  20.0616  19.8580
0202-05-12_22:01:02.540000      134.51        4.65420100e+00        1.49376426e-07  20.0616  19.8580
0202-05-12_22:01:02.754000      134.72        4.75746900e+00        2.29761986e-07  20.0616  19.8580
0202-05-12_22:01:02.965000      134.93        4.85394700e+00        3.69770436e-07  20.0616  19.8580
0202-05-12_22:01:03.180000      135.15        4.95406000e+00        5.37978906e-07  20.0616  19.8580
0202-05-12_22:01:03.383000      135.35        5.05647000e+00        9.49823166e-07  20.0438  19.7866
0202-05-12_22:01:03.590000      135.56        5.14985800e+00        2.08798839e-06  20.0438  19.7866
0202-05-12_22:01:03.805000      135.77        5.25705200e+00        3.79783928e-06  20.0438  19.7866
0202-05-12_22:01:04.008000      135.98        5.35210100e+00        5.18180949e-06  20.0438  19.7866
0202-05-12_22:01:04.273000      136.24        5.45325900e+00        7.27580036e-06  20.0438  19.7866
0202-05-12_22:01:04.473000      136.44        5.55069000e+00        1.02925208e-05  20.0567  19.8378
0202-05-12_22:01:04.676000      136.64        5.65159800e+00        1.43867916e-05  20.0567  19.8378
0202-05-12_22:01:04.890000      136.86        5.75045500e+00        1.91188167e-05  20.0567  19.8378
0202-05-12_22:01:05.098000      137.06        5.84733600e+00        2.59103726e-05  20.0567  19.8378