# Ic = 4.75 A, n = 23.11 , Tavg = 20.01 K, f37-6e20pm2-1200keV-30nA-20k
#datetime                        t_s     iHTS_A                vHTS_V                tHTS_K  tTAR_K
0202-03-18_11:04:21.620000      1316.16        1.77334500e-02       -1.11975056e-08  20.0112  19.7089
0202-03-18_11:04:21.820000      1316.36        5.16281400e-02       -9.58605556e-09  20.0112  19.7089
0202-03-18_11:04:22.010000      1316.56        9.78381900e-02       -4.99962556e-09  20.0112  19.7089
0202-03-18_11:04:22.207000      1316.75        1.50593300e-01       -6.85898556e-09  20.0112  19.7089
0202-03-18_11:04:22.418000      1316.96        1.99980900e-01       -7.16888556e-09  20.0263  19.5595
0202-03-18_11:04:22.613000      1317.16        2.48740700e-01       -9.95792556e-09  20.0263  19.5595
0202-03-18_11:04:22.805000      1317.35        2.99195400e-01       -6.17722556e-09  20.0263  19.5595
0202-03-18_11:04:23.010000      1317.55        3.48921400e-01        1.44614444e-10  20.0263  19.5595
0202-03-18_11:04:23.207000      1317.75        3.96302400e-01       -1.03298556e-09  20.0263  19.5595
0202-03-18_11:04:23.414000      1317.96        4.47896900e-01       -5.37155556e-10  20.0115  19.6749
0202-03-18_11:04:23.617000      1318.16        4.97888600e-01       -8.16054556e-09  20.0115  19.6749
0202-03-18_11:04:23.812000      1318.36        5.44443000e-01       -5.92930556e-09  20.0115  19.6749
0202-03-18_11:04:24.008000      1318.55        5.96160600e-01       -3.38817556e-09  20.0115  19.6749
0202-03-18_11:04:24.203000      1318.75        6.45600200e-01        7.33399444e-09  20.0115  19.6749
0202-03-18_11:04:24.402000      1318.95        6.91666000e-01        5.10263444e-09  20.0280  19.6410
0202-03-18_11:04:24.598000      1319.14        7.45137900e-01        7.58166444e-09  20.0280  19.6410
0202-03-18_11:04:24.793000      1319.34        7.94736200e-01        1.24779944e-08  20.0280  19.6410
0202-03-18_11:04:24.990000      1319.53        8.40003900e-01        1.57628744e-08  20.0280  19.6410
0202-03-18_11:04:25.184000      1319.73        8.93800800e-01        1.29118444e-08  20.0280  19.6410
0202-03-18_11:04:25.390000      1319.94        9.43896300e-01        1.29738244e-08  20.0280  19.6410
0202-03-18_11:04:25.617000      1320.16        9.92899500e-01        1.52050644e-08  20.0141  19.5750
0202-03-18_11:04:25.820000      1320.36        1.04220500e+00        1.63206744e-08  20.0141  19.5750
0202-03-18_11:04:26.020000      1320.57        1.08909800e+00        8.94520444e-09  20.0141  19.5750
0202-03-18_11:04:26.223000      1320.77        1.14104600e+00       -5.18596556e-09  20.0141  19.5750
0202-03-18_11:04:26.426000      1320.97        1.19154800e+00       -6.17762556e-09  20.0086  19.7230
0202-03-18_11:04:26.633000      1321.18        1.23853100e+00       -3.01670556e-09  20.0086  19.7230
0202-03-18_11:04:26.824000      1321.37        1.29013000e+00       -1.15734556e-09  20.0086  19.7230
0202-03-18_11:04:27.027000      1321.57        1.33961900e+00        5.28845444e-09  20.0086  19.7230
0202-03-18_11:04:27.220000      1321.76        1.38702200e+00        3.49106444e-09  20.0086  19.7230
0202-03-18_11:04:27.426000      1321.97        1.43925200e+00        6.34209444e-09  20.0256  19.5509
0202-03-18_11:04:27.633000      1322.18        1.48978800e+00        6.65198444e-09  20.0256  19.5509
0202-03-18_11:04:27.848000      1322.39        1.53587400e+00        2.87127444e-09  20.0256  19.5509
0202-03-18_11:04:28.047000      1322.59        1.58854300e+00        6.65198444e-09  20.0256  19.5509
0202-03-18_11:04:28.240000      1322.78        1.63783200e+00        4.04887444e-09  20.0256  19.5509
0202-03-18_11:04:28.434000      1322.98        1.68291700e+00        7.51968444e-09  19.9974  19.6829
0202-03-18_11:04:28.630000      1323.17        1.73696100e+00        6.03219444e-09  19.9974  19.6829
0202-03-18_11:04:28.820000      1323.37        1.78626400e+00        8.01551444e-09  19.9974  19.6829
0202-03-18_11:04:29.027000      1323.57        1.83421200e+00        6.52802444e-09  19.9974  19.6829
0202-03-18_11:04:29.223000      1323.77        1.88496100e+00        5.66032444e-09  19.9974  19.6829
0202-03-18_11:04:29.426000      1323.97        1.93539600e+00        7.20979444e-09  20.0288  19.6335
0202-03-18_11:04:29.625000      1324.17        1.98057300e+00        2.93325444e-09  20.0288  19.6335
0202-03-18_11:04:29.820000      1324.36        2.03425700e+00       -1.03705556e-10  20.0288  19.6335
0202-03-18_11:04:30.010000      1324.56        2.08389100e+00       -1.96316556e-09  20.0288  19.6335
0202-03-18_11:04:30.220000      1324.76        2.13023600e+00        4.17236444e-09  20.0288  19.6335
0202-03-18_11:04:30.426000      1324.97        2.18392900e+00        6.77518444e-09  20.0109  19.5786
0202-03-18_11:04:30.630000      1325.17        2.23324100e+00        1.18572544e-08  20.0109  19.5786
0202-03-18_11:04:30.824000      1325.37        2.27968100e+00        1.73733744e-08  20.0109  19.5786
0202-03-18_11:04:31.016000      1325.56        2.33190400e+00        2.09061644e-08  20.0109  19.5786
0202-03-18_11:04:31.215000      1325.76        2.38249700e+00        1.97905444e-08  20.0109  19.5786
0202-03-18_11:04:31.414000      1325.96        2.42851100e+00        1.55140044e-08  20.0096  19.7068
0202-03-18_11:04:31.610000      1326.15        2.48105900e+00        8.88227444e-09  20.0096  19.7068
0202-03-18_11:04:31.816000      1326.36        2.53078500e+00        5.59740444e-09  20.0096  19.7068
0202-03-18_11:04:32.010000      1326.56        2.57869700e+00       -5.80669556e-09  20.0096  19.7068
0202-03-18_11:04:32.207000      1326.75        2.62995000e+00       -5.68273556e-09  20.0096  19.7068
0202-03-18_11:04:32.414000      1326.96        2.67980700e+00       -1.11988556e-08  20.0227  19.5521
0202-03-18_11:04:32.610000      1327.15        2.72693900e+00       -1.90203556e-09  20.0227  19.5521
0202-03-18_11:04:32.812000      1327.36        2.77872700e+00        1.94065444e-09  20.0227  19.5521
0202-03-18_11:04:33.010000      1327.56        2.82698300e+00        1.40265144e-08  20.0227  19.5521
0202-03-18_11:04:33.215000      1327.76        2.87604100e+00        1.82410744e-08  20.0227  19.5521
0202-03-18_11:04:33.426000      1327.97        2.92793700e+00        2.06460444e-09  20.0088  19.6753
0202-03-18_11:04:33.620000      1328.17        2.97658000e+00        1.32086444e-09  20.0088  19.6753
0202-03-18_11:04:33.820000      1328.36        3.02541200e+00        2.93231444e-09  20.0088  19.6753
0202-03-18_11:04:34.010000      1328.56        3.07677600e+00        1.26629844e-08  20.0088  19.6753
0202-03-18_11:04:34.207000      1328.75        3.12647900e+00        1.39025544e-08  20.0088  19.6753
0202-03-18_11:04:34.418000      1328.96        3.17133400e+00        5.28750444e-09  20.0278  19.6317
0202-03-18_11:04:34.613000      1329.16        3.22600400e+00        1.44482444e-09  20.0278  19.6317
0202-03-18_11:04:34.805000      1329.35        3.27531600e+00        1.38284444e-09  20.0278  19.6317
0202-03-18_11:04:35.008000      1329.55        3.32026600e+00        1.66916044e-08  20.0278  19.6317
0202-03-18_11:04:35.207000      1329.75        3.37444100e+00        2.97691244e-08  20.0278  19.6317
0202-03-18_11:04:35.420000      1329.97        3.42466500e+00        3.20623444e-08  20.0077  19.5773
0202-03-18_11:04:35.620000      1330.17        3.47276400e+00        3.14425544e-08  20.0077  19.5773
0202-03-18_11:04:35.830000      1330.37        3.52358300e+00        2.19598044e-08  20.0077  19.5773
0202-03-18_11:04:36.023000      1330.57        3.57180700e+00        1.69394544e-08  20.0077  19.5773
0202-03-18_11:04:36.223000      1330.77        3.62191400e+00        7.51859444e-09  20.0077  19.5773
0202-03-18_11:04:36.438000      1330.98        3.67280700e+00        5.84504444e-09  20.0172  19.7209
0202-03-18_11:04:36.652000      1331.20        3.72137800e+00        4.97731444e-09  20.0172  19.7209
0202-03-18_11:04:36.848000      1331.39        3.77164600e+00        1.20428944e-08  20.0172  19.7209
0202-03-18_11:04:37.050000      1331.60        3.82168200e+00        1.72491144e-08  20.0172  19.7209
0202-03-18_11:04:37.254000      1331.80        3.86843600e+00        6.65074444e-09  20.0172  19.7209
0202-03-18_11:04:37.457000      1332.00        3.92076100e+00        7.62754444e-10  20.0265  19.5696
0202-03-18_11:04:37.664000      1332.21        3.97204300e+00       -2.28905556e-10  20.0265  19.5696
0202-03-18_11:04:37.855000      1332.40        4.01821900e+00        1.18569544e-08  20.0265  19.5696
0202-03-18_11:04:38.047000      1332.59        4.06981500e+00        1.48939244e-08  20.0265  19.5696
0202-03-18_11:04:38.254000      1332.80        4.11955500e+00        9.62572444e-09  20.0265  19.5696
0202-03-18_11:04:38.465000      1333.01        4.16702200e+00        8.09844444e-11  20.0058  19.6878
0202-03-18_11:04:38.668000      1333.21        4.21946800e+00        3.36586444e-09  20.0058  19.6878
0202-03-18_11:04:38.870000      1333.42        4.26865200e+00        1.87837444e-09  20.0058  19.6878
0202-03-18_11:04:39.082000      1333.63        4.31562700e+00        2.29511644e-08  20.0058  19.6878
0202-03-18_11:04:39.312000      1333.85        4.36761300e+00        2.23933544e-08  20.0058  19.6878
0202-03-18_11:04:39.547000      1334.09        4.41888000e+00        3.85078344e-08  20.0226  19.6289
0202-03-18_11:04:39.750000      1334.29        4.46711100e+00        4.22885444e-08  20.0226  19.6289
0202-03-18_11:04:39.960000      1334.51        4.51434200e+00        5.47462844e-08  20.0226  19.6289
0202-03-18_11:04:40.156000      1334.70        4.56647300e+00        6.87534844e-08  20.0226  19.6289
0202-03-18_11:04:40.387000      1334.93        4.61651000e+00        9.81314344e-08  20.0226  19.6289
0202-03-18_11:04:40.600000      1335.14        4.65955700e+00        1.29430724e-07  20.0073  19.5640
0202-03-18_11:04:40.797000      1335.34        4.71550300e+00        1.80315304e-07  20.0073  19.5640
0202-03-18_11:04:40.990000      1335.53        4.76139800e+00        2.32067594e-07  20.0073  19.5640
0202-03-18_11:04:41.200000      1335.74        4.81445300e+00        2.84129784e-07  20.0073  19.5640
0202-03-18_11:04:41.400000      1335.94        4.86438000e+00        3.75052664e-07  20.0183  19.7150
0202-03-18_11:04:41.598000      1336.14        4.91219400e+00        4.54695404e-07  20.0183  19.7150
0202-03-18_11:04:41.793000      1336.34        4.96334900e+00        5.92784154e-07  20.0183  19.7150
0202-03-18_11:04:41.984000      1336.53        5.01301700e+00        7.23683534e-07  20.0183  19.7150
0202-03-18_11:04:42.184000      1336.73        5.05813200e+00        8.76585474e-07  20.0183  19.7150
0202-03-18_11:04:42.402000      1336.95        5.11255600e+00        1.17550955e-06  20.0253  19.5607
0202-03-18_11:04:42.598000      1337.14        5.16092900e+00        1.42962271e-06  20.0253  19.5607
0202-03-18_11:04:42.800000      1337.35        5.21025100e+00        1.73486829e-06  20.0253  19.5607
0202-03-18_11:04:42.996000      1337.54        5.26166300e+00        2.17857450e-06  20.0253  19.5607
0202-03-18_11:04:43.188000      1337.73        5.31111600e+00        2.57176800e-06  20.0253  19.5607
0202-03-18_11:04:43.395000      1337.94        5.35690500e+00        2.99427746e-06  20.0010  19.6813
0202-03-18_11:04:43.594000      1338.14        5.41076300e+00        4.27457347e-06  20.0010  19.6813
0202-03-18_11:04:43.785000      1338.33        5.46090200e+00        6.37788595e-06  20.0010  19.6813
0202-03-18_11:04:43.996000      1338.54        5.50838400e+00        6.56921445e-06  20.0010  19.6813
0202-03-18_11:04:44.203000      1338.75        5.55865300e+00        8.76530915e-06  20.0010  19.6813
0202-03-18_11:04:44.406000      1338.95        5.60976800e+00        1.02385452e-05  20.0205  19.6198
0202-03-18_11:04:44.617000      1339.16        5.65747300e+00        1.14527098e-05  20.0205  19.6198
0202-03-18_11:04:44.820000      1339.36        5.70835900e+00        1.45243788e-05  20.0205  19.6198
0202-03-18_11:04:45.020000      1339.56        5.75841200e+00        1.76412923e-05  20.0205  19.6198
0202-03-18_11:04:45.210000      1339.76        5.80505600e+00        1.93680215e-05  20.0205  19.6198
0202-03-18_11:04:45.418000      1339.96        5.85771800e+00        2.25349519e-05  20.0136  19.5875