# Ic = 0.55 A, n = 17.41 , Tavg = 71.03 K, f37-beamOnSet1-70K
#datetime                        t_s     iHTS_A                vHTS_V                tHTS_K  tTAR_K
0202-05-12_20:50:23.582000      2033.74        5.22392600e-02       -6.86527000e-10  71.0537  70.2109
0202-05-12_20:50:23.790000      2033.94        1.53518800e-02       -6.01664600e-09  71.0537  70.2109
0202-05-12_20:50:23.990000      2034.14        2.55777600e-02       -9.34439000e-10  71.0975  70.2614
0202-05-12_20:50:24.180000      2034.33        3.55290700e-02        1.19189000e-10  71.0975  70.2614
0202-05-12_20:50:24.383000      2034.54        4.41505700e-02        2.04051000e-09  71.0975  70.2614
0202-05-12_20:50:24.590000      2034.74        5.54302100e-02        2.84603000e-09  71.0975  70.2614
0202-05-12_20:50:24.790000      2034.94        6.53859700e-02        6.81243400e-09  71.0975  70.2614
0202-05-12_20:50:24.992000      2035.15        7.45106100e-02        1.57370210e-08  71.0870  70.2241
0202-05-12_20:50:25.188000      2035.34        8.50382200e-02        1.49313010e-08  71.0870  70.2241
0202-05-12_20:50:25.380000      2035.53        9.49435200e-02        1.36297610e-08  71.0870  70.2241
0202-05-12_20:50:25.582000      2035.74        1.03774300e-01        6.56426300e-09  71.0870  70.2241
0202-05-12_20:50:25.793000      2035.95        1.14656200e-01        7.80382500e-09  71.0862  70.2525
0202-05-12_20:50:25.990000      2036.14        1.24702500e-01        8.98140900e-09  71.0862  70.2525
0202-05-12_20:50:26.188000      2036.34        1.33883500e-01        1.44354810e-08  71.0862  70.2525
0202-05-12_20:50:26.380000      2036.53        1.44335000e-01        1.61088910e-08  71.0862  70.2525
0202-05-12_20:50:26.570000      2036.72        1.54565300e-01        1.46214110e-08  71.0862  70.2525
0202-05-12_20:50:26.790000      2036.94        1.63739300e-01        1.66047110e-08  71.0862  70.2525
0202-05-12_20:50:26.984000      2037.14        1.74361400e-01        1.75343810e-08  71.0592  70.2126
0202-05-12_20:50:27.188000      2037.34        1.84505700e-01        2.23686810e-08  71.0592  70.2126
0202-05-12_20:50:27.390000      2037.54        1.94083000e-01        2.06332910e-08  71.0592  70.2126
0202-05-12_20:50:27.590000      2037.74        2.03734500e-01        1.91458110e-08  71.0592  70.2126
0202-05-12_20:50:27.800000      2037.95        2.13904000e-01        1.81541710e-08  71.0556  70.2150
0202-05-12_20:50:28             2038.15        2.23286800e-01        2.12530710e-08  71.0556  70.2150
0202-05-12_20:50:28.190000      2038.35        2.33815500e-01        1.81541710e-08  71.0556  70.2150
0202-05-12_20:50:28.387000      2038.54        2.43586900e-01        1.88359210e-08  71.0556  70.2150
0202-05-12_20:50:28.590000      2038.74        2.53222100e-01        1.62948210e-08  71.0556  70.2150
0202-05-12_20:50:28.805000      2038.96        2.63964500e-01        1.95796610e-08  71.0556  70.2150
0202-05-12_20:50:29.008000      2039.16        2.73409700e-01        2.01374610e-08  71.0457  70.2352
0202-05-12_20:50:29.203000      2039.36        2.83172500e-01        2.31743910e-08  71.0457  70.2352
0202-05-12_20:50:29.395000      2039.55        2.93328600e-01        2.36702210e-08  71.0457  70.2352
0202-05-12_20:50:29.598000      2039.75        3.03232500e-01        2.38561510e-08  71.0457  70.2352
0202-05-12_20:50:29.812000      2039.97        3.12824600e-01        2.20587910e-08  71.0457  70.2352
0202-05-12_20:50:30.020000      2040.17        3.23066800e-01        2.03853810e-08  71.0736  70.2278
0202-05-12_20:50:30.210000      2040.36        3.32773200e-01        2.21207610e-08  71.0736  70.2278
0202-05-12_20:50:30.406000      2040.56        3.43083700e-01        2.06952710e-08  71.0736  70.2278
0202-05-12_20:50:30.610000      2040.76        3.52986000e-01        2.18110010e-08  71.0736  70.2278
0202-05-12_20:50:30.810000      2040.96        3.62547000e-01        2.62116210e-08  71.0736  70.2278
0202-05-12_20:50:31.008000      2041.16        3.72703100e-01        3.04882410e-08  71.0637  70.2097
0202-05-12_20:50:31.220000      2041.37        3.82733100e-01        3.15418610e-08  71.0637  70.2097
0202-05-12_20:50:31.438000      2041.59        3.92518200e-01        3.30913210e-08  71.0637  70.2097
0202-05-12_20:50:31.640000      2041.79        4.02814400e-01        3.17278010e-08  71.0637  70.2097
0202-05-12_20:50:31.848000      2042.00        4.11939000e-01        3.48886810e-08  71.0321  70.1928
0202-05-12_20:50:32.055000      2042.21        4.22544900e-01        2.96205410e-08  71.0321  70.1928
0202-05-12_20:50:32.250000      2042.40        4.32119200e-01        2.96205410e-08  71.0321  70.1928
0202-05-12_20:50:32.450000      2042.60        4.41491700e-01        2.84429610e-08  71.0321  70.1928
0202-05-12_20:50:32.650000      2042.80        4.52109400e-01        3.35251610e-08  71.0321  70.1928
0202-05-12_20:50:32.844000      2043.00        4.61996900e-01        3.88552810e-08  71.0754  70.2056
0202-05-12_20:50:33.043000      2043.20        4.71327800e-01        4.54249610e-08  71.0754  70.2056
0202-05-12_20:50:33.250000      2043.40        4.82263900e-01        5.20566210e-08  71.0754  70.2056
0202-05-12_20:50:33.453000      2043.61        4.91971800e-01        5.45357410e-08  71.0754  70.2056
0202-05-12_20:50:33.656000      2043.81        5.01184000e-01        6.06096010e-08  71.0754  70.2056
0202-05-12_20:50:33.860000      2044.01        5.11444000e-01        7.32531310e-08  71.0646  70.1909
0202-05-12_20:50:34.055000      2044.21        5.21987500e-01        8.94294210e-08  71.0646  70.1909
0202-05-12_20:50:34.277000      2044.43        5.30999300e-01        1.18373201e-07  71.0646  70.1909
0202-05-12_20:50:34.516000      2044.67        5.42034100e-01        1.60022491e-07  71.0646  70.1909
0202-05-12_20:50:34.754000      2044.91        5.51213200e-01        2.28446331e-07  71.0646  70.1909
0202-05-12_20:50:35.010000      2045.16        5.62078700e-01        3.17384921e-07  71.0160  70.1669
0202-05-12_20:50:35.223000      2045.37        5.71500200e-01        4.29379371e-07  71.0160  70.1669
0202-05-12_20:50:35.440000      2045.59        5.81516800e-01        5.87547511e-07  71.0160  70.1669
0202-05-12_20:50:35.640000      2045.79        5.91493400e-01        7.44414111e-07  71.0160  70.1669
0202-05-12_20:50:35.836000      2045.99        6.01407600e-01        9.56751121e-07  71.0160  70.1669
0202-05-12_20:50:36.040000      2046.19        6.10958100e-01        1.33940399e-06  71.0332  70.1828
0202-05-12_20:50:36.242000      2046.39        6.20966100e-01        1.71517728e-06  71.0332  70.1828
0202-05-12_20:50:36.450000      2046.60        6.30935200e-01        3.05458431e-06  71.0332  70.1828
0202-05-12_20:50:36.640000      2046.80        6.40047900e-01        3.26630144e-06  71.0332  70.1828
0202-05-12_20:50:36.848000      2047.00        6.51229600e-01        4.72086508e-06  71.0559  70.2003
0202-05-12_20:50:37.060000      2047.21        6.61163100e-01        6.02215690e-06  71.0559  70.2003
0202-05-12_20:50:37.250000      2047.40        6.70329300e-01        7.68000863e-06  71.0559  70.2003
0202-05-12_20:50:37.450000      2047.60        6.80828300e-01        9.43931850e-06  71.0559  70.2003
0202-05-12_20:50:37.656000      2047.81        6.90939900e-01        1.19211687e-05  71.0559  70.2003
0202-05-12_20:50:37.860000      2048.01        7.00342400e-01        1.40978389e-05  71.0334  70.1936
0202-05-12_20:50:38.070000      2048.22        7.10691500e-01        1.65664878e-05  71.0334  70.1936
0202-05-12_20:50:38.266000      2048.42        7.20571600e-01        1.98289519e-05  71.0334  70.1936
0202-05-12_20:50:38.490000      2048.64        7.30046500e-01        2.31856847e-05  71.0334  70.1936