# Ic = 0.69 A, n = 17.58 , Tavg = 69.91 K, f37-anneal300K256h-70K
#datetime                        t_s     iHTS_A                vHTS_V                tHTS_K  tTAR_K
0202-05-12_02:12:41.688000      8004.34        1.62433100e-02        2.42725811e-08  69.8706  69.1126
0202-05-12_02:12:41.890000      8004.54        8.77802800e-03        2.26611511e-08  69.8706  69.1126
0202-05-12_02:12:42.094000      8004.74        1.40477300e-02        2.74954411e-08  69.8706  69.1126
0202-05-12_02:12:42.285000      8004.94        1.90522900e-02       -2.56393895e-09  69.8706  69.1126
0202-05-12_02:12:42.496000      8005.15        2.35774800e-02       -5.47690895e-09  69.9126  69.0884
0202-05-12_02:12:42.690000      8005.34        2.91979600e-02       -4.60920895e-09  69.9126  69.0884
0202-05-12_02:12:42.883000      8005.53        3.40867600e-02       -6.03470895e-09  69.9126  69.0884
0202-05-12_02:12:43.090000      8005.74        3.88093300e-02       -4.54723895e-09  69.9126  69.0884
0202-05-12_02:12:43.300000      8005.95        4.39593400e-02       -7.27407895e-09  69.9126  69.0884
0202-05-12_02:12:43.510000      8006.16        4.88051000e-02       -4.11300895e-09  69.8824  69.0959
0202-05-12_02:12:43.703000      8006.35        5.36284400e-02       -2.31538895e-09  69.8824  69.0959
0202-05-12_02:12:43.900000      8006.55        5.87131400e-02       -3.80285895e-09  69.8824  69.0959
0202-05-12_02:12:44.090000      8006.74        6.35826400e-02       -6.96374895e-09  69.8824  69.0959
0202-05-12_02:12:44.305000      8006.95        6.86703200e-02       -8.94704895e-09  69.8824  69.0959
0202-05-12_02:12:44.540000      8007.19        7.39761600e-02       -1.07444089e-08  69.8966  69.1127
0202-05-12_02:12:44.730000      8007.38        7.84286200e-02       -1.00626489e-08  69.8966  69.1127
0202-05-12_02:12:44.926000      8007.57        8.32239100e-02       -5.97209895e-09  69.8966  69.1127
0202-05-12_02:12:45.130000      8007.78        8.86539100e-02       -3.05912895e-09  69.8966  69.1127
0202-05-12_02:12:45.340000      8007.99        9.35145100e-02        1.46528105e-09  69.8966  69.1127
0202-05-12_02:12:45.550000      8008.20        9.87951200e-02       -5.41428895e-09  69.8976  69.1261
0202-05-12_02:12:45.742000      8008.39        1.03645300e-01       -1.01246289e-08  69.8976  69.1261
0202-05-12_02:12:45.950000      8008.60        1.08464400e-01       -1.45250789e-08  69.8976  69.1261
0202-05-12_02:12:46.140000      8008.79        1.13243300e-01       -1.42151889e-08  69.8976  69.1261
0202-05-12_02:12:46.367000      8009.02        1.18534300e-01       -1.42771589e-08  69.8976  69.1261
0202-05-12_02:12:46.570000      8009.22        1.23296200e-01       -1.25417789e-08  69.9218  69.1057
0202-05-12_02:12:46.760000      8009.41        1.28303700e-01       -1.10542989e-08  69.9218  69.1057
0202-05-12_02:12:46.970000      8009.62        1.33418100e-01       -1.19839689e-08  69.9218  69.1057
0202-05-12_02:12:47.160000      8009.81        1.38140700e-01       -1.14261689e-08  69.9218  69.1057
0202-05-12_02:12:47.383000      8010.03        1.43373800e-01       -1.35953989e-08  69.9218  69.1057
0202-05-12_02:12:47.580000      8010.23        1.48047400e-01       -1.16740789e-08  69.8883  69.1117
0202-05-12_02:12:47.780000      8010.43        1.53098000e-01       -1.26037489e-08  69.8883  69.1117
0202-05-12_02:12:47.980000      8010.63        1.58267300e-01       -9.93869895e-09  69.8883  69.1117
0202-05-12_02:12:48.184000      8010.83        1.63089000e-01       -7.21165895e-09  69.8883  69.1117
0202-05-12_02:12:48.400000      8011.05        1.68179700e-01       -3.05912895e-09  69.8883  69.1117
0202-05-12_02:12:48.610000      8011.26        1.73133800e-01       -6.22000895e-09  69.9299  69.1280
0202-05-12_02:12:48.805000      8011.45        1.77988400e-01       -2.31538895e-09  69.9299  69.1280
0202-05-12_02:12:48.996000      8011.64        1.82742200e-01       -4.05077895e-09  69.9299  69.1280
0202-05-12_02:12:49.188000      8011.84        1.88159300e-01       -2.68735895e-09  69.9299  69.1280
0202-05-12_02:12:49.402000      8012.05        1.93163900e-01       -7.52204895e-09  69.9299  69.1280
0202-05-12_02:12:49.598000      8012.25        1.97760300e-01       -5.84893895e-09  69.8794  69.1149
0202-05-12_02:12:49.800000      8012.45        2.02989500e-01       -4.85748895e-09  69.8794  69.1149
0202-05-12_02:12:49.996000      8012.64        2.07765600e-01       -4.11375895e-09  69.8794  69.1149
0202-05-12_02:12:50.188000      8012.84        2.12364900e-01       -5.97309895e-09  69.8794  69.1149
0202-05-12_02:12:50.387000      8013.04        2.17937900e-01       -4.73353895e-09  69.8794  69.1149
0202-05-12_02:12:50.582000      8013.23        2.22947000e-01       -8.70012895e-09  69.8971  69.1141
0202-05-12_02:12:50.777000      8013.42        2.27135200e-01       -1.00636489e-08  69.8971  69.1141
0202-05-12_02:12:50.970000      8013.62        2.32705300e-01       -1.06214489e-08  69.8971  69.1141
0202-05-12_02:12:51.170000      8013.82        2.37570300e-01       -1.24807989e-08  69.8971  69.1141
0202-05-12_02:12:51.395000      8014.04        2.42362500e-01       -1.16750789e-08  69.8971  69.1141
0202-05-12_02:12:51.600000      8014.25        2.47739600e-01       -1.37823389e-08  69.8600  69.0676
0202-05-12_02:12:51.793000      8014.44        2.52525900e-01       -1.11172789e-08  69.8600  69.0676
0202-05-12_02:12:51.992000      8014.64        2.57358300e-01       -1.01256289e-08  69.8600  69.0676
0202-05-12_02:12:52.188000      8014.84        2.62118000e-01       -7.89441895e-09  69.8600  69.0676
0202-05-12_02:12:52.418000      8015.07        2.67345200e-01       -7.64650895e-09  69.8600  69.0676
0202-05-12_02:12:52.630000      8015.28        2.72041100e-01       -2.75023895e-09  69.9089  69.1063
0202-05-12_02:12:52.830000      8015.48        2.77274200e-01       -2.56429895e-09  69.9089  69.1063
0202-05-12_02:12:53.023000      8015.67        2.82510300e-01       -1.57264895e-09  69.9089  69.1063
0202-05-12_02:12:53.230000      8015.88        2.86855900e-01       -7.70847895e-09  69.9089  69.1063
0202-05-12_02:12:53.434000      8016.08        2.92069700e-01       -1.34104689e-08  69.9089  69.1063
0202-05-12_02:12:53.630000      8016.28        2.96802700e-01       -1.46500289e-08  69.8873  69.1122
0202-05-12_02:12:53.820000      8016.47        3.01605400e-01       -1.24188189e-08  69.8873  69.1122
0202-05-12_02:12:54.016000      8016.66        3.06966200e-01       -8.70012895e-09  69.8873  69.1122
0202-05-12_02:12:54.207000      8016.86        3.11800100e-01       -8.57617895e-09  69.8873  69.1122
0202-05-12_02:12:54.420000      8017.07        3.16849100e-01       -8.51419895e-09  69.8873  69.1122
0202-05-12_02:12:54.620000      8017.27        3.21746800e-01       -6.03507895e-09  69.9117  69.0994
0202-05-12_02:12:54.824000      8017.47        3.26635600e-01       -6.71682895e-09  69.9117  69.0994
0202-05-12_02:12:55.020000      8017.67        3.31445700e-01       -5.53924895e-09  69.9117  69.0994
0202-05-12_02:12:55.210000      8017.86        3.37075100e-01       -1.07452589e-08  69.9117  69.0994
0202-05-12_02:12:55.410000      8018.06        3.41934300e-01       -7.77007895e-09  69.9117  69.0994
0202-05-12_02:12:55.613000      8018.26        3.46603400e-01       -9.56713895e-09  69.9115  69.0964
0202-05-12_02:12:55.810000      8018.46        3.51447700e-01       -8.82331895e-09  69.9115  69.0964
0202-05-12_02:12:56             8018.65        3.56572700e-01       -1.20461789e-08  69.9115  69.0964
0202-05-12_02:12:56.203000      8018.85        3.61517900e-01       -1.56409089e-08  69.9115  69.0964
0202-05-12_02:12:56.414000      8019.06        3.66449700e-01       -1.57028889e-08  69.9091  69.0972
0202-05-12_02:12:56.620000      8019.27        3.71587900e-01       -1.58888289e-08  69.9091  69.0972
0202-05-12_02:12:56.816000      8019.46        3.76534600e-01       -1.33477189e-08  69.9091  69.0972
0202-05-12_02:12:57.008000      8019.66        3.81159200e-01       -1.14883789e-08  69.9091  69.0972
0202-05-12_02:12:57.200000      8019.85        3.86359700e-01       -1.24180489e-08  69.9091  69.0972
0202-05-12_02:12:57.400000      8020.05        3.91405800e-01       -1.63846489e-08  69.9091  69.0972
0202-05-12_02:12:57.598000      8020.25        3.96096600e-01       -1.95455289e-08  69.8857  69.0864
0202-05-12_02:12:57.790000      8020.44        4.01242200e-01       -2.17147689e-08  69.8857  69.0864
0202-05-12_02:12:57.990000      8020.64        4.06473800e-01       -2.02892689e-08  69.8857  69.0864
0202-05-12_02:12:58.180000      8020.83        4.11120700e-01       -1.47112389e-08  69.8857  69.0864
0202-05-12_02:12:58.390000      8021.04        4.16141600e-01       -1.19842089e-08  69.8857  69.0864
0202-05-12_02:12:58.598000      8021.25        4.21132800e-01       -1.30998089e-08  69.8951  69.0981
0202-05-12_02:12:58.797000      8021.45        4.25894000e-01       -1.88637789e-08  69.8951  69.0981
0202-05-12_02:12:58.992000      8021.64        4.30895600e-01       -1.83679489e-08  69.8951  69.0981
0202-05-12_02:12:59.184000      8021.83        4.35602100e-01       -1.77481689e-08  69.8951  69.0981
0202-05-12_02:12:59.390000      8022.04        4.40997000e-01       -1.41534389e-08  69.8951  69.0981
0202-05-12_02:12:59.586000      8022.23        4.46023800e-01       -1.51450889e-08  69.9136  69.1067
0202-05-12_02:12:59.777000      8022.43        4.50926000e-01       -1.45253089e-08  69.9136  69.1067
0202-05-12_02:12:59.970000      8022.62        4.55390300e-01       -1.62606989e-08  69.9136  69.1067
0202-05-12_02:13:00.168000      8022.82        4.60994500e-01       -1.52070689e-08  69.9136  69.1067
0202-05-12_02:13:00.383000      8023.03        4.66111900e-01       -1.79960789e-08  69.9286  69.1216
0202-05-12_02:13:00.598000      8023.25        4.70847800e-01       -2.31402589e-08  69.9286  69.1216
0202-05-12_02:13:00.790000      8023.44        4.76123100e-01       -2.02272889e-08  69.9286  69.1216
0202-05-12_02:13:00.996000      8023.65        4.80827900e-01       -1.84299289e-08  69.9286  69.1216
0202-05-12_02:13:01.195000      8023.85        4.85128900e-01       -1.81197689e-08  69.9286  69.1216
0202-05-12_02:13:01.410000      8024.06        4.90780600e-01       -2.27677289e-08  69.9286  69.1216
0202-05-12_02:13:01.610000      8024.26        4.95399300e-01       -2.24572989e-08  69.8763  69.1005
0202-05-12_02:13:01.805000      8024.45        5.00469200e-01       -2.39446389e-08  69.8763  69.1005
0202-05-12_02:13:01.996000      8024.64        5.05729000e-01       -1.99780389e-08  69.8763  69.1005
0202-05-12_02:13:02.190000      8024.84        5.10485700e-01       -2.43784889e-08  69.8763  69.1005
0202-05-12_02:13:02.402000      8025.05        5.15030600e-01       -2.58039789e-08  69.8763  69.1005
0202-05-12_02:13:02.610000      8025.26        5.20415100e-01       -3.04523489e-08  69.9220  69.1060
0202-05-12_02:13:02.805000      8025.45        5.25197000e-01       -2.83450889e-08  69.9220  69.1060
0202-05-12_02:13:02.996000      8025.65        5.30232800e-01       -2.30769489e-08  69.9220  69.1060
0202-05-12_02:13:03.188000      8025.84        5.34988000e-01       -2.24571689e-08  69.9220  69.1060
0202-05-12_02:13:03.387000      8026.04        5.39928800e-01       -2.07837589e-08  69.9220  69.1060
0202-05-12_02:13:03.586000      8026.23        5.44992700e-01       -2.06597989e-08  69.9054  69.1014
0202-05-12_02:13:03.777000      8026.43        5.49875600e-01       -1.68171489e-08  69.9054  69.1014
0202-05-12_02:13:03.977000      8026.63        5.55091700e-01       -1.84285889e-08  69.9054  69.1014
0202-05-12_02:13:04.168000      8026.82        5.59688100e-01       -2.46883789e-08  69.9054  69.1014
0202-05-12_02:13:04.383000      8027.03        5.64850000e-01       -3.42949889e-08  69.9054  69.1014
0202-05-12_02:13:04.582000      8027.23        5.70014800e-01       -3.14439989e-08  69.9345  69.1143
0202-05-12_02:13:04.785000      8027.43        5.75046100e-01       -2.64857389e-08  69.9345  69.1143
0202-05-12_02:13:04.977000      8027.63        5.79761300e-01       -1.98540789e-08  69.9345  69.1143
0202-05-12_02:13:05.170000      8027.82        5.85481200e-01       -1.99780389e-08  69.9345  69.1143
0202-05-12_02:13:05.363000      8028.01        5.89828300e-01       -2.15894689e-08  69.9345  69.1143
0202-05-12_02:13:05.562000      8028.21        5.94315100e-01       -2.07837589e-08  69.9094  69.1264
0202-05-12_02:13:05.754000      8028.40        5.99968200e-01       -1.81186889e-08  69.9094  69.1264
0202-05-12_02:13:05.945000      8028.60        6.04960900e-01       -1.32843989e-08  69.9094  69.1264
0202-05-12_02:13:06.152000      8028.80        6.09361400e-01       -8.07823895e-09  69.9094  69.1264
0202-05-12_02:13:06.363000      8029.01        6.14554500e-01       -5.10327895e-09  69.9094  69.1264
0202-05-12_02:13:06.580000      8029.23        6.19645100e-01       -6.15690895e-09  69.9161  69.1005
0202-05-12_02:13:06.770000      8029.42        6.24584400e-01       -6.96262895e-09  69.9161  69.1005
0202-05-12_02:13:06.980000      8029.63        6.29473200e-01       -8.26416895e-09  69.9161  69.1005
0202-05-12_02:13:07.176000      8029.83        6.34154600e-01        1.34228105e-09  69.9161  69.1005
0202-05-12_02:13:07.383000      8030.03        6.39141300e-01        7.66380105e-09  69.9161  69.1005
0202-05-12_02:13:07.594000      8030.24        6.44349200e-01        1.73940411e-08  69.9069  69.1150
0202-05-12_02:13:07.785000      8030.44        6.49546700e-01        2.07407811e-08  69.9069  69.1150
0202-05-12_02:13:07.980000      8030.63        6.53951700e-01        2.97276011e-08  69.9069  69.1150
0202-05-12_02:13:08.176000      8030.83        6.59380700e-01        4.04498211e-08  69.9069  69.1150
0202-05-12_02:13:08.410000      8031.06        6.64550000e-01        5.15439011e-08  69.9240  69.1069
0202-05-12_02:13:08.613000      8031.26        6.69339800e-01        6.43733711e-08  69.9240  69.1069
0202-05-12_02:13:08.816000      8031.47        6.74086100e-01        8.35246111e-08  69.9240  69.1069
0202-05-12_02:13:09.008000      8031.66        6.79185700e-01        9.26354011e-08  69.9240  69.1069
0202-05-12_02:13:09.203000      8031.85        6.84236300e-01        1.11104881e-07  69.9240  69.1069
0202-05-12_02:13:09.418000      8032.07        6.89129500e-01        1.38623161e-07  69.9123  69.1131
0202-05-12_02:13:09.617000      8032.27        6.94034700e-01        1.68372661e-07  69.9123  69.1131
0202-05-12_02:13:09.820000      8032.47        6.99221800e-01        1.93101931e-07  69.9123  69.1131
0202-05-12_02:13:10.023000      8032.67        7.03932500e-01        2.23781101e-07  69.9123  69.1131
0202-05-12_02:13:10.223000      8032.87        7.08868100e-01        2.63818961e-07  69.9123  69.1131
0202-05-12_02:13:10.420000      8033.07        7.13908300e-01        3.01749571e-07  69.9123  69.1131
0202-05-12_02:13:10.630000      8033.28        7.19156300e-01        3.60876701e-07  69.9434  69.1160
0202-05-12_02:13:10.820000      8033.47        7.23573100e-01        4.15107551e-07  69.9434  69.1160
0202-05-12_02:13:11.010000      8033.66        7.28641500e-01        4.75288311e-07  69.9434  69.1160
0202-05-12_02:13:11.220000      8033.87        7.33908800e-01        5.63359221e-07  69.9434  69.1160
0202-05-12_02:13:11.450000      8034.10        7.38346400e-01        6.32898671e-07  69.9161  69.1386
0202-05-12_02:13:11.645000      8034.29        7.43643600e-01        7.32187621e-07  69.9161  69.1386
0202-05-12_02:13:11.836000      8034.49        7.48670500e-01        8.13688851e-07  69.9161  69.1386
0202-05-12_02:13:12.043000      8034.69        7.53154100e-01        9.46693891e-07  69.9161  69.1386
0202-05-12_02:13:12.234000      8034.88        7.58468900e-01        1.05974198e-06  69.9161  69.1386
0202-05-12_02:13:12.440000      8035.09        7.64031500e-01        1.19008197e-06  69.9521  69.1496
0202-05-12_02:13:12.633000      8035.28        7.68573000e-01        1.37409501e-06  69.9521  69.1496
0202-05-12_02:13:12.830000      8035.48        7.73579000e-01        1.52649920e-06  69.9521  69.1496
0202-05-12_02:13:13.020000      8035.67        7.78309000e-01        1.69886035e-06  69.9521  69.1496
0202-05-12_02:13:13.220000      8035.87        7.82858100e-01        1.95817747e-06  69.9521  69.1496
0202-05-12_02:13:13.434000      8036.08        7.88542400e-01        2.16815987e-06  69.9071  69.1116
0202-05-12_02:13:13.645000      8036.29        7.93594500e-01        2.46261850e-06  69.9071  69.1116
0202-05-12_02:13:13.848000      8036.50        7.98180500e-01        2.70148226e-06  69.9071  69.1116
0202-05-12_02:13:14.047000      8036.70        8.03257800e-01        3.06702935e-06  69.9071  69.1116
0202-05-12_02:13:14.242000      8036.89        8.08008600e-01        3.35900839e-06  69.9071  69.1116
0202-05-12_02:13:14.453000      8037.10        8.12792000e-01        3.79347517e-06  69.9071  69.1116
0202-05-12_02:13:14.645000      8037.30        8.18016200e-01        4.14929169e-06  69.9382  69.1142
0202-05-12_02:13:14.840000      8037.49        8.23226300e-01        4.53330826e-06  69.9382  69.1142
0202-05-12_02:13:15.043000      8037.69        8.27877700e-01        5.08454187e-06  69.9382  69.1142
0202-05-12_02:13:15.240000      8037.89        8.33087100e-01        5.53667242e-06  69.9382  69.1142
0202-05-12_02:13:15.438000      8038.09        8.37978800e-01        6.87496645e-06  69.9009  69.0956
0202-05-12_02:13:15.633000      8038.28        8.42711800e-01        7.03332061e-06  69.9009  69.0956
0202-05-12_02:13:15.836000      8038.48        8.47823200e-01        8.19138219e-06  69.9009  69.0956
0202-05-12_02:13:16.035000      8038.69        8.52811500e-01        8.35804139e-06  69.9009  69.0956
0202-05-12_02:13:16.240000      8038.89        8.57798200e-01        9.66894109e-06  69.9009  69.0956
0202-05-12_02:13:16.440000      8039.09        8.62477400e-01        9.87297309e-06  69.9009  69.0956
0202-05-12_02:13:16.637000      8039.29        8.68016300e-01        1.13844961e-05  69.9158  69.1335
0202-05-12_02:13:16.830000      8039.48        8.72833800e-01        1.16359414e-05  69.9158  69.1335
0202-05-12_02:13:17.023000      8039.67        8.77241800e-01        1.28337309e-05  69.9158  69.1335
0202-05-12_02:13:17.215000      8039.86        8.82825100e-01        1.42918906e-05  69.9158  69.1335
0202-05-12_02:13:17.418000      8040.07        8.87602600e-01        1.56454932e-05  69.9158  69.1335
0202-05-12_02:13:17.625000      8040.27        8.92411300e-01        1.57627558e-05  69.9055  69.1195
0202-05-12_02:13:17.824000      8040.47        8.97231800e-01        1.80328911e-05  69.9055  69.1195
0202-05-12_02:13:18.016000      8040.67        9.02642200e-01        1.90995349e-05  69.9055  69.1195
0202-05-12_02:13:18.220000      8040.87        9.07265400e-01        2.05374277e-05  69.9055  69.1195