# Ic = 5.54 A, n = 25.08 , Tavg = 20.02 K, f20-150keV-242nA-a
#datetime                        t_s     iHTS_A                vHTS_V                tHTS_K  tTAR_K
0202-10-27_16:32:32.086000      379.88        4.90650300e-02       -8.63677050e-09  20.0059  19.0170
0202-10-27_16:32:32.316000      380.11        4.83140600e-02       -7.33521050e-09  20.0059  19.0170
0202-10-27_16:32:32.523000      380.32        9.80140900e-02       -4.42220050e-09  20.0120  19.2350
0202-10-27_16:32:32.720000      380.51        1.44213100e-01       -5.97167050e-09  20.0120  19.2350
0202-10-27_16:32:32.910000      380.70        1.96200100e-01       -1.02482205e-08  20.0120  19.2350
0202-10-27_16:32:33.105000      380.90        2.46103500e-01       -1.04961305e-08  20.0120  19.2350
0202-10-27_16:32:33.330000      381.12        2.94375800e-01       -1.03721805e-08  20.0120  19.2350
0202-10-27_16:32:33.523000      381.32        3.45352200e-01       -2.68683050e-09  20.0156  18.9656
0202-10-27_16:32:33.720000      381.51        3.94505100e-01       -7.02541050e-09  20.0156  18.9656
0202-10-27_16:32:33.914000      381.70        4.39076000e-01       -8.07912050e-09  20.0156  18.9656
0202-10-27_16:32:34.105000      381.90        4.93243200e-01       -1.73759805e-08  20.0156  18.9656
0202-10-27_16:32:34.330000      382.12        5.43578500e-01       -1.88634805e-08  20.0156  18.9656
0202-10-27_16:32:34.523000      382.32        5.88360100e-01       -1.84916005e-08  20.0121  19.1982
0202-10-27_16:32:34.727000      382.52        6.41990100e-01       -1.76858805e-08  20.0121  19.1982
0202-10-27_16:32:34.930000      382.72        6.91504600e-01       -1.81817105e-08  20.0121  19.1982
0202-10-27_16:32:35.133000      382.92        7.38251200e-01       -8.20310050e-09  20.0121  19.1982
0202-10-27_16:32:35.344000      383.14        7.90943000e-01       -5.41405050e-09  20.0121  19.1982
0202-10-27_16:32:35.540000      383.33        8.38942200e-01       -1.45840500e-10  20.0169  19.0860
0202-10-27_16:32:35.746000      383.54        8.87869000e-01       -2.12916050e-09  20.0169  19.0860
0202-10-27_16:32:35.938000      383.73        9.39210400e-01        9.07799500e-10  20.0169  19.0860
0202-10-27_16:32:36.140000      383.93        9.88643300e-01       -3.30676050e-09  20.0169  19.0860
0202-10-27_16:32:36.340000      384.13        1.03707700e+00        1.71352950e-09  20.0169  19.0860
0202-10-27_16:32:36.547000      384.34        1.08819800e+00        1.02079500e-10  20.0186  19.0177
0202-10-27_16:32:36.746000      384.54        1.13783100e+00        4.81247950e-09  20.0186  19.0177
0202-10-27_16:32:36.950000      384.74        1.18440200e+00        1.27967950e-09  20.0186  19.0177
0202-10-27_16:32:37.152000      384.94        1.23689000e+00        4.75049950e-09  20.0186  19.0177
0202-10-27_16:32:37.348000      385.14        1.28677400e+00        1.64059500e-10  20.0143  19.2331
0202-10-27_16:32:37.555000      385.35        1.33204900e+00        5.99007950e-09  20.0143  19.2331
0202-10-27_16:32:37.750000      385.54        1.38581400e+00        5.12236950e-09  20.0143  19.2331
0202-10-27_16:32:37.940000      385.73        1.43522100e+00        3.13904950e-09  20.0143  19.2331
0202-10-27_16:32:38.150000      385.94        1.47973700e+00       -1.81927050e-09  20.0143  19.2331
0202-10-27_16:32:38.344000      386.14        1.53463700e+00       -7.52133050e-09  20.0143  19.2331
0202-10-27_16:32:38.540000      386.33        1.58437100e+00       -4.05051050e-09  20.0236  18.9661
0202-10-27_16:32:38.746000      386.54        1.62868100e+00       -5.66196050e-09  20.0236  18.9661
0202-10-27_16:32:38.938000      386.73        1.68356800e+00       -3.30676050e-09  20.0236  18.9661
0202-10-27_16:32:39.130000      386.92        1.73311000e+00       -3.05885050e-09  20.0236  18.9661
0202-10-27_16:32:39.336000      387.13        1.77832800e+00        2.95310950e-09  20.0236  18.9661
0202-10-27_16:32:39.527000      387.32        1.83215600e+00       -4.54703050e-09  20.0099  19.1982
0202-10-27_16:32:39.727000      387.52        1.88187500e+00       -8.01854050e-09  20.0099  19.1982
0202-10-27_16:32:39.930000      387.72        1.92809500e+00       -1.60147305e-08  20.0099  19.1982
0202-10-27_16:32:40.125000      387.92        1.98112600e+00       -1.04366305e-08  20.0099  19.1982
0202-10-27_16:32:40.355000      388.15        2.03286200e+00       -1.05605905e-08  20.0147  19.0844
0202-10-27_16:32:40.555000      388.34        2.08108100e+00       -4.85853050e-09  20.0147  19.0844
0202-10-27_16:32:40.760000      388.55        2.12978100e+00       -1.60147305e-08  20.0147  19.0844
0202-10-27_16:32:40.953000      388.75        2.17770400e+00       -1.73162905e-08  20.0147  19.0844
0202-10-27_16:32:41.150000      388.94        2.22942400e+00       -1.84319105e-08  20.0147  19.0844
0202-10-27_16:32:41.360000      389.15        2.27914600e+00       -1.54569205e-08  20.0064  19.0172
0202-10-27_16:32:41.550000      389.34        2.32648400e+00       -1.22340205e-08  20.0064  19.0172
0202-10-27_16:32:41.750000      389.54        2.37806400e+00       -1.31017305e-08  20.0064  19.0172
0202-10-27_16:32:41.950000      389.74        2.42809700e+00       -1.10564205e-08  20.0064  19.0172
0202-10-27_16:32:42.140000      389.93        2.47393600e+00       -5.85019050e-09  20.0064  19.0172
0202-10-27_16:32:42.336000      390.13        2.52704300e+00       -9.81684050e-09  20.0114  19.2345
0202-10-27_16:32:42.527000      390.32        2.57695300e+00       -6.71790050e-09  20.0114  19.2345
0202-10-27_16:32:42.727000      390.52        2.62170600e+00       -8.01946050e-09  20.0114  19.2345
0202-10-27_16:32:42.930000      390.72        2.67601100e+00       -6.40800050e-09  20.0114  19.2345
0202-10-27_16:32:43.125000      390.92        2.72596900e+00       -7.64758050e-09  20.0114  19.2345
0202-10-27_16:32:43.344000      391.13        2.77277400e+00       -1.16142305e-08  20.0114  19.2345
0202-10-27_16:32:43.535000      391.33        2.82489000e+00       -1.58288005e-08  20.0143  18.9649
0202-10-27_16:32:43.740000      391.53        2.87450500e+00       -1.41553705e-08  20.0143  18.9649
0202-10-27_16:32:43.940000      391.73        2.92154900e+00       -1.75642105e-08  20.0143  18.9649
0202-10-27_16:32:44.133000      391.93        2.97379500e+00       -1.44652605e-08  20.0143  18.9649
0202-10-27_16:32:44.340000      392.13        3.01911400e+00       -1.45272405e-08  20.0160  19.1980
0202-10-27_16:32:44.530000      392.32        3.07079100e+00       -1.29157905e-08  20.0160  19.1980
0202-10-27_16:32:44.727000      392.52        3.12273800e+00       -1.37834905e-08  20.0160  19.1980
0202-10-27_16:32:44.934000      392.72        3.17230000e+00       -1.70064005e-08  20.0160  19.1980
0202-10-27_16:32:45.125000      392.92        3.22058000e+00       -1.45272405e-08  20.0160  19.1980
0202-10-27_16:32:45.330000      393.12        3.27123700e+00       -1.50850505e-08  20.0160  19.1980
0202-10-27_16:32:45.527000      393.32        3.32148700e+00       -1.37218805e-08  20.0190  19.0841
0202-10-27_16:32:45.720000      393.51        3.37112400e+00       -9.13571050e-09  20.0190  19.0841
0202-10-27_16:32:45.914000      393.71        3.41713700e+00       -1.70692805e-08  20.0190  19.0841
0202-10-27_16:32:46.113000      393.90        3.47018700e+00       -1.35364805e-08  20.0190  19.0841
0202-10-27_16:32:46.320000      394.11        3.52076100e+00       -1.44041805e-08  20.0190  19.0841
0202-10-27_16:32:46.530000      394.32        3.56864300e+00       -1.02516005e-08  20.0190  19.0148
0202-10-27_16:32:46.734000      394.52        3.61955700e+00       -1.50239705e-08  20.0190  19.0148
0202-10-27_16:32:46.934000      394.73        3.66750700e+00       -2.23994605e-08  20.0190  19.0148
0202-10-27_16:32:47.130000      394.92        3.71679000e+00       -2.40109105e-08  20.0190  19.0148
0202-10-27_16:32:47.336000      395.13        3.76841900e+00       -2.21515505e-08  20.0190  19.0148
0202-10-27_16:32:47.535000      395.33        3.81211200e+00       -1.90526005e-08  20.0088  19.2329
0202-10-27_16:32:47.727000      395.52        3.85374400e+00       -1.71932305e-08  20.0088  19.2329
0202-10-27_16:32:47.934000      395.72        3.91677600e+00       -2.37010205e-08  20.0088  19.2329
0202-10-27_16:32:48.125000      395.92        3.96713600e+00       -2.33911205e-08  20.0088  19.2329
0202-10-27_16:32:48.344000      396.14        4.01350800e+00       -2.32671705e-08  20.0088  19.2329
0202-10-27_16:32:48.550000      396.34        4.06648200e+00       -2.51885105e-08  20.0205  18.9654
0202-10-27_16:32:48.750000      396.54        4.11438900e+00       -2.44447605e-08  20.0205  18.9654
0202-10-27_16:32:48.945000      396.74        4.16386500e+00       -2.43208105e-08  20.0205  18.9654
0202-10-27_16:32:49.150000      396.94        4.21518800e+00       -2.51265305e-08  20.0205  18.9654
0202-10-27_16:32:49.355000      397.15        4.26502400e+00       -2.41348705e-08  20.0205  18.9654
0202-10-27_16:32:49.550000      397.34        4.31391100e+00       -3.20681705e-08  20.0038  19.1997
0202-10-27_16:32:49.746000      397.54        4.36398100e+00       -2.67379805e-08  20.0038  19.1997
0202-10-27_16:32:49.940000      397.73        4.41226200e+00       -3.46712805e-08  20.0038  19.1997
0202-10-27_16:32:50.133000      397.92        4.46097500e+00       -2.68619405e-08  20.0038  19.1997
0202-10-27_16:32:50.348000      398.14        4.51474700e+00       -3.29978505e-08  20.0038  19.1997
0202-10-27_16:32:50.540000      398.33        4.56117600e+00       -2.59322605e-08  20.0189  19.0879
0202-10-27_16:32:50.742000      398.53        4.61007500e+00       -3.25640005e-08  20.0189  19.0879
0202-10-27_16:32:50.934000      398.73        4.66200700e+00       -2.89692205e-08  20.0189  19.0879
0202-10-27_16:32:51.130000      398.92        4.71201900e+00       -3.59108605e-08  20.0189  19.0879
0202-10-27_16:32:51.348000      399.14        4.75825600e+00       -3.72125505e-08  20.0189  19.0879
0202-10-27_16:32:51.547000      399.34        4.81140000e+00       -3.62833905e-08  20.0121  19.0192
0202-10-27_16:32:51.746000      399.54        4.86091200e+00       -2.72348705e-08  20.0121  19.0192
0202-10-27_16:32:51.950000      399.74        4.90796700e+00       -2.15330805e-08  20.0121  19.0192
0202-10-27_16:32:52.140000      399.93        4.96000200e+00       -1.84961205e-08  20.0121  19.0192
0202-10-27_16:32:52.360000      400.15        5.01128200e+00       -1.51492605e-08  20.0121  19.0192
0202-10-27_16:32:52.550000      400.34        5.05798900e+00       -6.34826050e-09  20.0166  19.2359
0202-10-27_16:32:52.746000      400.54        5.10887300e+00       -4.92274050e-09  20.0166  19.2359
0202-10-27_16:32:52.950000      400.74        5.15870400e+00        3.50637950e-09  20.0166  19.2359
0202-10-27_16:32:53.145000      400.93        5.20595200e+00        8.83656950e-09  20.0166  19.2359
0202-10-27_16:32:53.350000      401.14        5.25888600e+00        2.17901495e-08  20.0166  19.2359
0202-10-27_16:32:53.543000      401.34        5.30767000e+00        3.57973695e-08  20.0172  18.9635
0202-10-27_16:32:53.740000      401.53        5.35329100e+00        5.45149895e-08  20.0172  18.9635
0202-10-27_16:32:53.930000      401.72        5.40669500e+00        7.34805295e-08  20.0172  18.9635
0202-10-27_16:32:54.130000      401.92        5.45710900e+00        1.01866849e-07  20.0172  18.9635
0202-10-27_16:32:54.367000      402.16        5.50815600e+00        1.54238989e-07  20.0172  18.9635
0202-10-27_16:32:54.562000      402.35        5.55690100e+00        1.93037769e-07  20.0202  19.1999
0202-10-27_16:32:54.760000      402.55        5.60619200e+00        2.41257329e-07  20.0202  19.1999
0202-10-27_16:32:54.965000      402.76        5.65417200e+00        3.14826249e-07  20.0202  19.1999
0202-10-27_16:32:55.160000      402.95        5.70308300e+00        3.91680049e-07  20.0202  19.1999
0202-10-27_16:32:55.367000      403.16        5.75466900e+00        5.06031059e-07  20.0202  19.1999
0202-10-27_16:32:55.562000      403.35        5.80261800e+00        6.10341499e-07  20.0184  19.0848
0202-10-27_16:32:55.754000      403.54        5.85146000e+00        7.37150269e-07  20.0184  19.0848