# Ic = 32.41 A, n = 48.67 , Tavg = 20.19 K, 20Kstep2afterbeamon
#datetime                        t_s     iHTS_A                vHTS_V                tHTS_K  tTAR_K
0202-10-26_22:53:52.320000      12055.94        1.77417900e+00        3.02984625e-08  20.0034  19.2664
0202-10-26_22:53:52.750000      12056.37        2.36974100e+00        3.06703325e-08  20.0349  19.0366
0202-10-26_22:53:53.168000      12056.79        2.96090000e+00        2.19312825e-08  20.0349  19.0366
0202-10-26_22:53:53.566000      12057.19        3.55481800e+00        3.11041825e-08  19.9912  19.2610
0202-10-26_22:53:53.970000      12057.59        4.14791900e+00        3.60630425e-08  19.9912  19.2610
0202-10-26_22:53:54.387000      12058.01        4.72130000e+00        3.08570225e-08  20.0165  19.1302
0202-10-26_22:53:54.793000      12058.41        5.31096200e+00        3.43278525e-08  20.0165  19.1302
0202-10-26_22:53:55.190000      12058.81        5.90874400e+00        2.60226525e-08  20.0165  19.1302
0202-10-26_22:53:55.594000      12059.21        6.50117600e+00        2.21179725e-08  19.9733  19.0926
0202-10-26_22:53:56.008000      12059.63        7.09859100e+00        2.37294325e-08  19.9733  19.0926
0202-10-26_22:53:56.406000      12060.03        7.69196300e+00        2.91216125e-08  20.0043  19.2878
0202-10-26_22:53:56.810000      12060.43        8.28276100e+00        3.58153525e-08  20.0043  19.2878
0202-10-26_22:53:57.210000      12060.83        8.88000900e+00        3.24065025e-08  20.0043  19.2878
0202-10-26_22:53:57.630000      12061.25        9.47376600e+00        4.23231525e-08  19.9826  19.0030
0202-10-26_22:53:58.050000      12061.67        1.00661000e+01        3.14768125e-08  19.9826  19.0030
0202-10-26_22:53:58.450000      12062.07        1.06402200e+01        2.89976525e-08  20.0076  19.2868
0202-10-26_22:53:58.870000      12062.49        1.12388600e+01        2.42252625e-08  20.0076  19.2868
0202-10-26_22:53:59.310000      12062.93        1.18283700e+01        1.86471525e-08  20.0076  19.2868
0202-10-26_22:53:59.720000      12063.34        1.24250800e+01        2.37304725e-08  19.9855  19.0933
0202-10-26_22:54:00.113000      12063.73        1.30236300e+01        1.59226825e-08  19.9855  19.0933
0202-10-26_22:54:00.508000      12064.13        1.36165400e+01        2.23065225e-08  20.0096  19.1247
0202-10-26_22:54:00.906000      12064.53        1.42054800e+01        6.25394250e-09  20.0096  19.1247
0202-10-26_22:54:01.320000      12064.94        1.47996400e+01        1.40013225e-08  20.0096  19.1247
0202-10-26_22:54:01.758000      12065.38        1.53940900e+01        2.81325625e-08  19.9866  19.2552
0202-10-26_22:54:02.176000      12065.80        1.59887600e+01        1.57987225e-08  19.9866  19.2552
0202-10-26_22:54:02.586000      12066.20        1.65880700e+01        2.36080925e-08  20.0178  19.0291
0202-10-26_22:54:03             12066.62        1.73638900e+01        2.11289225e-08  20.0178  19.0291
0202-10-26_22:54:03.414000      12067.03        1.79599200e+01        6.19196250e-09  19.9966  19.2591
0202-10-26_22:54:03.855000      12067.48        1.85523600e+01        2.02612125e-08  19.9966  19.2591
0202-10-26_22:54:04.305000      12067.92        1.91490600e+01        1.02825825e-08  19.9966  19.2591
0202-10-26_22:54:04.695000      12068.32        1.97413000e+01       -1.34554175e-08  20.0385  19.1167
0202-10-26_22:54:05.100000      12068.72        2.03389100e+01        3.71279250e-09  20.0385  19.1167
0202-10-26_22:54:05.527000      12069.15        2.09315000e+01       -9.42693750e-09  20.0177  19.1010
0202-10-26_22:54:05.950000      12069.57        2.15030000e+01       -1.24643075e-08  20.0177  19.1010
0202-10-26_22:54:06.348000      12069.97        2.20987400e+01       -1.54393075e-08  20.0556  19.2815
0202-10-26_22:54:06.760000      12070.38        2.26928700e+01       -2.28148175e-08  20.0556  19.2815
0202-10-26_22:54:07.168000      12070.79        2.32875700e+01       -1.11627475e-08  20.0556  19.2815
0202-10-26_22:54:07.570000      12071.19        2.38807800e+01       -1.16585775e-08  20.0474  19.0023
0202-10-26_22:54:07.973000      12071.59        2.44799800e+01       -4.09712750e-09  20.0474  19.0023
0202-10-26_22:54:08.380000      12072.00        2.50714200e+01       -5.53538375e-08  20.0811  19.2931
0202-10-26_22:54:08.777000      12072.40        2.56694200e+01       -4.55611475e-08  20.0811  19.2931
0202-10-26_22:54:09.180000      12072.80        2.62643100e+01       -3.30413675e-08  20.0811  19.2931
0202-10-26_22:54:09.598000      12073.22        2.68575200e+01       -5.58496775e-08  20.0760  19.0867
0202-10-26_22:54:10             12073.62        2.74511700e+01       -6.39069575e-08  20.0760  19.0867
0202-10-26_22:54:10.414000      12074.04        2.80273200e+01       -7.67366275e-08  20.1110  19.1445
0202-10-26_22:54:10.812000      12074.43        2.86205600e+01       -6.99809075e-08  20.1110  19.1445
0202-10-26_22:54:11.215000      12074.83        2.92157300e+01       -7.63027775e-08  20.1110  19.1445
0202-10-26_22:54:11.625000      12075.24        2.98137500e+01       -8.34928975e-08  20.1022  19.2570
0202-10-26_22:54:12.070000      12075.69        3.04059000e+01       -6.57672375e-08  20.1022  19.2570
0202-10-26_22:54:12.492000      12076.11        3.10010900e+01       -6.97339075e-08  20.1437  19.0405
0202-10-26_22:54:12.906000      12076.52        3.15969400e+01       -4.10995675e-08  20.1437  19.0405
0202-10-26_22:54:13.324000      12076.94        3.21966600e+01        7.63507825e-08  20.1437  19.0405
0202-10-26_22:54:13.754000      12077.37        3.27862800e+01        3.24638972e-07  20.1200  19.2785
0202-10-26_22:54:14.184000      12077.80        3.33809600e+01        7.39155052e-07  20.1200  19.2785
0202-10-26_22:54:14.590000      12078.21        3.41589500e+01        2.67779865e-06  20.1771  19.1244
0202-10-26_22:54:14.990000      12078.61        3.47563000e+01        5.50416856e-06  20.1771  19.1244
0202-10-26_22:54:15.395000      12079.02        3.53476200e+01        1.25868275e-05  20.1771  19.1244
0202-10-26_22:54:15.812000      12079.43        3.59483600e+01        3.45157051e-05  20.1937  19.1339