# Ic = 4.20 A, n = 20.17 , Tavg = 23.24 K, BeamON-800keV-45nA-b
#datetime                        t_s     iHTS_A                vHTS_V                tHTS_K  tTAR_K
0202-10-27_06:56:45.305000      41028.93        1.74902900e-02       -2.16976358e-07  23.2930  19.2047
0202-10-27_06:56:45.508000      41029.13        4.97266500e-02       -2.19765418e-07  23.2768  18.9702
0202-10-27_06:56:45.700000      41029.32        9.62520100e-02       -2.17348238e-07  23.2768  18.9702
0202-10-27_06:56:45.910000      41029.53        1.48993900e-01       -2.10840428e-07  23.2768  18.9702
0202-10-27_06:56:46.105000      41029.73        1.98831800e-01       -2.17038338e-07  23.2768  18.9702
0202-10-27_06:56:46.305000      41029.92        2.45020300e-01       -2.09477038e-07  23.2768  18.9702
0202-10-27_06:56:46.508000      41030.13        2.97660200e-01       -2.10283308e-07  23.2689  19.2670
0202-10-27_06:56:46.703000      41030.32        3.47015800e-01       -1.98569688e-07  23.2689  19.2670
0202-10-27_06:56:46.895000      41030.51        3.93162700e-01       -2.09354318e-07  23.2689  19.2670
0202-10-27_06:56:47.098000      41030.72        4.45559200e-01       -2.04829848e-07  23.2689  19.2670
0202-10-27_06:56:47.300000      41030.92        4.95999700e-01       -2.29497518e-07  23.2689  19.2670
0202-10-27_06:56:47.496000      41031.11        5.42966800e-01       -2.18589198e-07  23.2116  18.9929
0202-10-27_06:56:47.695000      41031.32        5.94691100e-01       -2.13568898e-07  23.2116  18.9929
0202-10-27_06:56:47.900000      41031.52        6.44263300e-01       -2.12205358e-07  23.2116  18.9929
0202-10-27_06:56:48.090000      41031.71        6.90865900e-01       -2.17659518e-07  23.2116  18.9929
0202-10-27_06:56:48.305000      41031.92        7.43437600e-01       -2.20076698e-07  23.2116  18.9929
0202-10-27_06:56:48.496000      41032.12        7.91120600e-01       -2.17411598e-07  23.2586  19.1469
0202-10-27_06:56:48.690000      41032.31        8.40017600e-01       -2.19394928e-07  23.2586  19.1469
0202-10-27_06:56:48.895000      41032.51        8.91738800e-01       -2.11585568e-07  23.2586  19.1469
0202-10-27_06:56:49.086000      41032.71        9.41534500e-01       -2.13197018e-07  23.2586  19.1469
0202-10-27_06:56:49.290000      41032.91        9.87127800e-01       -1.99375688e-07  23.2586  19.1469
0202-10-27_06:56:49.480000      41033.10        1.04067500e+00       -2.10779838e-07  23.2211  19.1779
0202-10-27_06:56:49.676000      41033.29        1.09059400e+00       -1.95285078e-07  23.2211  19.1779
0202-10-27_06:56:49.867000      41033.49        1.13805600e+00       -2.08734528e-07  23.2211  19.1779
0202-10-27_06:56:50.074000      41033.69        1.18680200e+00       -2.07618908e-07  23.2211  19.1779
0202-10-27_06:56:50.273000      41033.89        1.23883900e+00       -2.14188688e-07  23.2211  19.1779
0202-10-27_06:56:50.470000      41034.09        1.28875300e+00       -2.17535558e-07  23.2531  18.9961
0202-10-27_06:56:50.660000      41034.28        1.33626700e+00       -2.02970478e-07  23.2531  18.9961
0202-10-27_06:56:50.855000      41034.47        1.38522500e+00       -2.26088668e-07  23.2531  18.9961
0202-10-27_06:56:51.047000      41034.67        1.43725800e+00       -2.24477208e-07  23.2531  18.9961
0202-10-27_06:56:51.254000      41034.88        1.48721300e+00       -2.29931368e-07  23.2531  18.9961
0202-10-27_06:56:51.453000      41035.07        1.53343400e+00       -2.06565268e-07  23.2381  19.2300
0202-10-27_06:56:51.650000      41035.27        1.58611600e+00       -2.14870458e-07  23.2381  19.2300
0202-10-27_06:56:51.850000      41035.47        1.63584200e+00       -2.27886058e-07  23.2381  19.2300
0202-10-27_06:56:52.047000      41035.67        1.68329800e+00       -2.46355818e-07  23.2381  19.2300
0202-10-27_06:56:52.290000      41035.91        1.73534800e+00       -2.44248528e-07  23.2381  19.2300
0202-10-27_06:56:52.510000      41036.13        1.78528700e+00       -2.30302158e-07  23.2813  19.0204
0202-10-27_06:56:52.703000      41036.32        1.83456800e+00       -2.25033288e-07  23.2813  19.0204
0202-10-27_06:56:52.895000      41036.52        1.88442400e+00       -2.12822978e-07  23.2813  19.0204
0202-10-27_06:56:53.100000      41036.72        1.92922600e+00       -2.16107868e-07  23.2813  19.0204
0202-10-27_06:56:53.297000      41036.92        1.98327600e+00       -2.13504748e-07  23.2813  19.0204
0202-10-27_06:56:53.490000      41037.11        2.03317800e+00       -2.12265158e-07  23.2407  19.1091
0202-10-27_06:56:53.690000      41037.31        2.07719000e+00       -2.09476108e-07  23.2407  19.1091
0202-10-27_06:56:53.887000      41037.51        2.13203400e+00       -2.00241218e-07  23.2407  19.1091
0202-10-27_06:56:54.080000      41037.70        2.18187200e+00       -2.09414128e-07  23.2407  19.1091
0202-10-27_06:56:54.290000      41037.91        2.22678300e+00       -2.02286528e-07  23.2407  19.1091
0202-10-27_06:56:54.480000      41038.10        2.28132400e+00       -2.05943298e-07  23.3037  19.2070
0202-10-27_06:56:54.676000      41038.29        2.33067400e+00       -2.01852678e-07  23.3037  19.2070
0202-10-27_06:56:54.875000      41038.50        2.37874700e+00       -2.12513078e-07  23.3037  19.2070
0202-10-27_06:56:55.070000      41038.69        2.42827500e+00       -2.10281828e-07  23.3037  19.2070
0202-10-27_06:56:55.273000      41038.89        2.47569700e+00       -2.09909958e-07  23.3037  19.2070
0202-10-27_06:56:55.477000      41039.10        2.52714500e+00       -2.11087558e-07  23.2526  18.9653
0202-10-27_06:56:55.668000      41039.29        2.57654900e+00       -2.06687048e-07  23.2526  18.9653
0202-10-27_06:56:55.860000      41039.48        2.62846500e+00       -2.14806308e-07  23.2526  18.9653
0202-10-27_06:56:56.066000      41039.69        2.67821500e+00       -2.14310478e-07  23.2526  18.9653
0202-10-27_06:56:56.312000      41039.93        2.72532500e+00       -2.18339118e-07  23.2526  18.9653
0202-10-27_06:56:56.527000      41040.15        2.77593800e+00       -2.10777668e-07  23.2600  19.2607
0202-10-27_06:56:56.727000      41040.34        2.82547500e+00       -1.97018308e-07  23.2600  19.2607
0202-10-27_06:56:56.918000      41040.54        2.87658400e+00       -2.06687048e-07  23.2600  19.2607
0202-10-27_06:56:57.125000      41040.74        2.92472700e+00       -1.93299558e-07  23.2600  19.2607
0202-10-27_06:56:57.324000      41040.94        2.97445500e+00       -1.89084978e-07  23.2600  19.2607
0202-10-27_06:56:57.527000      41041.15        3.02573400e+00       -1.84994358e-07  23.2248  18.9927
0202-10-27_06:56:57.727000      41041.35        3.07333700e+00       -2.06129228e-07  23.2248  18.9927
0202-10-27_06:56:57.926000      41041.54        3.12304000e+00       -2.01418818e-07  23.2248  18.9927
0202-10-27_06:56:58.130000      41041.75        3.17454300e+00       -2.03712048e-07  23.2248  18.9927
0202-10-27_06:56:58.332000      41041.95        3.22308300e+00       -1.90881978e-07  23.2248  18.9927
0202-10-27_06:56:58.543000      41042.16        3.27281700e+00       -1.99744398e-07  23.2795  19.1362
0202-10-27_06:56:58.734000      41042.36        3.32357500e+00       -1.93979548e-07  23.2795  19.1362
0202-10-27_06:56:58.930000      41042.55        3.36911200e+00       -1.96706428e-07  23.2795  19.1362
0202-10-27_06:56:59.125000      41042.74        3.42256100e+00       -1.92057998e-07  23.2795  19.1362
0202-10-27_06:56:59.332000      41042.95        3.47383100e+00       -1.93297578e-07  23.2795  19.1362
0202-10-27_06:56:59.523000      41043.14        3.52041000e+00       -1.88339248e-07  23.2384  19.1755
0202-10-27_06:56:59.715000      41043.34        3.57191300e+00       -1.82823108e-07  23.2384  19.1755
0202-10-27_06:56:59.914000      41043.53        3.62127600e+00       -1.76997068e-07  23.2384  19.1755
0202-10-27_06:57:00.105000      41043.73        3.66985100e+00       -1.72472598e-07  23.2384  19.1755
0202-10-27_06:57:00.312000      41043.93        3.71891000e+00       -1.86231958e-07  23.2384  19.1755
0202-10-27_06:57:00.504000      41044.12        3.77059900e+00       -1.57039788e-07  23.2973  18.9935
0202-10-27_06:57:00.695000      41044.32        3.81973900e+00       -1.70489258e-07  23.2973  18.9935
0202-10-27_06:57:00.890000      41044.51        3.86747200e+00       -1.64043438e-07  23.2973  18.9935
0202-10-27_06:57:01.090000      41044.71        3.91658300e+00       -1.63857498e-07  23.2973  18.9935
0202-10-27_06:57:01.350000      41044.97        3.96974100e+00       -1.47371048e-07  23.2973  18.9935
0202-10-27_06:57:01.560000      41045.18        4.01801800e+00       -1.04109618e-07  23.2470  19.2253
0202-10-27_06:57:01.760000      41045.38        4.06844900e+00       -1.01506498e-07  23.2470  19.2253
0202-10-27_06:57:01.965000      41045.59        4.11614300e+00       -5.91127780e-08  23.2470  19.2253
0202-10-27_06:57:02.160000      41045.78        4.16767600e+00       -2.04997880e-08  23.2470  19.2253
0202-10-27_06:57:02.367000      41045.99        4.21811500e+00        4.51980820e-08  23.2470  19.2253
0202-10-27_06:57:02.566000      41046.19        4.26600700e+00        1.09718352e-07  23.2894  19.0223
0202-10-27_06:57:02.760000      41046.38        4.31657600e+00        1.69838102e-07  23.2894  19.0223
0202-10-27_06:57:02.965000      41046.59        4.35764100e+00        2.73157302e-07  23.2894  19.0223
0202-10-27_06:57:03.160000      41046.78        4.41340500e+00        3.73439522e-07  23.2894  19.0223
0202-10-27_06:57:03.360000      41046.98        4.45653700e+00        4.86303502e-07  23.2894  19.0223
0202-10-27_06:57:03.555000      41047.17        4.51476400e+00        7.09366372e-07  23.2871  19.1058
0202-10-27_06:57:03.754000      41047.37        4.56094300e+00        8.92452702e-07  23.2871  19.1058
0202-10-27_06:57:03.945000      41047.56        4.61473800e+00        1.12642389e-06  23.2871  19.1058
0202-10-27_06:57:04.150000      41047.77        4.66435700e+00        1.47722572e-06  23.2871  19.1058
0202-10-27_06:57:04.355000      41047.97        4.71233900e+00        1.81054791e-06  23.3089  19.2104
0202-10-27_06:57:04.550000      41048.17        4.76406800e+00        2.17684291e-06  23.3089  19.2104
0202-10-27_06:57:04.754000      41048.37        4.81346900e+00        2.78938020e-06  23.3089  19.2104
0202-10-27_06:57:04.953000      41048.57        4.86010400e+00        3.90630508e-06  23.3089  19.2104
0202-10-27_06:57:05.168000      41048.79        4.91232000e+00        5.45553397e-06  23.3089  19.2104
0202-10-27_06:57:05.363000      41048.98        4.96104500e+00        5.52519845e-06  23.3089  19.2104
0202-10-27_06:57:05.560000      41049.18        5.00985300e+00        7.13634446e-06  23.2401  18.9613
0202-10-27_06:57:05.754000      41049.37        5.06144200e+00        8.69579986e-06  23.2401  18.9613
0202-10-27_06:57:05.945000      41049.57        5.11134700e+00        1.03741931e-05  23.2401  18.9613