# Ic = 4.07 A, n = 19.38 , Tavg = 23.12 K, f20-150keV-240nA-b
#datetime                        t_s     iHTS_A                vHTS_V                tHTS_K  tTAR_K
0202-10-27_17:20:09.758000      1217.28        1.65806700e-02       -8.36720000e-10  23.1053  18.9380
0202-10-27_17:20:09.960000      1217.48        4.80860000e-02       -2.78910000e-10  23.1053  18.9380
0202-10-27_17:20:10.164000      1217.69        9.58226000e-02        1.39453000e-09  23.1053  18.9380
0202-10-27_17:20:10.360000      1217.88        1.44939400e-01        6.29087000e-09  23.1100  19.2259
0202-10-27_17:20:10.562000      1218.08        1.96257200e-01        1.29841800e-08  23.1100  19.2259
0202-10-27_17:20:10.760000      1218.28        2.44272800e-01        1.16200600e-08  23.1100  19.2259
0202-10-27_17:20:10.957000      1218.48        2.93594400e-01        1.54623300e-08  23.1100  19.2259
0202-10-27_17:20:11.164000      1218.68        3.44778600e-01        1.02122000e-09  23.1100  19.2259
0202-10-27_17:20:11.360000      1218.88        3.94330300e-01        4.05819000e-09  23.1100  19.2259
0202-10-27_17:20:11.550000      1219.07        4.40227400e-01       -1.56380000e-10  23.0971  19.0112
0202-10-27_17:20:11.758000      1219.28        4.93216300e-01        4.24413000e-09  23.0971  19.0112
0202-10-27_17:20:11.950000      1219.47        5.42854100e-01        2.15490000e-10  23.0971  19.0112
0202-10-27_17:20:12.145000      1219.66        5.88181900e-01       -4.66280000e-10  23.0971  19.0112
0202-10-27_17:20:12.350000      1219.87        6.42071700e-01       -3.19335000e-09  23.0971  19.0112
0202-10-27_17:20:12.550000      1220.07        6.91794000e-01       -2.38763000e-09  23.1089  19.0657
0202-10-27_17:20:12.742000      1220.26        7.37380100e-01       -2.63554000e-09  23.1089  19.0657
0202-10-27_17:20:12.945000      1220.46        7.90446200e-01        5.04986000e-09  23.1089  19.0657
0202-10-27_17:20:13.137000      1220.66        8.40096700e-01        3.81027000e-09  23.1089  19.0657
0202-10-27_17:20:13.340000      1220.86        8.85304400e-01       -2.80340000e-10  23.1089  19.0657
0202-10-27_17:20:13.543000      1221.06        9.39349900e-01       -4.86679000e-09  23.0956  19.1894
0202-10-27_17:20:13.734000      1221.26        9.88915000e-01       -6.23033000e-09  23.0956  19.1894
0202-10-27_17:20:13.945000      1221.46        1.03435300e+00       -6.52220000e-10  23.0956  19.1894
0202-10-27_17:20:14.140000      1221.66        1.08781600e+00       -3.19335000e-09  23.0956  19.1894
0202-10-27_17:20:14.340000      1221.86        1.13781900e+00       -2.01575000e-09  23.0956  19.1894
0202-10-27_17:20:14.543000      1222.06        1.18362100e+00       -1.02409000e-09  23.1191  18.9677
0202-10-27_17:20:14.734000      1222.26        1.23668700e+00        2.26080000e-09  23.1191  18.9677
0202-10-27_17:20:14.930000      1222.45        1.28659900e+00        2.15490000e-10  23.1191  18.9677
0202-10-27_17:20:15.133000      1222.65        1.33411200e+00       -1.76784000e-09  23.1191  18.9677
0202-10-27_17:20:15.336000      1222.86        1.38539200e+00       -5.73449000e-09  23.1191  18.9677
0202-10-27_17:20:15.527000      1223.05        1.43496200e+00       -5.23866000e-09  23.1043  19.1950
0202-10-27_17:20:15.730000      1223.25        1.48314700e+00       -5.05273000e-09  23.1043  19.1950
0202-10-27_17:20:15.926000      1223.45        1.53274600e+00       -9.26730000e-09  23.1043  19.1950
0202-10-27_17:20:16.117000      1223.64        1.58385700e+00       -1.89180000e-09  23.1043  19.1950
0202-10-27_17:20:16.330000      1223.85        1.63371200e+00        1.20716000e-09  23.1043  19.1950
0202-10-27_17:20:16.523000      1224.04        1.68113900e+00        4.92513000e-09  23.1247  19.0443
0202-10-27_17:20:16.715000      1224.24        1.73302000e+00        3.18896000e-09  23.1247  19.0443
0202-10-27_17:20:16.926000      1224.45        1.78257700e+00       -5.92780000e-10  23.1247  19.0443
0202-10-27_17:20:17.130000      1224.65        1.82957900e+00       -2.51413000e-09  23.1247  19.0443
0202-10-27_17:20:17.320000      1224.84        1.88190000e+00       -1.06953500e-08  23.1247  19.0443
0202-10-27_17:20:17.527000      1225.05        1.92950800e+00       -1.01995200e-08  23.1135  19.0346
0202-10-27_17:20:17.723000      1225.24        1.97994500e+00       -6.04693000e-09  23.1135  19.0346
0202-10-27_17:20:17.920000      1225.44        2.03029400e+00       -1.89434000e-09  23.1135  19.0346
0202-10-27_17:20:18.117000      1225.64        2.07847200e+00       -2.94798000e-09  23.1135  19.0346
0202-10-27_17:20:18.310000      1225.83        2.12695900e+00       -8.77401000e-09  23.1135  19.0346
0202-10-27_17:20:18.504000      1226.02        2.17908900e+00       -3.87767000e-09  23.1287  19.2177
0202-10-27_17:20:18.710000      1226.23        2.22916700e+00        3.00200000e-09  23.1287  19.2177
0202-10-27_17:20:18.902000      1226.42        2.27733700e+00        5.91501000e-09  23.1287  19.2177
0202-10-27_17:20:19.105000      1226.63        2.32810300e+00        5.41918000e-09  23.1287  19.2177
0202-10-27_17:20:19.312000      1226.83        2.37803600e+00        4.17960000e-09  23.1287  19.2177
0202-10-27_17:20:19.504000      1227.02        2.42532700e+00        7.65042000e-09  23.1143  18.9373
0202-10-27_17:20:19.707000      1227.23        2.47701700e+00        7.96032000e-09  23.1143  18.9373
0202-10-27_17:20:19.900000      1227.42        2.52702900e+00        1.63846000e-09  23.1143  18.9373
0202-10-27_17:20:20.094000      1227.61        2.57269200e+00        1.57648000e-09  23.1143  18.9373
0202-10-27_17:20:20.305000      1227.82        2.62615100e+00        3.80773000e-09  23.1143  18.9373
0202-10-27_17:20:20.496000      1228.02        2.67580700e+00        6.16293000e-09  23.1230  19.2242
0202-10-27_17:20:20.688000      1228.21        2.72023500e+00        1.26659000e-09  23.1230  19.2242
0202-10-27_17:20:20.883000      1228.40        2.77464600e+00       -2.08028000e-09  23.1230  19.2242
0202-10-27_17:20:21.086000      1228.61        2.82476600e+00       -4.12558000e-09  23.1230  19.2242
0202-10-27_17:20:21.320000      1228.84        2.87511700e+00       -2.88600000e-09  23.1230  19.2242
0202-10-27_17:20:21.516000      1229.03        2.92427000e+00       -4.12558000e-09  23.1029  19.0163
0202-10-27_17:20:21.715000      1229.24        2.97390200e+00       -6.04693000e-09  23.1029  19.0163
0202-10-27_17:20:21.918000      1229.44        3.02128200e+00       -7.59641000e-09  23.1029  19.0163
0202-10-27_17:20:22.113000      1229.63        3.07355800e+00       -2.51413000e-09  23.1029  19.0163
0202-10-27_17:20:22.340000      1229.86        3.12405100e+00        5.84820000e-10  23.1029  19.0163
0202-10-27_17:20:22.530000      1230.05        3.17215400e+00        4.73732000e-09  23.1235  19.0654
0202-10-27_17:20:22.723000      1230.24        3.22194700e+00        9.50961000e-09  23.1235  19.0654
0202-10-27_17:20:22.930000      1230.45        3.26994900e+00        1.32902000e-08  23.1235  19.0654
0202-10-27_17:20:23.120000      1230.64        3.31969700e+00        1.19886400e-08  23.1235  19.0654
0202-10-27_17:20:23.336000      1230.86        3.37131900e+00        4.11731000e-09  23.1235  19.0654
0202-10-27_17:20:23.530000      1231.05        3.41815600e+00        1.15547900e-08  23.1027  19.1932
0202-10-27_17:20:23.723000      1231.24        3.47027200e+00        7.83605000e-09  23.1027  19.1932
0202-10-27_17:20:23.914000      1231.44        3.52008100e+00        1.40339500e-08  23.1027  19.1932
0202-10-27_17:20:24.113000      1231.63        3.56569200e+00        1.97360100e-08  23.1027  19.1932
0202-10-27_17:20:24.320000      1231.84        3.61976100e+00        2.22151700e-08  23.1027  19.1932
0202-10-27_17:20:24.520000      1232.04        3.66907800e+00        3.15740000e-08  23.1174  18.9700
0202-10-27_17:20:24.715000      1232.23        3.71625700e+00        3.16979500e-08  23.1174  18.9700
0202-10-27_17:20:24.906000      1232.43        3.76803500e+00        4.45276000e-08  23.1174  18.9700
0202-10-27_17:20:25.110000      1232.63        3.81776100e+00        4.82463400e-08  23.1174  18.9700
0202-10-27_17:20:25.348000      1232.87        3.86857700e+00        7.15504400e-08  23.1174  18.9700
0202-10-27_17:20:25.543000      1233.06        3.91743400e+00        9.00821500e-08  23.1129  19.1972
0202-10-27_17:20:25.734000      1233.25        3.96668500e+00        1.15245610e-07  23.1129  19.1972
0202-10-27_17:20:25.940000      1233.46        4.01486500e+00        1.53486640e-07  23.1129  19.1972
0202-10-27_17:20:26.133000      1233.65        4.06466500e+00        1.98979210e-07  23.1129  19.1972
0202-10-27_17:20:26.344000      1233.86        4.11579400e+00        2.48252490e-07  23.1129  19.1972
0202-10-27_17:20:26.535000      1234.05        4.16408200e+00        3.24176730e-07  23.1173  19.0476
0202-10-27_17:20:26.727000      1234.25        4.21284500e+00        3.88758830e-07  23.1173  19.0476
0202-10-27_17:20:26.920000      1234.44        4.26478000e+00        4.78504380e-07  23.1173  19.0476
0202-10-27_17:20:27.125000      1234.65        4.31446900e+00        6.43864280e-07  23.1173  19.0476
0202-10-27_17:20:27.350000      1234.87        4.36477600e+00        7.87283630e-07  23.1173  19.0476
0202-10-27_17:20:27.555000      1235.07        4.41394800e+00        1.01263918e-06  23.1001  19.0333
0202-10-27_17:20:27.746000      1235.27        4.46191600e+00        1.20489796e-06  23.1001  19.0333
0202-10-27_17:20:27.953000      1235.47        4.51085500e+00        1.43440610e-06  23.1001  19.0333
0202-10-27_17:20:28.150000      1235.67        4.56288600e+00        1.81743616e-06  23.1001  19.0333
0202-10-27_17:20:28.348000      1235.87        4.61295000e+00        2.16842309e-06  23.1147  19.2248
0202-10-27_17:20:28.550000      1236.07        4.65789500e+00        2.58721524e-06  23.1147  19.2248
0202-10-27_17:20:28.754000      1236.27        4.71178400e+00        3.95366631e-06  23.1147  19.2248
0202-10-27_17:20:28.945000      1236.47        4.76148300e+00        4.16216360e-06  23.1147  19.2248
0202-10-27_17:20:29.156000      1236.67        4.80704000e+00        5.23867650e-06  23.1147  19.2248
0202-10-27_17:20:29.355000      1236.87        4.86089700e+00        6.67937791e-06  23.1147  19.2248
0202-10-27_17:20:29.547000      1237.07        4.91026300e+00        8.41596691e-06  23.1091  18.9394
0202-10-27_17:20:29.750000      1237.27        4.95502100e+00        1.00986962e-05  23.1091  18.9394
0202-10-27_17:20:29.940000      1237.46        5.00934100e+00        1.18037379e-05  23.1091  18.9394
0202-10-27_17:20:30.137000      1237.66        5.05936600e+00        1.33643685e-05  23.1091  18.9394
0202-10-27_17:20:30.344000      1237.86        5.10563200e+00        1.51838234e-05  23.1091  18.9394
0202-10-27_17:20:30.535000      1238.05        5.14800400e+00        1.74543612e-05  23.1187  19.2285
0202-10-27_17:20:30.740000      1238.26        5.20756000e+00        2.07119762e-05  23.1187  19.2285