# Ic =  nan A, n =  nan , Tavg = 20.70 K, f33-150keV-0nA-20p5K
#datetime                        t_s     iHTS_A                vHTS_V                tHTS_K  tTAR_K
0202-12-20_19:15:45.750000      294.79        1.57741500e-02        3.35924350e-09  20.6725  20.5518
0202-12-20_19:15:45.940000      294.98        5.67615400e-03       -7.31346500e-10  20.6725  20.5518
0202-12-20_19:15:46.145000      295.19        6.20235100e-03        3.60716350e-09  20.6725  20.5518
0202-12-20_19:15:46.350000      295.39        7.17890600e-03        4.78475350e-09  20.6725  20.5518
0202-12-20_19:15:46.555000      295.60        8.05899300e-03        2.30561350e-09  20.6808  20.3786
0202-12-20_19:15:46.750000      295.79        9.49414300e-03        2.36758350e-09  20.6808  20.3786
0202-12-20_19:15:46.940000      295.98        1.02792500e-02        1.43916350e-09  20.6808  20.3786
0202-12-20_19:15:47.133000      296.18        1.13359400e-02        6.46133350e-09  20.6808  20.3786
0202-12-20_19:15:47.350000      296.39        1.21537000e-02        4.78980350e-09  20.6808  20.3786
0202-12-20_19:15:47.547000      296.59        1.32846000e-02        2.62180350e-09  20.6659  20.6379
0202-12-20_19:15:47.740000      296.78        1.43994000e-02        5.03897350e-09  20.6659  20.6379
0202-12-20_19:15:47.950000      296.99        1.53032300e-02        5.78272350e-09  20.6659  20.6379
0202-12-20_19:15:48.145000      297.18        1.61180200e-02        3.55148350e-09  20.6659  20.6379
0202-12-20_19:15:48.355000      297.40        1.70114600e-02        2.43586350e-09  20.6659  20.6379
0202-12-20_19:15:48.555000      297.59        1.81008100e-02        4.17127350e-09  20.6832  20.3816
0202-12-20_19:15:48.746000      297.79        1.93593500e-02        1.01832135e-08  20.6832  20.3816
0202-12-20_19:15:48.940000      297.98        2.02706100e-02        1.04311335e-08  20.6832  20.3816
0202-12-20_19:15:49.150000      298.19        2.12100600e-02        1.55133935e-08  20.6832  20.3816
0202-12-20_19:15:49.350000      298.39        2.21302100e-02        1.81165035e-08  20.6832  20.3816
0202-12-20_19:15:49.543000      298.58        2.32388500e-02        1.89222235e-08  20.6634  20.6595
0202-12-20_19:15:49.742000      298.78        2.42732900e-02        1.52654735e-08  20.6634  20.6595
0202-12-20_19:15:49.938000      298.98        2.53403700e-02        1.20425835e-08  20.6634  20.6595
0202-12-20_19:15:50.140000      299.18        2.60883700e-02        9.19155350e-09  20.6634  20.6595
0202-12-20_19:15:50.360000      299.40        2.72920000e-02        7.02229350e-09  20.6634  20.6595
0202-12-20_19:15:50.550000      299.59        2.82270000e-02        3.98533350e-09  20.6807  20.5875
0202-12-20_19:15:50.746000      299.79        2.90106200e-02        3.11763350e-09  20.6807  20.5875
0202-12-20_19:15:50.938000      299.98        2.99141400e-02        3.98533350e-09  20.6807  20.5875
0202-12-20_19:15:51.133000      300.17        3.11044100e-02        9.81134350e-09  20.6807  20.5875
0202-12-20_19:15:51.367000      300.41        3.19652000e-02        1.43357935e-08  20.6807  20.5875
0202-12-20_19:15:51.574000      300.62        3.30515800e-02        1.46456835e-08  20.6796  20.3475
0202-12-20_19:15:51.770000      300.81        3.38233300e-02        1.42118335e-08  20.6796  20.3475
0202-12-20_19:15:51.960000      301.00        3.51753700e-02        1.03691535e-08  20.6796  20.3475
0202-12-20_19:15:52.168000      301.21        3.61578600e-02        6.03063350e-09  20.6796  20.3475
0202-12-20_19:15:52.387000      301.43        3.72225600e-02        7.00463500e-10  20.6796  20.3475
0202-12-20_19:15:52.580000      301.62        3.77227100e-02        6.52646350e-09  20.6701  20.6801
0202-12-20_19:15:52.770000      301.81        3.91341200e-02        1.16707035e-08  20.6701  20.6801
0202-12-20_19:15:52.960000      302.00        3.96491100e-02        1.39645535e-08  20.6701  20.6801
0202-12-20_19:15:53.156000      302.20        4.07636800e-02        1.45233135e-08  20.6701  20.6801
0202-12-20_19:15:53.363000      302.40        4.17595300e-02        1.79334035e-08  20.6701  20.6801
0202-12-20_19:15:53.562000      302.61        4.30269800e-02        1.69420635e-08  20.6727  20.3481
0202-12-20_19:15:53.758000      302.80        4.36206300e-02        1.34092735e-08  20.6727  20.3481
0202-12-20_19:15:53.953000      302.99        4.47769000e-02        1.13639635e-08  20.6727  20.3481
0202-12-20_19:15:54.150000      303.19        4.56525300e-02        1.01243935e-08  20.6727  20.3481
0202-12-20_19:15:54.370000      303.41        4.68160900e-02        1.22316735e-08  20.6727  20.3481
0202-12-20_19:15:54.580000      303.62        4.77258600e-02        9.75252350e-09  20.6615  20.5615
0202-12-20_19:15:54.780000      303.82        4.90645400e-02        1.04962635e-08  20.6615  20.5615
0202-12-20_19:15:54.984000      304.02        5.00811600e-02        9.25668350e-09  20.6615  20.5615
0202-12-20_19:15:55.195000      304.24        5.08306500e-02        1.60743535e-08  20.6615  20.5615
0202-12-20_19:15:55.402000      304.44        5.16486900e-02        1.57024835e-08  20.6615  20.5615
0202-12-20_19:15:55.613000      304.65        5.26712500e-02        1.51446735e-08  20.6652  20.3480
0202-12-20_19:15:55.824000      304.86        5.38437100e-02        9.50460350e-09  20.6652  20.3480
0202-12-20_19:15:56.043000      305.08        5.48796300e-02        6.96347350e-09  20.6652  20.3480
0202-12-20_19:15:56.242000      305.28        5.58769600e-02        7.70721350e-09  20.6652  20.3480
0202-12-20_19:15:56.438000      305.48        5.68179000e-02        8.01711350e-09  20.6652  20.3480
0202-12-20_19:15:56.640000      305.68        5.78478800e-02        8.14107350e-09  20.6454  20.5926
0202-12-20_19:15:56.844000      305.88        5.87724900e-02        9.25668350e-09  20.6454  20.5926
0202-12-20_19:15:57.040000      306.08        5.99229700e-02        6.65357350e-09  20.6454  20.5926
0202-12-20_19:15:57.242000      306.28        6.06516800e-02        6.59160350e-09  20.6454  20.5926
0202-12-20_19:15:57.438000      306.48        6.19191200e-02        1.12400135e-08  20.6567  20.6478
0202-12-20_19:15:57.645000      306.68        6.31004800e-02        1.04962635e-08  20.6567  20.6478
0202-12-20_19:15:57.844000      306.88        6.38128600e-02        1.29754135e-08  20.6567  20.6478
0202-12-20_19:15:58.035000      307.08        6.45846100e-02        1.28514635e-08  20.6567  20.6478
0202-12-20_19:15:58.230000      307.27        6.59707800e-02        1.27894835e-08  20.6567  20.6478
0202-12-20_19:15:58.438000      307.48        6.70378600e-02        9.19471350e-09  20.6567  20.6478
0202-12-20_19:15:58.630000      307.67        6.78185100e-02        1.94319350e-09  20.6665  20.3871
0202-12-20_19:15:58.820000      307.86        6.88633300e-02        1.26142350e-09  20.6665  20.3871
0202-12-20_19:15:59.043000      308.08        6.99155800e-02        1.87934350e-09  20.6665  20.3871
0202-12-20_19:15:59.258000      308.30        7.10657700e-02        2.62168350e-09  20.6665  20.3871
0202-12-20_19:15:59.457000      308.50        7.21759000e-02       -4.25936650e-09  20.6569  20.6573
0202-12-20_19:15:59.670000      308.71        7.29728700e-02       -6.30465650e-09  20.6569  20.6573
0202-12-20_19:15:59.867000      308.91        7.40043400e-02       -8.53589650e-09  20.6569  20.6573
0202-12-20_19:16:00.060000      309.10        7.47731100e-02        5.13003500e-10  20.6569  20.6573
0202-12-20_19:16:00.266000      309.31        7.60773500e-02        3.54996350e-09  20.6569  20.6573
0202-12-20_19:16:00.460000      309.50        7.69440700e-02        1.26608435e-08  20.6569  20.6573
0202-12-20_19:16:00.660000      309.70        7.79310200e-02        6.46296350e-09  20.6918  20.5750
0202-12-20_19:16:00.880000      309.92        7.90174000e-02        3.61194350e-09  20.6918  20.5750
0202-12-20_19:16:01.082000      310.12        7.99672400e-02        2.99215350e-09  20.6918  20.5750
0202-12-20_19:16:01.285000      310.33        8.11471100e-02        2.12445350e-09  20.6918  20.5750
0202-12-20_19:16:01.480000      310.52        8.17704500e-02        6.36963500e-10  20.6805  20.3566
0202-12-20_19:16:01.680000      310.72        8.30512400e-02       -4.75519650e-09  20.6805  20.3566
0202-12-20_19:16:01.870000      310.91        8.40226000e-02       -2.70989650e-09  20.6805  20.3566
0202-12-20_19:16:02.074000      311.11        8.49323700e-02        3.54996350e-09  20.6805  20.3566
0202-12-20_19:16:02.277000      311.32        8.60425000e-02        1.03056435e-08  20.6805  20.3566
0202-12-20_19:16:02.470000      311.51        8.67994000e-02        7.57858350e-09  20.6770  20.6799
0202-12-20_19:16:02.676000      311.71        8.76691000e-02        7.14473350e-09  20.6770  20.6799
0202-12-20_19:16:02.875000      311.92        8.87970300e-02        1.25674350e-09  20.6770  20.6799
0202-12-20_19:16:03.070000      312.11        8.96593100e-02        6.95879350e-09  20.6770  20.6799
0202-12-20_19:16:03.293000      312.33        9.04978400e-02        3.42600350e-09  20.6770  20.6799
0202-12-20_19:16:03.504000      312.55        9.17518600e-02        5.16141350e-09  20.6772  20.3950
0202-12-20_19:16:03.707000      312.75        9.30653100e-02        9.93377350e-09  20.6772  20.3950
0202-12-20_19:16:03.900000      312.94        9.38608000e-02        8.01243350e-09  20.6772  20.3950
0202-12-20_19:16:04.130000      313.17        9.49160100e-02        9.46853500e-10  20.6772  20.3950
0202-12-20_19:16:04.387000      313.43        9.58079700e-02       -2.70989650e-09  20.6772  20.3950
0202-12-20_19:16:04.594000      313.63        9.69967500e-02       -9.96140650e-09  20.7037  20.5821
0202-12-20_19:16:04.793000      313.84        9.76696200e-02       -5.74685650e-09  20.7037  20.5821
0202-12-20_19:16:05             314.04        9.86803100e-02        6.83520350e-09  20.7037  20.5821
0202-12-20_19:16:05.195000      314.23        9.99047100e-02        1.24755435e-08  20.7037  20.5821
0202-12-20_19:16:05.426000      314.47        1.00470200e-01        1.25377935e-08  20.7037  20.5821
0202-12-20_19:16:05.630000      314.67        1.01715300e-01        7.82741350e-09  20.6842  20.5392
0202-12-20_19:16:05.832000      314.87        1.02773500e-01        4.54253350e-09  20.6842  20.5392
0202-12-20_19:16:06.027000      315.07        1.03573500e-01        3.11702350e-09  20.6842  20.5392
0202-12-20_19:16:06.230000      315.27        1.05056100e-01       -7.25656500e-10  20.6842  20.5392
0202-12-20_19:16:06.434000      315.47        1.05713500e-01        3.48889350e-09  20.6978  20.3937
0202-12-20_19:16:06.630000      315.67        1.06535700e-01        3.36494350e-09  20.6978  20.3937
0202-12-20_19:16:06.832000      315.87        1.08055500e-01        1.19568350e-09  20.6978  20.3937
0202-12-20_19:16:07.027000      316.07        1.08640200e-01        1.50557350e-09  20.6978  20.3937
0202-12-20_19:16:07.223000      316.26        1.09423800e-01       -6.01706500e-10  20.6978  20.3937
0202-12-20_19:16:07.438000      316.48        1.10887200e-01        4.85243350e-09  20.6873  20.6470
0202-12-20_19:16:07.645000      316.69        1.11633700e-01        4.97638350e-09  20.6873  20.6470
0202-12-20_19:16:07.848000      316.89        1.12713400e-01        9.74875350e-09  20.6873  20.6470
0202-12-20_19:16:08.062000      317.10        1.13810200e-01        7.88939350e-09  20.6873  20.6470
0202-12-20_19:16:08.260000      317.30        1.14636900e-01        4.41858350e-09  20.6873  20.6470
0202-12-20_19:16:08.453000      317.49        1.15692100e-01        3.61285350e-09  20.6967  20.3746
0202-12-20_19:16:08.664000      317.70        1.16616700e-01        4.29462350e-09  20.6967  20.3746
0202-12-20_19:16:08.860000      317.90        1.17637800e-01        1.42043500e-10  20.6967  20.3746
0202-12-20_19:16:09.055000      318.09        1.18627700e-01       -2.91806500e-10  20.6967  20.3746