# Ic = 5.09 A, n = 24.50 , Tavg = 27.04 K, f37-6e20pm2-1200keV-0nA-27k
#datetime                        t_s     iHTS_A                vHTS_V                tHTS_K  tTAR_K
0202-03-17_17:01:55.270000      150517.51        1.87963000e-02       -2.74391471e-09  27.0319  26.5593
0202-03-17_17:01:55.470000      150517.72        5.16965900e-02       -4.41735471e-09  27.0134  26.6277
0202-03-17_17:01:55.670000      150517.92        9.93758900e-02       -7.82619471e-09  27.0134  26.6277
0202-03-17_17:01:55.867000      150518.11        1.50082800e-01       -1.15449347e-08  27.0134  26.6277
0202-03-17_17:01:56.060000      150518.30        1.99522300e-01       -5.90484471e-09  27.0134  26.6277
0202-03-17_17:01:56.260000      150518.51        2.44693400e-01        4.17015294e-10  27.0134  26.6277
0202-03-17_17:01:56.470000      150518.71        2.98563100e-01       -8.84544706e-10  27.0705  26.6176
0202-03-17_17:01:56.676000      150518.92        3.48368400e-01       -2.06214471e-09  27.0705  26.6176
0202-03-17_17:01:56.867000      150519.11        3.95495600e-01       -1.62829471e-09  27.0705  26.6176
0202-03-17_17:01:57.060000      150519.31        4.46990600e-01       -1.65652447e-08  27.0705  26.6176
0202-03-17_17:01:57.260000      150519.51        4.96289100e-01       -2.51803247e-08  27.0705  26.6176
0202-03-17_17:01:57.470000      150519.72        5.43907600e-01       -5.46823447e-08  27.0186  26.5993
0202-03-17_17:01:57.684000      150519.93        5.95763200e-01       -5.77813047e-08  27.0186  26.5993
0202-03-17_17:01:57.880000      150520.12        6.43297100e-01       -3.55928047e-08  27.0186  26.5993
0202-03-17_17:01:58.080000      150520.33        6.92322500e-01       -4.35881047e-08  27.0186  26.5993
0202-03-17_17:01:58.285000      150520.53        7.43973100e-01       -4.87323647e-08  27.0186  26.5993
0202-03-17_17:01:58.484000      150520.73        7.93694600e-01       -6.67062847e-08  27.0395  26.6055
0202-03-17_17:01:58.688000      150520.93        8.40122800e-01       -6.24297247e-08  27.0395  26.6055
0202-03-17_17:01:58.883000      150521.13        8.92362800e-01       -4.45177847e-08  27.0395  26.6055
0202-03-17_17:01:59.074000      150521.32        9.42108100e-01       -3.88776947e-08  27.0395  26.6055
0202-03-17_17:01:59.277000      150521.52        9.89879400e-01       -3.34235347e-08  27.0395  26.6055
0202-03-17_17:01:59.484000      150521.73        1.03979700e+00       -3.93115447e-08  27.0486  26.5836
0202-03-17_17:01:59.676000      150521.92        1.09081400e+00       -4.27823747e-08  27.0486  26.5836
0202-03-17_17:01:59.870000      150522.12        1.13866400e+00       -5.64177647e-08  27.0486  26.5836
0202-03-17_17:02:00.062000      150522.31        1.18797000e+00       -5.56120347e-08  27.0486  26.5836
0202-03-17_17:02:00.254000      150522.50        1.23968200e+00       -5.35667247e-08  27.0486  26.5836
0202-03-17_17:02:00.473000      150522.72        1.28949500e+00       -4.12948747e-08  27.0606  26.6179
0202-03-17_17:02:00.664000      150522.91        1.33754900e+00       -3.34854447e-08  27.0606  26.6179
0202-03-17_17:02:00.855000      150523.10        1.38833600e+00       -4.26582647e-08  27.0606  26.6179
0202-03-17_17:02:01.062000      150523.31        1.43767900e+00       -5.68513647e-08  27.0606  26.6179
0202-03-17_17:02:01.254000      150523.50        1.48484300e+00       -6.82555047e-08  27.0606  26.6179
0202-03-17_17:02:01.457000      150523.70        1.53756200e+00       -6.45367647e-08  27.0195  26.5559
0202-03-17_17:02:01.652000      150523.90        1.58699600e+00       -5.59216847e-08  27.0195  26.5559
0202-03-17_17:02:01.844000      150524.09        1.63207900e+00       -5.97024047e-08  27.0195  26.5559
0202-03-17_17:02:02.040000      150524.28        1.68579400e+00       -4.99097147e-08  27.0195  26.5559
0202-03-17_17:02:02.242000      150524.49        1.73560300e+00       -4.32779547e-08  27.0195  26.5559
0202-03-17_17:02:02.453000      150524.70        1.78521800e+00       -3.66461947e-08  27.0414  26.5954
0202-03-17_17:02:02.656000      150524.90        1.83386500e+00       -5.97024047e-08  27.0414  26.5954
0202-03-17_17:02:02.850000      150525.10        1.88460600e+00       -7.80481947e-08  27.0414  26.5954
0202-03-17_17:02:03.043000      150525.29        1.92927800e+00       -8.19528747e-08  27.0414  26.5954
0202-03-17_17:02:03.246000      150525.49        1.98351600e+00       -7.54450747e-08  27.0414  26.5954
0202-03-17_17:02:03.453000      150525.70        2.03374500e+00       -4.60670147e-08  27.0016  26.5712
0202-03-17_17:02:03.668000      150525.91        2.08182200e+00       -6.28633347e-08  27.0016  26.5712
0202-03-17_17:02:03.860000      150526.10        2.13320500e+00       -6.33591647e-08  27.0016  26.5712
0202-03-17_17:02:04.062000      150526.31        2.18231500e+00       -6.50325947e-08  27.0016  26.5712
0202-03-17_17:02:04.266000      150526.51        2.22931300e+00       -6.38549947e-08  27.0016  26.5712
0202-03-17_17:02:04.477000      150526.72        2.28186000e+00       -5.91445947e-08  27.0748  26.6172
0202-03-17_17:02:04.670000      150526.92        2.33106600e+00       -5.73471947e-08  27.0748  26.6172
0202-03-17_17:02:04.863000      150527.11        2.37646600e+00       -7.17883147e-08  27.0748  26.6172
0202-03-17_17:02:05.055000      150527.30        2.43026900e+00       -7.61268447e-08  27.0748  26.6172
0202-03-17_17:02:05.266000      150527.51        2.48020000e+00       -9.38528547e-08  27.0748  26.6172
0202-03-17_17:02:05.473000      150527.72        2.52691900e+00       -7.48872647e-08  27.0243  26.6284
0202-03-17_17:02:05.668000      150527.91        2.57974800e+00       -7.12924847e-08  27.0243  26.6284
0202-03-17_17:02:05.860000      150528.11        2.62922500e+00       -6.00742747e-08  27.0243  26.6284
0202-03-17_17:02:06.055000      150528.30        2.67415300e+00       -6.32971847e-08  27.0243  26.6284
0202-03-17_17:02:06.246000      150528.49        2.72794100e+00       -6.52185347e-08  27.0243  26.6284
0202-03-17_17:02:06.460000      150528.71        2.77812400e+00       -7.60028847e-08  27.0525  26.6158
0202-03-17_17:02:06.656000      150528.90        2.82578300e+00       -7.00532047e-08  27.0525  26.6158
0202-03-17_17:02:06.848000      150529.09        2.87707500e+00       -6.65826947e-08  27.0525  26.6158
0202-03-17_17:02:07.043000      150529.29        2.92477600e+00       -4.78034547e-08  27.0525  26.6158
0202-03-17_17:02:07.240000      150529.48        2.97434900e+00       -5.08404247e-08  27.0525  26.6158
0202-03-17_17:02:07.440000      150529.69        3.02604000e+00       -5.47451047e-08  27.0390  26.5853
0202-03-17_17:02:07.637000      150529.88        3.07582100e+00       -7.00539247e-08  27.0390  26.5853
0202-03-17_17:02:07.832000      150530.08        3.12089700e+00       -5.65424947e-08  27.0390  26.5853
0202-03-17_17:02:08.023000      150530.27        3.17477200e+00       -5.72242647e-08  27.0390  26.5853
0202-03-17_17:02:08.227000      150530.47        3.22455500e+00       -4.70597047e-08  27.0390  26.5853
0202-03-17_17:02:08.440000      150530.69        3.27302100e+00       -5.88357247e-08  27.0449  26.6187
0202-03-17_17:02:08.645000      150530.89        3.32352500e+00       -6.08810247e-08  27.0449  26.6187
0202-03-17_17:02:08.840000      150531.08        3.37363100e+00       -6.69549747e-08  27.0449  26.6187
0202-03-17_17:02:09.043000      150531.29        3.42133600e+00       -5.51169847e-08  27.0449  26.6187
0202-03-17_17:02:09.234000      150531.48        3.47064500e+00       -6.66450747e-08  27.0449  26.6187
0202-03-17_17:02:09.445000      150531.69        3.52242900e+00       -7.78013047e-08  27.0564  26.6389
0202-03-17_17:02:09.640000      150531.89        3.57090500e+00       -8.02184847e-08  27.0564  26.6389
0202-03-17_17:02:09.832000      150532.08        3.61985600e+00       -8.21398347e-08  27.0564  26.6389
0202-03-17_17:02:10.027000      150532.27        3.67109800e+00       -7.83591147e-08  27.0564  26.6389
0202-03-17_17:02:10.220000      150532.47        3.72106300e+00       -1.04390305e-07  27.0564  26.6389
0202-03-17_17:02:10.418000      150532.66        3.76721000e+00       -9.30481447e-08  27.0412  26.6017
0202-03-17_17:02:10.625000      150532.87        3.82025600e+00       -9.59611547e-08  27.0412  26.6017
0202-03-17_17:02:10.816000      150533.06        3.86983800e+00       -8.51768047e-08  27.0412  26.6017
0202-03-17_17:02:11.008000      150533.25        3.91500600e+00       -7.64997447e-08  27.0412  26.6017
0202-03-17_17:02:11.210000      150533.46        3.96940500e+00       -7.75533847e-08  27.0412  26.6017
0202-03-17_17:02:11.430000      150533.68        4.01905400e+00       -7.10455847e-08  27.0450  26.6173
0202-03-17_17:02:11.637000      150533.88        4.06804100e+00       -8.29455647e-08  27.0450  26.6173
0202-03-17_17:02:11.832000      150534.08        4.11810100e+00       -7.64377647e-08  27.0450  26.6173
0202-03-17_17:02:12.023000      150534.27        4.16343100e+00       -7.09216347e-08  27.0450  26.6173
0202-03-17_17:02:12.215000      150534.46        4.21694700e+00       -6.64591447e-08  27.0450  26.6173
0202-03-17_17:02:12.440000      150534.69        4.26686200e+00       -6.19966547e-08  27.0459  26.6125
0202-03-17_17:02:12.645000      150534.89        4.31420100e+00       -6.51582347e-08  27.0459  26.6125
0202-03-17_17:02:12.848000      150535.09        4.36622000e+00       -6.99314847e-08  27.0459  26.6125
0202-03-17_17:02:13.040000      150535.29        4.41440600e+00       -6.97462047e-08  27.0459  26.6125
0202-03-17_17:02:13.250000      150535.49        4.46274400e+00       -8.36914847e-08  27.0459  26.6125
0202-03-17_17:02:13.457000      150535.70        4.51575100e+00       -7.90430547e-08  27.0395  26.6289
0202-03-17_17:02:13.650000      150535.90        4.56550400e+00       -7.16675547e-08  27.0395  26.6289
0202-03-17_17:02:13.844000      150536.09        4.61002900e+00       -4.13598347e-08  27.0395  26.6289
0202-03-17_17:02:14.040000      150536.28        4.66398800e+00       -2.58031047e-08  27.0395  26.6289
0202-03-17_17:02:14.230000      150536.48        4.71384600e+00       -2.59270647e-08  27.0395  26.6289
0202-03-17_17:02:14.445000      150536.69        4.75980500e+00       -1.23536647e-08  27.0348  26.5934
0202-03-17_17:02:14.640000      150536.89        4.81340300e+00       -1.52046947e-08  27.0348  26.5934
0202-03-17_17:02:14.832000      150537.08        4.86270600e+00       -1.13000147e-08  27.0348  26.5934
0202-03-17_17:02:15.030000      150537.28        4.90797100e+00       -1.75598947e-08  27.0348  26.5934
0202-03-17_17:02:15.223000      150537.47        4.96218600e+00       -1.09281447e-08  27.0348  26.5934
0202-03-17_17:02:15.420000      150537.67        5.01197000e+00        2.01853153e-08  27.0506  26.6070
0202-03-17_17:02:15.620000      150537.87        5.06017600e+00        7.89413953e-08  27.0506  26.6070
0202-03-17_17:02:15.832000      150538.08        5.10879900e+00        1.28710525e-07  27.0506  26.6070
0202-03-17_17:02:16.023000      150538.27        5.16107500e+00        2.18580065e-07  27.0506  26.6070
0202-03-17_17:02:16.215000      150538.46        5.21026400e+00        2.87748625e-07  27.0506  26.6070
0202-03-17_17:02:16.420000      150538.67        5.25569900e+00        3.67081735e-07  27.0377  26.6139
0202-03-17_17:02:16.625000      150538.87        5.31041300e+00        5.00522515e-07  27.0377  26.6139
0202-03-17_17:02:16.830000      150539.07        5.35961100e+00        6.18530515e-07  27.0377  26.6139
0202-03-17_17:02:17.030000      150539.28        5.40729200e+00        8.12896635e-07  27.0377  26.6139
0202-03-17_17:02:17.223000      150539.47        5.45876600e+00        9.93875295e-07  27.0377  26.6139
0202-03-17_17:02:17.434000      150539.68        5.50926000e+00        1.29664269e-06  27.0375  26.5779
0202-03-17_17:02:17.630000      150539.87        5.55635500e+00        1.57579607e-06  27.0375  26.5779
0202-03-17_17:02:17.820000      150540.07        5.60784100e+00        1.89814881e-06  27.0375  26.5779
0202-03-17_17:02:18.027000      150540.27        5.65758500e+00        2.42658171e-06  27.0375  26.5779
0202-03-17_17:02:18.220000      150540.47        5.70502100e+00        3.72938014e-06  27.0375  26.5779
0202-03-17_17:02:18.430000      150540.67        5.75712000e+00        3.85718082e-06  27.0407  26.6381
0202-03-17_17:02:18.633000      150540.88        5.80603700e+00        5.43814180e-06  27.0407  26.6381
0202-03-17_17:02:18.824000      150541.07        5.85442900e+00        5.59476272e-06  27.0407  26.6381