# Ic = 5.45 A, n = 22.87 , Tavg = 25.04 K, f37-6e20pm2-1200keV-0nA-25k
#datetime                        t_s     iHTS_A                vHTS_V                tHTS_K  tTAR_K
0202-03-17_16:55:13.605000      150115.85        1.92581500e-02        3.82839308e-08  24.9839  24.5387
0202-03-17_16:55:13.810000      150116.06        5.15736100e-02        3.69823708e-08  24.9839  24.5387
0202-03-17_16:55:14.010000      150116.26        9.92172900e-02        3.79740408e-08  24.9839  24.5387
0202-03-17_16:55:14.203000      150116.45        1.48236700e-01        4.31182908e-08  24.9839  24.5387
0202-03-17_16:55:14.434000      150116.68        2.00611800e-01        4.02672608e-08  24.9839  24.5387
0202-03-17_16:55:14.637000      150116.88        2.47590600e-01        5.35307608e-08  25.0217  24.6279
0202-03-17_16:55:14.840000      150117.09        2.98679000e-01        3.15282208e-08  25.0217  24.6279
0202-03-17_16:55:15.043000      150117.29        3.48376700e-01        2.88011508e-08  25.0217  24.6279
0202-03-17_16:55:15.242000      150117.49        3.95480100e-01        3.40073808e-08  25.0217  24.6279
0202-03-17_16:55:15.453000      150117.70        4.47512100e-01        4.80146308e-08  24.9804  24.5872
0202-03-17_16:55:15.652000      150117.90        4.96908500e-01        3.66724808e-08  24.9804  24.5872
0202-03-17_16:55:15.844000      150118.09        5.42927100e-01        4.50396408e-08  24.9804  24.5872
0202-03-17_16:55:16.040000      150118.28        5.95544100e-01        4.42344408e-08  24.9804  24.5872
0202-03-17_16:55:16.242000      150118.49        6.45037000e-01        4.34308408e-08  24.9804  24.5872
0202-03-17_16:55:16.453000      150118.70        6.93483600e-01        3.39496608e-08  25.0353  24.5880
0202-03-17_16:55:16.668000      150118.92        7.44010900e-01        3.77934308e-08  25.0353  24.5880
0202-03-17_16:55:16.863000      150119.11        7.93863000e-01        2.82486608e-08  25.0353  24.5880
0202-03-17_16:55:17.062000      150119.31        8.38789400e-01        3.25252108e-08  25.0353  24.5880
0202-03-17_16:55:17.266000      150119.51        8.92843000e-01        2.52116908e-08  25.0353  24.5880
0202-03-17_16:55:17.477000      150119.72        9.42414600e-01        4.15741508e-08  24.9780  24.5992
0202-03-17_16:55:17.676000      150119.92        9.90307600e-01        3.40127108e-08  24.9780  24.5992
0202-03-17_16:55:17.867000      150120.11        1.04147000e+00        4.80199708e-08  24.9780  24.5992
0202-03-17_16:55:18.060000      150120.31        1.09147700e+00        5.03132008e-08  24.9780  24.5992
0202-03-17_16:55:18.266000      150120.51        1.13561500e+00        5.28543408e-08  24.9780  24.5992
0202-03-17_16:55:18.470000      150120.71        1.19010000e+00        4.44871708e-08  25.0364  24.5879
0202-03-17_16:55:18.676000      150120.92        1.24109500e+00        3.21533408e-08  25.0364  24.5879
0202-03-17_16:55:18.867000      150121.11        1.28768000e+00        2.00054508e-08  25.0364  24.5879
0202-03-17_16:55:19.070000      150121.31        1.33901800e+00        2.42820008e-08  25.0364  24.5879
0202-03-17_16:55:19.260000      150121.51        1.38907500e+00        3.10377208e-08  25.0364  24.5879
0202-03-17_16:55:19.460000      150121.71        1.43444800e+00        3.42606308e-08  24.9817  24.5902
0202-03-17_16:55:19.668000      150121.91        1.48812300e+00        3.68017708e-08  24.9817  24.5902
0202-03-17_16:55:19.860000      150122.11        1.53759800e+00        2.29804408e-08  24.9817  24.5902
0202-03-17_16:55:20.055000      150122.30        1.58256600e+00        2.45299208e-08  24.9817  24.5902
0202-03-17_16:55:20.246000      150122.49        1.63654600e+00        1.07705708e-08  24.9817  24.5902
0202-03-17_16:55:20.445000      150122.69        1.68691500e+00        7.54766077e-09  25.0364  24.6285
0202-03-17_16:55:20.640000      150122.89        1.73466700e+00        3.02319077e-09  25.0364  24.6285
0202-03-17_16:55:20.832000      150123.08        1.78331500e+00        1.15143208e-08  25.0364  24.6285
0202-03-17_16:55:21.040000      150123.28        1.83517700e+00        1.40554608e-08  25.0364  24.6285
0202-03-17_16:55:21.230000      150123.48        1.88518600e+00        1.33117108e-08  25.0364  24.6285
0202-03-17_16:55:21.434000      150123.68        1.92992200e+00        1.90757077e-09  24.9719  24.5558
0202-03-17_16:55:21.633000      150123.88        1.98392700e+00        2.21746077e-09  24.9719  24.5558
0202-03-17_16:55:21.830000      150124.07        2.03379300e+00       -1.37731923e-09  24.9719  24.5558
0202-03-17_16:55:22.020000      150124.26        2.07872500e+00        8.53950077e-09  24.9719  24.5558
0202-03-17_16:55:22.227000      150124.47        2.13252700e+00        1.05233508e-08  24.9719  24.5558
0202-03-17_16:55:22.430000      150124.68        2.18236400e+00        9.96623077e-09  25.0240  24.6271
0202-03-17_16:55:22.645000      150124.89        2.23142000e+00        1.46769908e-08  25.0240  24.6271
0202-03-17_16:55:22.840000      150125.08        2.28185600e+00        1.65983408e-08  25.0240  24.6271
0202-03-17_16:55:23.030000      150125.28        2.33114700e+00        1.90155208e-08  25.0240  24.6271
0202-03-17_16:55:23.223000      150125.47        2.37643100e+00        1.97592708e-08  25.0240  24.6271
0202-03-17_16:55:23.434000      150125.68        2.43075400e+00        3.82910108e-08  24.9711  24.5339
0202-03-17_16:55:23.625000      150125.87        2.48023600e+00        2.97998808e-08  24.9711  24.5339
0202-03-17_16:55:23.816000      150126.06        2.52515200e+00        2.31061408e-08  24.9711  24.5339
0202-03-17_16:55:24.023000      150126.27        2.57949700e+00        1.93874008e-08  24.9711  24.5339
0202-03-17_16:55:24.215000      150126.46        2.62927800e+00        2.94280108e-08  24.9711  24.5339
0202-03-17_16:55:24.438000      150126.68        2.67460600e+00        3.66795608e-08  25.0281  24.6277
0202-03-17_16:55:24.637000      150126.88        2.72873500e+00        3.14733108e-08  25.0281  24.6277
0202-03-17_16:55:24.836000      150127.08        2.77836000e+00        3.73613308e-08  25.0281  24.6277
0202-03-17_16:55:25.027000      150127.27        2.82416500e+00        2.53993708e-08  25.0281  24.6277
0202-03-17_16:55:25.230000      150127.47        2.87707100e+00        3.11634208e-08  25.0281  24.6277
0202-03-17_16:55:25.438000      150127.68        2.92679000e+00        2.47176008e-08  24.9726  24.5693
0202-03-17_16:55:25.633000      150127.88        2.97463800e+00        2.57712408e-08  24.9726  24.5693
0202-03-17_16:55:25.840000      150128.08        3.02618200e+00        2.40978108e-08  24.9726  24.5693
0202-03-17_16:55:26.030000      150128.28        3.07401600e+00        4.94627077e-09  24.9726  24.5693
0202-03-17_16:55:26.223000      150128.47        3.12294900e+00        4.63638077e-09  24.9726  24.5693
0202-03-17_16:55:26.438000      150128.68        3.17536200e+00        6.80565077e-09  25.0405  24.6036
0202-03-17_16:55:26.630000      150128.87        3.22472800e+00        3.52076077e-09  25.0405  24.6036
0202-03-17_16:55:26.820000      150129.07        3.26936200e+00        9.65668077e-09  25.0405  24.6036
0202-03-17_16:55:27.023000      150129.27        3.32380600e+00        1.21358508e-08  25.0405  24.6036
0202-03-17_16:55:27.220000      150129.46        3.37356700e+00        1.73420908e-08  25.0405  24.6036
0202-03-17_16:55:27.414000      150129.66        3.41839700e+00        1.30035508e-08  24.9804  24.6017
0202-03-17_16:55:27.620000      150129.87        3.47300700e+00        1.83957308e-08  24.9804  24.6017
0202-03-17_16:55:27.812000      150130.06        3.52258300e+00        1.16400108e-08  24.9804  24.6017
0202-03-17_16:55:28.008000      150130.25        3.56852800e+00        1.78377508e-08  24.9804  24.6017
0202-03-17_16:55:28.207000      150130.45        3.62168800e+00        1.97585908e-08  24.9804  24.6017
0202-03-17_16:55:28.410000      150130.66        3.67156300e+00        2.71334208e-08  24.9804  24.6017
0202-03-17_16:55:28.605000      150130.85        3.71907400e+00        2.97981808e-08  25.0335  24.5963
0202-03-17_16:55:28.812000      150131.06        3.77048300e+00        2.76289108e-08  25.0335  24.5963
0202-03-17_16:55:29.008000      150131.25        3.82047000e+00        3.12856808e-08  25.0335  24.5963
0202-03-17_16:55:29.203000      150131.45        3.86632700e+00        2.02534108e-08  25.0335  24.5963
0202-03-17_16:55:29.420000      150131.67        3.91951100e+00        4.51073077e-09  25.0335  24.5963
0202-03-17_16:55:29.637000      150131.88        3.96890100e+00        1.01508208e-08  24.9777  24.5870
0202-03-17_16:55:29.836000      150132.08        4.01844300e+00        1.54190408e-08  24.9777  24.5870
0202-03-17_16:55:30.030000      150132.28        4.06882200e+00        2.43440208e-08  24.9777  24.5870
0202-03-17_16:55:30.234000      150132.48        4.11647600e+00        8.78728077e-09  24.9777  24.5870
0202-03-17_16:55:30.440000      150132.69        4.16713800e+00        2.31044408e-08  25.0354  24.6276
0202-03-17_16:55:30.637000      150132.88        4.21794800e+00        2.73190208e-08  25.0354  24.6276
0202-03-17_16:55:30.830000      150133.07        4.26547900e+00        3.96528508e-08  25.0354  24.6276
0202-03-17_16:55:31.020000      150133.27        4.31463800e+00        2.59554808e-08  25.0354  24.6276
0202-03-17_16:55:31.220000      150133.46        4.36623000e+00        2.62653708e-08  25.0354  24.6276
0202-03-17_16:55:31.430000      150133.68        4.41644600e+00        4.00247208e-08  24.9787  24.5473
0202-03-17_16:55:31.637000      150133.88        4.46419100e+00        5.12429308e-08  24.9787  24.5473
0202-03-17_16:55:31.830000      150134.07        4.51529100e+00        2.95502608e-08  24.9787  24.5473
0202-03-17_16:55:32.020000      150134.27        4.56330000e+00        4.07688077e-09  24.9787  24.5473
0202-03-17_16:55:32.223000      150134.47        4.61234500e+00       -6.70747923e-09  24.9787  24.5473
0202-03-17_16:55:32.430000      150134.68        4.66493800e+00        1.26919608e-08  25.0332  24.6627
0202-03-17_16:55:32.633000      150134.88        4.71427900e+00        3.18434908e-08  25.0332  24.6627
0202-03-17_16:55:32.836000      150135.08        4.76095100e+00        3.12237008e-08  25.0332  24.6627
0202-03-17_16:55:33.027000      150135.27        4.81320900e+00        2.46539208e-08  25.0332  24.6627
0202-03-17_16:55:33.230000      150135.48        4.86307300e+00        1.80221608e-08  25.0332  24.6627
0202-03-17_16:55:33.438000      150135.68        4.91117900e+00        2.86825608e-08  24.9793  24.5624
0202-03-17_16:55:33.633000      150135.88        4.96221200e+00        3.12856808e-08  24.9793  24.5624
0202-03-17_16:55:33.840000      150136.09        5.01192600e+00        3.88471208e-08  24.9793  24.5624
0202-03-17_16:55:34.030000      150136.28        5.05921800e+00        3.95289308e-08  24.9793  24.5624
0202-03-17_16:55:34.223000      150136.47        5.11102900e+00        4.15742908e-08  24.9793  24.5624
0202-03-17_16:55:34.438000      150136.68        5.16108800e+00        4.71524808e-08  25.0448  24.6332
0202-03-17_16:55:34.633000      150136.88        5.20902100e+00        5.26066508e-08  25.0448  24.6332
0202-03-17_16:55:34.824000      150137.07        5.26004400e+00        7.20680708e-08  25.0448  24.6332
0202-03-17_16:55:35.020000      150137.27        5.30984900e+00        1.06404461e-07  25.0448  24.6332
0202-03-17_16:55:35.215000      150137.46        5.35627200e+00        1.34418991e-07  25.0448  24.6332
0202-03-17_16:55:35.414000      150137.66        5.40909600e+00        1.78919951e-07  24.9840  24.5891
0202-03-17_16:55:35.613000      150137.86        5.45931000e+00        2.22739131e-07  24.9840  24.5891
0202-03-17_16:55:35.805000      150138.05        5.50527400e+00        2.91721811e-07  24.9840  24.5891
0202-03-17_16:55:35.996000      150138.24        5.55820700e+00        3.41490981e-07  24.9840  24.5891
0202-03-17_16:55:36.200000      150138.45        5.60787300e+00        4.16981451e-07  24.9840  24.5891
0202-03-17_16:55:36.410000      150138.66        5.65648200e+00        5.07284921e-07  24.9840  24.5891
0202-03-17_16:55:36.605000      150138.85        5.70670500e+00        6.00315471e-07  25.0411  24.5794
0202-03-17_16:55:36.800000      150139.05        5.75661000e+00        7.22972001e-07  25.0411  24.5794
0202-03-17_16:55:36.992000      150139.24        5.80438800e+00        8.81204491e-07  25.0411  24.5794
0202-03-17_16:55:37.195000      150139.44        5.85347500e+00        1.06305101e-06  25.0411  24.5794