# Ic = 4.38 A, n = 22.65 , Tavg = 30.99 K, f37-6e20pm2-1200keV-0nA-31k
#datetime                        t_s     iHTS_A                vHTS_V                tHTS_K  tTAR_K
0202-03-17_17:47:54.150000      153276.40        2.26154100e-02        1.02796521e-08  31.0050  30.3488
0202-03-17_17:47:54.363000      153276.61        5.16020200e-02        1.33786021e-08  31.0050  30.3488
0202-03-17_17:47:54.566000      153276.81        1.00131700e-01        1.38124521e-08  30.9871  30.5154
0202-03-17_17:47:54.773000      153277.02        1.47394000e-01        1.38124521e-08  30.9871  30.5154
0202-03-17_17:47:54.965000      153277.21        1.99711100e-01        1.48665421e-08  30.9871  30.5154
0202-03-17_17:47:55.156000      153277.40        2.47328100e-01        1.09622021e-08  30.9871  30.5154
0202-03-17_17:47:55.383000      153277.63        2.97487600e-01        1.31318121e-08  30.9871  30.5154
0202-03-17_17:47:55.586000      153277.83        3.48357800e-01        1.59208621e-08  30.9945  30.5450
0202-03-17_17:47:55.790000      153278.04        3.95741700e-01        2.72630121e-08  30.9945  30.5450
0202-03-17_17:47:55.980000      153278.23        4.44922900e-01        2.56515621e-08  30.9945  30.5450
0202-03-17_17:47:56.184000      153278.43        4.96288800e-01        2.56515621e-08  30.9945  30.5450
0202-03-17_17:47:56.410000      153278.66        5.46500000e-01        2.26145921e-08  30.9945  30.5450
0202-03-17_17:47:56.617000      153278.86        5.96018100e-01        1.39375321e-08  30.9814  30.5055
0202-03-17_17:47:56.810000      153279.06        6.45111800e-01        9.66099214e-09  30.9814  30.5055
0202-03-17_17:47:57.004000      153279.25        6.89899500e-01        6.31412214e-09  30.9814  30.5055
0202-03-17_17:47:57.195000      153279.44        7.43870000e-01        1.12104621e-08  30.9814  30.5055
0202-03-17_17:47:57.426000      153279.67        7.93790300e-01        1.26979521e-08  30.9814  30.5055
0202-03-17_17:47:57.630000      153279.88        8.44236000e-01        7.61568214e-09  30.9762  30.5602
0202-03-17_17:47:57.820000      153280.07        8.92758300e-01        1.22021221e-08  30.9762  30.5602
0202-03-17_17:47:58.023000      153280.27        9.40934800e-01        6.37610214e-09  30.9762  30.5602
0202-03-17_17:47:58.227000      153280.47        9.89739000e-01        1.54250321e-08  30.9762  30.5602
0202-03-17_17:47:58.438000      153280.68        1.04175500e+00        1.41234721e-08  30.9831  30.5136
0202-03-17_17:47:58.633000      153280.88        1.08769000e+00        2.19948021e-08  30.9831  30.5136
0202-03-17_17:47:58.824000      153281.07        1.14081600e+00        1.16443121e-08  30.9831  30.5136
0202-03-17_17:47:59.020000      153281.27        1.19038500e+00        7.67766214e-09  30.9831  30.5136
0202-03-17_17:47:59.223000      153281.47        1.23800500e+00        4.26122143e-10  30.9831  30.5136
0202-03-17_17:47:59.434000      153281.68        1.28828300e+00        4.14486214e-09  30.9948  30.5148
0202-03-17_17:47:59.637000      153281.88        1.33926300e+00       -1.18532786e-09  30.9948  30.5148
0202-03-17_17:47:59.832000      153282.08        1.38588500e+00        2.53340214e-09  30.9948  30.5148
0202-03-17_17:48:00.023000      153282.27        1.43835300e+00        3.89694214e-09  30.9948  30.5148
0202-03-17_17:48:00.220000      153282.46        1.48778000e+00        5.13652214e-09  30.9948  30.5148
0202-03-17_17:48:00.438000      153282.68        1.53314100e+00        4.76465214e-09  30.9812  30.4965
0202-03-17_17:48:00.633000      153282.88        1.58736800e+00        8.91724214e-09  30.9812  30.4965
0202-03-17_17:48:00.836000      153283.08        1.63668700e+00        1.18304821e-08  30.9812  30.4965
0202-03-17_17:48:01.027000      153283.27        1.68384300e+00        1.35048121e-08  30.9812  30.4965
0202-03-17_17:48:01.223000      153283.47        1.73580500e+00        6.06801214e-09  30.9812  30.4965
0202-03-17_17:48:01.426000      153283.67        1.78577600e+00        1.20804221e-08  30.9838  30.5127
0202-03-17_17:48:01.620000      153283.87        1.83044900e+00        1.74726021e-08  30.9838  30.5127
0202-03-17_17:48:01.812000      153284.06        1.88449600e+00        2.57158021e-08  30.9838  30.5127
0202-03-17_17:48:02.004000      153284.25        1.93405400e+00        2.22449821e-08  30.9838  30.5127
0202-03-17_17:48:02.200000      153284.45        1.98194500e+00        1.61710421e-08  30.9838  30.5127
0202-03-17_17:48:02.414000      153284.66        2.03195900e+00        6.56429214e-09  30.9838  30.5127
0202-03-17_17:48:02.630000      153284.87        2.08342500e+00        1.28861521e-08  30.9922  30.5452
0202-03-17_17:48:02.820000      153285.07        2.13090900e+00        1.41877121e-08  30.9922  30.5452
0202-03-17_17:48:03.027000      153285.27        2.18003400e+00        1.80923921e-08  30.9922  30.5452
0202-03-17_17:48:03.220000      153285.47        2.23183600e+00        1.72246821e-08  30.9922  30.5452
0202-03-17_17:48:03.426000      153285.67        2.28171700e+00        1.44976021e-08  30.9758  30.4952
0202-03-17_17:48:03.637000      153285.88        2.32987600e+00        1.22663621e-08  30.9758  30.4952
0202-03-17_17:48:03.840000      153286.09        2.38107700e+00        1.18944921e-08  30.9758  30.4952
0202-03-17_17:48:04.030000      153286.28        2.43049600e+00        8.85751214e-09  30.9758  30.4952
0202-03-17_17:48:04.240000      153286.49        2.47844200e+00        1.02830321e-08  30.9758  30.4952
0202-03-17_17:48:04.453000      153286.70        2.52951400e+00        5.94450214e-09  30.9816  30.5234
0202-03-17_17:48:04.645000      153286.89        2.57958300e+00        8.36168214e-09  30.9816  30.5234
0202-03-17_17:48:04.840000      153287.08        2.62721500e+00        7.86585214e-09  30.9816  30.5234
0202-03-17_17:48:05.030000      153287.28        2.67594000e+00        1.03450121e-08  30.9816  30.5234
0202-03-17_17:48:05.223000      153287.47        2.72825500e+00        7.86585214e-09  30.9816  30.5234
0202-03-17_17:48:05.440000      153287.69        2.77855800e+00        1.12127221e-08  30.9822  30.4800
0202-03-17_17:48:05.637000      153287.88        2.82730400e+00        9.47730214e-09  30.9822  30.4800
0202-03-17_17:48:05.840000      153288.09        2.87730500e+00        1.43736521e-08  30.9822  30.4800
0202-03-17_17:48:06.035000      153288.28        2.92515900e+00        4.08513214e-09  30.9822  30.4800
0202-03-17_17:48:06.227000      153288.47        2.97458200e+00        1.37538621e-08  30.9822  30.4800
0202-03-17_17:48:06.420000      153288.67        3.02609400e+00        1.34439621e-08  30.9866  30.4950
0202-03-17_17:48:06.620000      153288.87        3.07654500e+00        1.72246821e-08  30.9866  30.4950
0202-03-17_17:48:06.816000      153289.06        3.12163300e+00        8.42438214e-09  30.9866  30.4950
0202-03-17_17:48:07.008000      153289.25        3.17499000e+00        1.22061821e-08  30.9866  30.4950
0202-03-17_17:48:07.215000      153289.46        3.22465500e+00        1.02239221e-08  30.9866  30.4950
0202-03-17_17:48:07.418000      153289.66        3.27069800e+00        1.11543221e-08  30.9929  30.5004
0202-03-17_17:48:07.617000      153289.86        3.32430500e+00        6.69183214e-09  30.9929  30.5004
0202-03-17_17:48:07.812000      153290.06        3.37362100e+00        8.48922214e-09  30.9929  30.5004
0202-03-17_17:48:08.004000      153290.25        3.41929800e+00        6.50589214e-09  30.9929  30.5004
0202-03-17_17:48:08.195000      153290.44        3.47272300e+00        2.53923214e-09  30.9929  30.5004
0202-03-17_17:48:08.406000      153290.65        3.52328100e+00        5.55902143e-10  30.9929  30.5004
0202-03-17_17:48:08.600000      153290.85        3.56851200e+00       -5.33209786e-09  30.9747  30.5062
0202-03-17_17:48:08.793000      153291.04        3.62175400e+00       -2.66700786e-09  30.9747  30.5062
0202-03-17_17:48:09.004000      153291.25        3.67145600e+00       -4.52637786e-09  30.9747  30.5062
0202-03-17_17:48:09.200000      153291.44        3.71910100e+00        6.79862143e-10  30.9747  30.5062
0202-03-17_17:48:09.400000      153291.64        3.77141100e+00        2.91111214e-09  30.9747  30.5062
0202-03-17_17:48:09.594000      153291.84        3.81913200e+00        1.84032143e-10  30.9743  30.5273
0202-03-17_17:48:09.790000      153292.03        3.86832600e+00       -3.11797857e-10  30.9743  30.5273
0202-03-17_17:48:09.996000      153292.24        3.91955600e+00        9.79078214e-09  30.9743  30.5273
0202-03-17_17:48:10.190000      153292.44        3.96953400e+00        9.54287214e-09  30.9743  30.5273
0202-03-17_17:48:10.390000      153292.64        4.01510300e+00        2.13188921e-08  30.9743  30.5273
0202-03-17_17:48:10.598000      153292.84        4.06930800e+00        3.01199121e-08  30.9907  30.5319
0202-03-17_17:48:10.790000      153293.04        4.11845200e+00        4.48089521e-08  30.9907  30.5319
0202-03-17_17:48:10.984000      153293.23        4.16417200e+00        6.02417321e-08  30.9907  30.5319
0202-03-17_17:48:11.188000      153293.43        4.21751900e+00        8.54672021e-08  30.9907  30.5319
0202-03-17_17:48:11.400000      153293.64        4.26925200e+00        1.05920292e-07  30.9907  30.5319
0202-03-17_17:48:11.610000      153293.85        4.31653200e+00        1.42611892e-07  30.9762  30.4960
0202-03-17_17:48:11.800000      153294.05        4.36666900e+00        1.78745672e-07  30.9762  30.4960
0202-03-17_17:48:12.004000      153294.25        4.41440500e+00        2.24796102e-07  30.9762  30.4960
0202-03-17_17:48:12.203000      153294.45        4.46391600e+00        2.98613152e-07  30.9762  30.4960
0202-03-17_17:48:12.406000      153294.65        4.51563900e+00        3.78752062e-07  30.9762  30.4960
0202-03-17_17:48:12.610000      153294.86        4.56351100e+00        5.22853352e-07  30.9873  30.5178
0202-03-17_17:48:12.805000      153295.05        4.61286000e+00        6.52636572e-07  30.9873  30.5178
0202-03-17_17:48:12.996000      153295.24        4.66405800e+00        8.04855712e-07  30.9873  30.5178
0202-03-17_17:48:13.200000      153295.45        4.71233200e+00        1.06925634e-06  30.9873  30.5178
0202-03-17_17:48:13.400000      153295.64        4.76168100e+00        1.30291671e-06  30.9873  30.5178
0202-03-17_17:48:13.598000      153295.84        4.81364400e+00        1.60270910e-06  30.9892  30.4989
0202-03-17_17:48:13.790000      153296.04        4.86161000e+00        2.07591873e-06  30.9892  30.4989
0202-03-17_17:48:13.980000      153296.23        4.91003900e+00        3.35516518e-06  30.9892  30.4989
0202-03-17_17:48:14.176000      153296.42        4.96203800e+00        3.46220290e-06  30.9892  30.4989
0202-03-17_17:48:14.383000      153296.63        5.01320600e+00        4.94219930e-06  30.9892  30.4989
0202-03-17_17:48:14.582000      153296.83        5.06088100e+00        6.05435037e-06  30.9863  30.5050
0202-03-17_17:48:14.785000      153297.03        5.11126800e+00        6.20279007e-06  30.9863  30.5050
0202-03-17_17:48:14.977000      153297.22        5.16107800e+00        8.86013937e-06  30.9863  30.5050
0202-03-17_17:48:15.180000      153297.43        5.20576400e+00        1.00290632e-05  30.9863  30.5050
0202-03-17_17:48:15.410000      153297.66        5.26208400e+00        1.18022822e-05  30.9863  30.5050
0202-03-17_17:48:15.617000      153297.86        5.30907300e+00        1.48256174e-05  30.9880  30.5246
0202-03-17_17:48:15.816000      153298.06        5.35879200e+00        1.71574530e-05  30.9880  30.5246
0202-03-17_17:48:16.008000      153298.25        5.40904800e+00        2.07446109e-05  30.9880  30.5246