# Ic =  nan A, n =  nan , Tavg = 29.07 K, f37-6e20pm2-1200keV-0nA-29k
#datetime                        t_s     iHTS_A                vHTS_V                tHTS_K  tTAR_K
0202-03-17_17:33:20.094000      152402.34        1.88577100e-02        3.43944887e-08  29.0281  28.5891
0202-03-17_17:33:20.390000      152402.64        4.77598200e-02        1.22059987e-08  29.0281  28.5891
0202-03-17_17:33:20.600000      152402.85        9.91362500e-02        8.17735875e-09  29.0247  28.6008
0202-03-17_17:33:20.793000      152403.04        1.50550800e-01        2.31143087e-08  29.0247  28.6008
0202-03-17_17:33:20.990000      152403.23        1.99681700e-01        1.17721388e-08  29.0247  28.6008
0202-03-17_17:33:21.190000      152403.44        2.47898400e-01       -7.75125125e-09  29.0247  28.6008
0202-03-17_17:33:21.402000      152403.65        2.97348400e-01        2.47466875e-09  29.0247  28.6008
0202-03-17_17:33:21.610000      152403.86        3.48576400e-01        9.35370875e-09  29.0318  28.6004
0202-03-17_17:33:21.800000      152404.05        3.95402500e-01        2.05090988e-08  29.0318  28.6004
0202-03-17_17:33:21.996000      152404.24        4.46976300e-01        1.58606788e-08  29.0318  28.6004
0202-03-17_17:33:22.195000      152404.44        4.96761700e-01        1.40632787e-08  29.0318  28.6004
0202-03-17_17:33:22.410000      152404.66        5.45877600e-01        2.53518875e-09  29.0285  28.5936
0202-03-17_17:33:22.617000      152404.86        5.96277500e-01        1.44351588e-08  29.0285  28.5936
0202-03-17_17:33:22.810000      152405.06        6.45157600e-01       -8.49707125e-09  29.0285  28.5936
0202-03-17_17:33:23.004000      152405.25        6.92912700e-01       -4.28250125e-09  29.0285  28.5936
0202-03-17_17:33:23.210000      152405.46        7.41407000e-01       -3.66271125e-09  29.0285  28.5936
0202-03-17_17:33:23.418000      152405.66        7.94272000e-01        3.58882875e-09  29.0279  28.5616
0202-03-17_17:33:23.613000      152405.86        8.41516600e-01       -1.19059212e-08  29.0279  28.5616
0202-03-17_17:33:23.805000      152406.05        8.90451600e-01        1.54352875e-09  29.0279  28.5616
0202-03-17_17:33:24             152406.24        9.42193100e-01       -1.80334125e-09  29.0279  28.5616
0202-03-17_17:33:24.195000      152406.44        9.92039400e-01        4.64247875e-09  29.0279  28.5616
0202-03-17_17:33:24.418000      152406.67        1.04078100e+00       -2.30621412e-08  29.0279  28.5616
0202-03-17_17:33:24.620000      152406.87        1.09146300e+00       -2.02111012e-08  29.0284  28.5961
0202-03-17_17:33:24.812000      152407.06        1.14066300e+00       -2.25043313e-08  29.0284  28.5961
0202-03-17_17:33:25.016000      152407.26        1.18562600e+00       -2.00871512e-08  29.0284  28.5961
0202-03-17_17:33:25.215000      152407.46        1.23973200e+00       -1.43231012e-08  29.0284  28.5961
0202-03-17_17:33:25.434000      152407.68        1.28976100e+00        9.91068875e-09  29.0306  28.5904
0202-03-17_17:33:25.630000      152407.88        1.33846800e+00        4.27059875e-09  29.0306  28.5904
0202-03-17_17:33:25.824000      152408.07        1.38849900e+00        1.09643287e-08  29.0306  28.5904
0202-03-17_17:33:26.016000      152408.26        1.43591700e+00       -5.39812125e-09  29.0306  28.5904
0202-03-17_17:33:26.223000      152408.47        1.48515000e+00        9.72474875e-09  29.0306  28.5904
0202-03-17_17:33:26.430000      152408.68        1.53780400e+00        9.72474875e-09  29.0449  28.5975
0202-03-17_17:33:26.620000      152408.87        1.58664600e+00        1.03445388e-08  29.0449  28.5975
0202-03-17_17:33:26.820000      152409.06        1.63156200e+00        1.77820188e-08  29.0449  28.5975
0202-03-17_17:33:27.010000      152409.26        1.68596200e+00        2.98679288e-08  29.0449  28.5975
0202-03-17_17:33:27.203000      152409.45        1.73515300e+00        2.77606387e-08  29.0449  28.5975
0202-03-17_17:33:27.420000      152409.67        1.78074000e+00        1.49307187e-08  29.0449  28.5975
0202-03-17_17:33:27.620000      152409.87        1.83531400e+00        3.34028875e-09  29.0391  28.5710
0202-03-17_17:33:27.812000      152410.06        1.88260400e+00        1.44342588e-08  29.0391  28.5710
0202-03-17_17:33:28.010000      152410.26        1.93140100e+00        1.31326987e-08  29.0391  28.5710
0202-03-17_17:33:28.203000      152410.45        1.98357200e+00        1.18311387e-08  29.0391  28.5710
0202-03-17_17:33:28.420000      152410.67        2.03384500e+00        6.56292875e-09  29.0403  28.5723
0202-03-17_17:33:28.620000      152410.87        2.08170700e+00        1.03436388e-08  29.0403  28.5723
0202-03-17_17:33:28.824000      152411.07        2.13243500e+00        3.01149387e-08  29.0403  28.5723
0202-03-17_17:33:29.023000      152411.27        2.18225500e+00        2.01982988e-08  29.0403  28.5723
0202-03-17_17:33:29.227000      152411.47        2.22851800e+00        1.56738388e-08  29.0403  28.5723
0202-03-17_17:33:29.434000      152411.68        2.27956200e+00        3.03048750e-10  29.0539  28.6081
0202-03-17_17:33:29.630000      152411.88        2.33132900e+00        4.26969875e-09  29.0539  28.6081
0202-03-17_17:33:29.836000      152412.08        2.37695200e+00        1.95165287e-08  29.0539  28.6081
0202-03-17_17:33:30.027000      152412.27        2.43037800e+00        1.38764488e-08  29.0539  28.6081
0202-03-17_17:33:30.230000      152412.48        2.48025100e+00        2.03842387e-08  29.0539  28.6081
0202-03-17_17:33:30.445000      152412.69        2.52891500e+00        5.32334875e-09  29.0090  28.5638
0202-03-17_17:33:30.650000      152412.89        2.57971700e+00       -4.34538125e-09  29.0090  28.5638
0202-03-17_17:33:30.840000      152413.09        2.62734200e+00        1.45582187e-08  29.0090  28.5638
0202-03-17_17:33:31.047000      152413.29        2.67620100e+00        3.12925388e-08  29.0090  28.5638
0202-03-17_17:33:31.240000      152413.48        2.72805400e+00        4.90185288e-08  29.0090  28.5638
0202-03-17_17:33:31.438000      152413.68        2.77801900e+00        3.16024387e-08  29.0741  28.6120
0202-03-17_17:33:31.637000      152413.88        2.82591400e+00        2.08800688e-08  29.0741  28.6120
0202-03-17_17:33:31.832000      152414.08        2.87444600e+00        6.19104875e-09  29.0741  28.6120
0202-03-17_17:33:32.023000      152414.27        2.92650700e+00        4.82750875e-09  29.0741  28.6120
0202-03-17_17:33:32.227000      152414.47        2.97657400e+00        1.23272875e-09  29.0741  28.6120
0202-03-17_17:33:32.434000      152414.68        3.02411700e+00       -9.05578125e-09  29.0384  28.5962
0202-03-17_17:33:32.652000      152414.90        3.07733400e+00        7.43062875e-09  29.0384  28.5962
0202-03-17_17:33:32.844000      152415.09        3.12066900e+00        1.47441487e-08  29.0384  28.5962
0202-03-17_17:33:33.050000      152415.30        3.17480300e+00        1.46821687e-08  29.0384  28.5962
0202-03-17_17:33:33.250000      152415.50        3.22453600e+00       -2.11385125e-09  29.0384  28.5962
0202-03-17_17:33:33.460000      152415.71        3.27211900e+00       -2.15128512e-08  29.0674  28.6003
0202-03-17_17:33:33.656000      152415.90        3.32394600e+00       -3.14289212e-08  29.0674  28.6003
0202-03-17_17:33:33.848000      152416.10        3.37362800e+00       -2.34334913e-08  29.0674  28.6003
0202-03-17_17:33:34.043000      152416.29        3.41899300e+00       -4.52989125e-09  29.0674  28.6003
0202-03-17_17:33:34.246000      152416.49        3.47285900e+00        2.22581875e-09  29.0674  28.6003
0202-03-17_17:33:34.445000      152416.69        3.52281600e+00        6.76348750e-10  29.0141  28.5689
0202-03-17_17:33:34.652000      152416.90        3.56972700e+00       -3.60020125e-09  29.0141  28.5689
0202-03-17_17:33:34.848000      152417.09        3.62178700e+00       -5.14968125e-09  29.0141  28.5689
0202-03-17_17:33:35.040000      152417.28        3.67142700e+00        6.68830875e-09  29.0141  28.5689
0202-03-17_17:33:35.242000      152417.49        3.71644500e+00       -2.67052125e-09  29.0141  28.5689
0202-03-17_17:33:35.453000      152417.70        3.77052800e+00       -9.35111250e-10  29.0709  28.6124
0202-03-17_17:33:35.664000      152417.91        3.81897200e+00       -1.40126813e-08  29.0709  28.6124
0202-03-17_17:33:35.855000      152418.10        3.86853300e+00        4.89091875e-09  29.0709  28.6124
0202-03-17_17:33:36.050000      152418.30        3.91917500e+00        1.27002687e-08  29.0709  28.6124
0202-03-17_17:33:36.242000      152418.49        3.96749700e+00       -2.29865125e-09  29.0709  28.6124
0202-03-17_17:33:36.453000      152418.70        4.01696200e+00       -1.33928912e-08  29.0147  28.5673
0202-03-17_17:33:36.650000      152418.89        4.06843300e+00       -3.06850313e-08  29.0147  28.5673
0202-03-17_17:33:36.840000      152419.09        4.11827100e+00       -2.66564012e-08  29.0147  28.5673
0202-03-17_17:33:37.035000      152419.28        4.16326700e+00       -2.82678512e-08  29.0147  28.5673
0202-03-17_17:33:37.240000      152419.49        4.21717300e+00       -1.48184113e-08  29.0147  28.5673
0202-03-17_17:33:37.450000      152419.69        4.26812000e+00       -9.61217125e-09  29.0536  28.5953
0202-03-17_17:33:37.652000      152419.90        4.31506800e+00        1.80508750e-10  29.0536  28.5953
0202-03-17_17:33:37.844000      152420.09        4.36644600e+00       -5.42125000e-12  29.0536  28.5953
0202-03-17_17:33:38.035000      152420.28        4.41624500e+00        7.67997875e-09  29.0536  28.5953
0202-03-17_17:33:38.227000      152420.47        4.46417300e+00        2.96205488e-08  29.0536  28.5953
0202-03-17_17:33:38.438000      152420.68        4.51332400e+00        4.48053987e-08  28.9948  28.5192
0202-03-17_17:33:38.633000      152420.88        4.56551100e+00        7.87698988e-08  28.9948  28.5192
0202-03-17_17:33:38.830000      152421.07        4.61508400e+00        9.57521487e-08  28.9948  28.5192
0202-03-17_17:33:39.030000      152421.28        4.65983600e+00        1.68267589e-07  28.9948  28.5192
0202-03-17_17:33:39.227000      152421.47        4.71401200e+00        2.11591379e-07  28.9948  28.5192
0202-03-17_17:33:39.434000      152421.68        4.76403200e+00        2.74190889e-07  29.0398  28.5861
0202-03-17_17:33:39.630000      152421.87        4.81204700e+00        3.49806239e-07  29.0398  28.5861
0202-03-17_17:33:39.820000      152422.07        4.86310800e+00        4.35709419e-07  29.0398  28.5861
0202-03-17_17:33:40.010000      152422.26        4.91291100e+00        5.35929529e-07  29.0398  28.5861
0202-03-17_17:33:40.215000      152422.46        4.95801200e+00        6.50342849e-07  29.0398  28.5861
0202-03-17_17:33:40.420000      152422.67        5.01180800e+00        8.44461209e-07  29.0320  28.5973
0202-03-17_17:33:40.617000      152422.86        5.06203900e+00        1.03002647e-06  29.0320  28.5973
0202-03-17_17:33:40.820000      152423.07        5.10674800e+00        1.33186440e-06  29.0320  28.5973
0202-03-17_17:33:41.016000      152423.26        5.16097100e+00        1.60240293e-06  29.0320  28.5973
0202-03-17_17:33:41.207000      152423.45        5.21079800e+00        1.92134708e-06  29.0320  28.5973
0202-03-17_17:33:41.420000      152423.67        5.25969300e+00        2.45734184e-06  29.0320  28.5973
0202-03-17_17:33:41.637000      152423.88        5.31156500e+00        3.82571513e-06  29.0209  28.5681
0202-03-17_17:33:41.832000      152424.08        5.35994000e+00        3.90678372e-06  29.0209  28.5681
0202-03-17_17:33:42.035000      152424.28        5.40493500e+00        5.27868981e-06  29.0209  28.5681
0202-03-17_17:33:42.230000      152424.47        5.45899500e+00        6.77033936e-06  29.0209  28.5681
0202-03-17_17:33:42.434000      152424.68        5.50857400e+00        6.90904846e-06  29.0099  28.5885
0202-03-17_17:33:42.650000      152424.89        5.55545200e+00        8.25114266e-06  29.0099  28.5885
0202-03-17_17:33:42.844000      152425.09        5.60819900e+00        1.08302765e-05  29.0099  28.5885
0202-03-17_17:33:43.040000      152425.28        5.65799500e+00        1.21824732e-05  29.0099  28.5885
0202-03-17_17:33:43.242000      152425.49        5.70283500e+00        1.56835452e-05  29.0099  28.5885
0202-03-17_17:33:43.453000      152425.70        5.75694200e+00        1.84106229e-05  29.0704  28.5716
0202-03-17_17:33:43.660000      152425.91        5.80524100e+00        2.17785638e-05  29.0704  28.5716