# Ic = 34.80 A, n = 45.12 , Tavg = 20.12 K, f37-0e0pm2-20k
#datetime                        t_s     iHTS_A                vHTS_V                tHTS_K  tTAR_K
0202-03-15_13:30:57.285000      8650.48       -4.30501300e-01       -3.97006105e-08  20.0990  19.6412
0202-03-15_13:30:57.688000      8650.88       -3.86960800e-01       -2.60032805e-08  20.0990  19.6412
0202-03-15_13:30:58.100000      8651.30       -1.94088800e-01       -3.31928305e-08  20.1344  19.7958
0202-03-15_13:30:58.504000      8651.70        1.91493400e-01       -4.19938305e-08  20.1344  19.7958
0202-03-15_13:30:58.902000      8652.10        3.96821800e-01       -4.47209005e-08  20.1203  19.6268
0202-03-15_13:30:59.293000      8652.49        7.87230500e-01       -2.89162805e-08  20.1203  19.6268
0202-03-15_13:30:59.750000      8652.94        1.17647500e+00       -4.19938305e-08  20.1203  19.6268
0202-03-15_13:31:00.150000      8653.35        1.38149800e+00       -5.06708805e-08  20.1489  19.7584
0202-03-15_13:31:00.543000      8653.74        1.76775800e+00       -3.91428005e-08  20.1489  19.7584
0202-03-15_13:31:00.940000      8654.14        1.97768200e+00       -6.25708205e-08  20.1152  19.6989
0202-03-15_13:31:01.348000      8654.54        2.36550400e+00       -4.78198505e-08  20.1152  19.6989
0202-03-15_13:31:01.758000      8654.95        2.57515600e+00       -7.20547105e-08  20.1569  19.6618
0202-03-15_13:31:02.168000      8655.36        2.96431100e+00       -6.51135505e-08  20.1569  19.6618
0202-03-15_13:31:02.570000      8655.77        3.16989200e+00       -5.51969305e-08  20.1569  19.6618
0202-03-15_13:31:02.973000      8656.17        3.55413700e+00       -5.73661905e-08  20.1031  19.7810
0202-03-15_13:31:03.367000      8656.56        3.74002200e+00       -5.68083805e-08  20.1031  19.7810
0202-03-15_13:31:03.773000      8656.97        4.14993800e+00       -6.23245005e-08  20.1515  19.6368
0202-03-15_13:31:04.184000      8657.38        4.33733500e+00       -7.28609105e-08  20.1515  19.6368
0202-03-15_13:31:04.580000      8657.77        4.74591400e+00       -7.00098805e-08  20.1515  19.6368
0202-03-15_13:31:04.970000      8658.17        4.92696100e+00       -7.99265005e-08  20.0973  19.7231
0202-03-15_13:31:05.367000      8658.56        5.34125300e+00       -8.19098205e-08  20.0973  19.7231
0202-03-15_13:31:05.812000      8659.01        5.52649800e+00       -8.99670805e-08  20.1515  19.7398
0202-03-15_13:31:06.207000      8659.40        5.91508400e+00       -8.97191605e-08  20.1515  19.7398
0202-03-15_13:31:06.598000      8659.79        6.12087900e+00       -1.06267521e-07  20.1515  19.7398
0202-03-15_13:31:06.996000      8660.19        6.51206300e+00       -1.15192481e-07  20.0963  19.6064
0202-03-15_13:31:07.395000      8660.59        6.71412500e+00       -1.04034350e-07  20.0963  19.6064
0202-03-15_13:31:07.812000      8661.01        7.10423900e+00       -1.15435571e-07  20.1359  19.8058
0202-03-15_13:31:08.215000      8661.41        7.30904600e+00       -1.09547571e-07  20.1359  19.8058
0202-03-15_13:31:08.617000      8661.81        7.69736900e+00       -9.72137605e-08  20.1359  19.8058
0202-03-15_13:31:09.020000      8662.22        7.90293800e+00       -9.83913605e-08  20.1057  19.6125
0202-03-15_13:31:09.420000      8662.62        8.29221800e+00       -8.29586005e-08  20.1057  19.6125
0202-03-15_13:31:09.816000      8663.01        8.49872700e+00       -1.12956410e-07  20.1174  19.7392
0202-03-15_13:31:10.210000      8663.41        8.88886200e+00       -1.23740751e-07  20.1174  19.7392
0202-03-15_13:31:10.605000      8663.80        9.28017200e+00       -1.01428330e-07  20.1174  19.7392
0202-03-15_13:31:11.004000      8664.20        9.48543500e+00       -9.65319905e-08  20.0957  19.6998
0202-03-15_13:31:11.406000      8664.60        9.87624900e+00       -8.94044105e-08  20.0957  19.6998
0202-03-15_13:31:11.816000      8665.01        1.00819800e+01       -9.04580505e-08  20.1205  19.6495
0202-03-15_13:31:12.210000      8665.41        1.04689500e+01       -1.10849131e-07  20.1205  19.6495
0202-03-15_13:31:12.600000      8665.80        1.06741700e+01       -1.26157920e-07  20.1205  19.6495
0202-03-15_13:31:12.996000      8666.19        1.10646400e+01       -1.33657381e-07  20.0755  19.7462
0202-03-15_13:31:13.400000      8666.59        1.12696200e+01       -1.17603731e-07  20.0755  19.7462
0202-03-15_13:31:13.816000      8667.01        1.16581100e+01       -8.84725205e-08  20.1275  19.6289
0202-03-15_13:31:14.210000      8667.41        1.18426300e+01       -9.20673005e-08  20.1275  19.6289
0202-03-15_13:31:14.617000      8667.81        1.22583300e+01       -8.29563905e-08  20.1275  19.6289
0202-03-15_13:31:15.020000      8668.22        1.24400300e+01       -9.20053205e-08  20.0645  19.7037
0202-03-15_13:31:15.410000      8668.61        1.28507300e+01       -6.83293605e-08  20.0645  19.7037
0202-03-15_13:31:15.812000      8669.01        1.30357800e+01       -7.12423705e-08  20.1179  19.7015
0202-03-15_13:31:16.207000      8669.40        1.34451900e+01       -8.89063705e-08  20.1179  19.7015
0202-03-15_13:31:16.600000      8669.80        1.36321600e+01       -9.13855305e-08  20.1179  19.7015
0202-03-15_13:31:17.004000      8670.20        1.40239400e+01       -8.98980405e-08  20.0537  19.6012
0202-03-15_13:31:17.406000      8670.60        1.42284800e+01       -8.46298305e-08  20.0537  19.6012
0202-03-15_13:31:17.812000      8671.01        1.46193500e+01       -1.00496441e-07  20.0926  19.7779
0202-03-15_13:31:18.207000      8671.40        1.48259000e+01       -8.92782505e-08  20.0926  19.7779
0202-03-15_13:31:18.598000      8671.80        1.52118400e+01       -8.89683505e-08  20.0926  19.7779
0202-03-15_13:31:19.016000      8672.21        1.54135600e+01       -8.14687805e-08  20.0625  19.5934
0202-03-15_13:31:19.414000      8672.61        1.58076200e+01       -7.35966605e-08  20.0625  19.5934
0202-03-15_13:31:19.820000      8673.02        1.60122900e+01       -8.09719305e-08  20.0777  19.7291
0202-03-15_13:31:20.223000      8673.42        1.64032200e+01       -7.46500705e-08  20.0777  19.7291
0202-03-15_13:31:20.625000      8673.82        1.66061900e+01       -7.11792505e-08  20.0777  19.7291
0202-03-15_13:31:21.020000      8674.21        1.69937000e+01       -6.21303205e-08  20.0545  19.6581
0202-03-15_13:31:21.414000      8674.61        1.73867900e+01       -6.25021905e-08  20.0545  19.6581
0202-03-15_13:31:21.812000      8675.01        1.75845900e+01       -7.92365205e-08  20.0774  19.6024
0202-03-15_13:31:22.210000      8675.41        1.79774600e+01       -5.33912805e-08  20.0774  19.6024
0202-03-15_13:31:22.620000      8675.82        1.81813800e+01       -5.97751105e-08  20.0774  19.6024
0202-03-15_13:31:23.027000      8676.22        1.85726800e+01       -5.99610505e-08  20.0489  19.7453
0202-03-15_13:31:23.430000      8676.63        1.87785400e+01       -5.79777205e-08  20.0489  19.7453
0202-03-15_13:31:23.844000      8677.04        1.91671900e+01       -3.82064305e-08  20.0905  19.6035
0202-03-15_13:31:24.246000      8677.44        1.93736900e+01       -4.26689105e-08  20.0905  19.6035
0202-03-15_13:31:24.650000      8677.85        1.97625700e+01       -4.43423505e-08  20.0905  19.6035
0202-03-15_13:31:25.066000      8678.26        1.99667300e+01       -4.08089805e-08  20.0262  19.6828
0202-03-15_13:31:25.473000      8678.67        2.03567800e+01       -3.42383705e-08  20.0262  19.6828
0202-03-15_13:31:25.875000      8679.07        2.05414500e+01       -4.06841905e-08  20.0861  19.6755
0202-03-15_13:31:26.277000      8679.47        2.09538400e+01       -3.84529505e-08  20.0861  19.6755
0202-03-15_13:31:26.727000      8679.92        2.11378000e+01       -4.96711505e-08  20.0861  19.6755
0202-03-15_13:31:27.130000      8680.32        2.15482000e+01       -4.02503405e-08  20.0284  19.5551
0202-03-15_13:31:27.527000      8680.72        2.17319000e+01       -2.06029905e-08  20.0284  19.5551
0202-03-15_13:31:27.934000      8681.13        2.21435000e+01       -1.39712405e-08  20.0668  19.7605
0202-03-15_13:31:28.332000      8681.53        2.23272100e+01       -2.04790305e-08  20.0668  19.7605
0202-03-15_13:31:28.742000      8681.94        2.27189500e+01       -3.49201405e-08  20.0668  19.7605
0202-03-15_13:31:29.152000      8682.35        2.29248700e+01       -3.26889005e-08  20.0346  19.5413
0202-03-15_13:31:29.555000      8682.75        2.33128700e+01       -1.37233205e-08  20.0346  19.5413
0202-03-15_13:31:29.960000      8683.16        2.35191600e+01       -1.76137050e-09  20.0659  19.7062
0202-03-15_13:31:30.363000      8683.56        2.39093200e+01       -2.38116050e-09  20.0659  19.7062
0202-03-15_13:31:30.770000      8683.97        2.41153400e+01       -2.90321405e-08  20.0442  19.6289
0202-03-15_13:31:31.195000      8684.39        2.45044900e+01       -2.37046905e-08  20.0442  19.6289
0202-03-15_13:31:31.598000      8684.79        2.47112200e+01       -2.67423405e-08  20.0442  19.6289
0202-03-15_13:31:32.008000      8685.20        2.51001000e+01       -4.25469705e-08  20.0705  19.5962
0202-03-15_13:31:32.410000      8685.60        2.54893700e+01        5.28409500e-10  20.0705  19.5962
0202-03-15_13:31:32.820000      8686.01        2.56993400e+01       -6.10334050e-09  20.0317  19.7120
0202-03-15_13:31:33.215000      8686.41        2.60850800e+01       -1.88877050e-09  20.0317  19.7120
0202-03-15_13:31:33.605000      8686.80        2.62891500e+01       -9.94604050e-09  20.0317  19.7120
0202-03-15_13:31:34             8687.20        2.66794600e+01       -1.98006905e-08  20.0896  19.6187
0202-03-15_13:31:34.406000      8687.60        2.68861500e+01       -4.14313505e-08  20.0896  19.6187
0202-03-15_13:31:34.810000      8688.00        2.72753600e+01       -3.12668005e-08  20.0240  19.6954
0202-03-15_13:31:35.207000      8688.40        2.74785300e+01       -3.21964805e-08  20.0240  19.6954
0202-03-15_13:31:35.600000      8688.80        2.78670300e+01       -2.39532805e-08  20.0240  19.6954
0202-03-15_13:31:35.996000      8689.19        2.80770300e+01       -9.26427050e-09  20.0865  19.6550
0202-03-15_13:31:36.402000      8689.60        2.84661500e+01       -8.76844050e-09  20.0865  19.6550
0202-03-15_13:31:36.812000      8690.01        2.86724700e+01       -1.26891050e-09  20.0283  19.5733
0202-03-15_13:31:37.207000      8690.40        2.90611700e+01       -1.63296205e-08  20.0283  19.5733
0202-03-15_13:31:37.598000      8690.79        2.92465100e+01       -1.96764805e-08  20.0283  19.5733
0202-03-15_13:31:37.992000      8691.19        2.96544000e+01        5.42499950e-09  20.0755  19.7361
0202-03-15_13:31:38.387000      8691.58        2.98423700e+01        1.63952695e-08  20.0755  19.7361
0202-03-15_13:31:38.790000      8691.99        3.02517300e+01        1.12510195e-08  20.0501  19.5655
0202-03-15_13:31:39.184000      8692.38        3.04374400e+01       -1.34166105e-08  20.0501  19.5655
0202-03-15_13:31:39.580000      8692.77        3.08493700e+01        5.05311950e-09  20.0501  19.5655
0202-03-15_13:31:39.984000      8693.18        3.10343800e+01       -2.32237050e-09  20.0751  19.7181
0202-03-15_13:31:40.387000      8693.58        3.14274500e+01       -8.95412050e-09  20.0751  19.7181
0202-03-15_13:31:40.797000      8693.99        3.16306500e+01        1.06932095e-08  20.0612  19.6248
0202-03-15_13:31:41.200000      8694.39        3.20265900e+01        2.16015095e-08  20.0612  19.6248
0202-03-15_13:31:41.600000      8694.80        3.22318500e+01        5.17707950e-09  20.0612  19.6248
0202-03-15_13:31:41.996000      8695.19        3.26184400e+01       -4.01030500e-10  20.0947  19.6187
0202-03-15_13:31:42.387000      8695.58        3.28212000e+01        1.80686995e-08  20.0947  19.6187
0202-03-15_13:31:42.793000      8695.99        3.32116200e+01        1.57749895e-08  20.0529  19.7149
0202-03-15_13:31:43.203000      8696.40        3.36016500e+01        6.41567950e-09  20.0529  19.7149
0202-03-15_13:31:43.605000      8696.80        3.38078700e+01        5.29618695e-08  20.0529  19.7149
0202-03-15_13:31:44.010000      8697.21        3.41964700e+01        8.24018695e-08  20.1001  19.5897
0202-03-15_13:31:44.414000      8697.61        3.44032400e+01        1.44194889e-07  20.1001  19.5897
0202-03-15_13:31:44.830000      8698.02        3.47926100e+01        2.10698299e-07  20.0475  19.6870
0202-03-15_13:31:45.230000      8698.43        3.49966600e+01        2.92448540e-07  20.0475  19.6870
0202-03-15_13:31:45.633000      8698.83        3.53903300e+01        4.58118270e-07  20.0475  19.6870
0202-03-15_13:31:46.035000      8699.23        3.55945500e+01        6.12073979e-07  20.1209  19.6681
0202-03-15_13:31:46.430000      8699.62        3.59876700e+01        8.73129319e-07  20.1209  19.6681
0202-03-15_13:31:46.824000      8700.02        3.61902500e+01        1.24085044e-06  20.0584  19.5921
0202-03-15_13:31:47.220000      8700.41        3.65843000e+01        1.78105897e-06  20.0584  19.5921
0202-03-15_13:31:47.620000      8700.82        3.67915900e+01        2.39743963e-06  20.0584  19.5921
0202-03-15_13:31:48.027000      8701.22        3.71792300e+01        4.09361755e-06  20.1185  19.7711
0202-03-15_13:31:48.418000      8701.61        3.73611500e+01        5.14347897e-06  20.1185  19.7711
0202-03-15_13:31:48.830000      8702.02        3.77761100e+01        8.05834409e-06  20.0901  19.5839
0202-03-15_13:31:49.240000      8702.43        3.79612100e+01        1.00594576e-05  20.0901  19.5839
0202-03-15_13:31:49.640000      8702.84        3.83667300e+01        1.63384184e-05  20.0901  19.5839
0202-03-15_13:31:50.043000      8703.24        3.85568600e+01        2.16240427e-05  20.1244  19.7581