# Ic = 2.38 A, n = 22.16 , Tavg = 44.92 K, f37-6e20pm2-1200keV-0nA-45k
#datetime                        t_s     iHTS_A                vHTS_V                tHTS_K  tTAR_K
0202-03-17_21:06:53.250000      165215.50        5.14674000e-02        4.84865462e-09  44.9286  44.2647
0202-03-17_21:06:53.457000      165215.70        4.89088700e-02        1.54470346e-08  44.9291  44.2583
0202-03-17_21:06:53.656000      165215.90        9.98608600e-02        1.50751646e-08  44.9291  44.2583
0202-03-17_21:06:53.848000      165216.09        1.48120600e-01        1.18522646e-08  44.9291  44.2583
0202-03-17_21:06:54.050000      165216.30        1.96312100e-01        1.74971462e-09  44.9291  44.2583
0202-03-17_21:06:54.254000      165216.50        2.48448400e-01        1.50179462e-09  44.9291  44.2583
0202-03-17_21:06:54.457000      165216.70        2.98866100e-01       -1.96902538e-09  44.9295  44.2625
0202-03-17_21:06:54.660000      165216.91        3.46425400e-01        4.97261462e-09  44.9295  44.2625
0202-03-17_21:06:54.850000      165217.10        3.97533200e-01        1.06794462e-09  44.9295  44.2625
0202-03-17_21:06:55.047000      165217.29        4.46859400e-01        1.06746646e-08  44.9295  44.2625
0202-03-17_21:06:55.250000      165217.50        4.91977200e-01        4.53875462e-09  44.9295  44.2625
0202-03-17_21:06:55.460000      165217.71        5.46185400e-01        7.39056462e-09  44.9297  44.2621
0202-03-17_21:06:55.668000      165217.91        5.95360900e-01        6.70958462e-09  44.9297  44.2621
0202-03-17_21:06:55.860000      165218.11        6.42385800e-01        1.28465446e-08  44.9297  44.2621
0202-03-17_21:06:56.050000      165218.30        6.94301000e-01        1.00574946e-08  44.9297  44.2621
0202-03-17_21:06:56.246000      165218.49        7.43866800e-01        1.27845646e-08  44.9297  44.2621
0202-03-17_21:06:56.453000      165218.70        7.92375900e-01        1.11111346e-08  44.9258  44.2545
0202-03-17_21:06:56.652000      165218.90        8.43188700e-01        1.69991346e-08  44.9258  44.2545
0202-03-17_21:06:56.848000      165219.09        8.92650600e-01        1.40241446e-08  44.9258  44.2545
0202-03-17_21:06:57.050000      165219.30        9.40727700e-01        2.98287646e-08  44.9258  44.2545
0202-03-17_21:06:57.242000      165219.49        9.90072400e-01        2.68537746e-08  44.9258  44.2545
0202-03-17_21:06:57.450000      165219.69        1.04140400e+00        2.87131446e-08  44.9319  44.2489
0202-03-17_21:06:57.650000      165219.89        1.08926600e+00        1.47059146e-08  44.9319  44.2489
0202-03-17_21:06:57.840000      165220.09        1.13866600e+00        1.83006846e-08  44.9319  44.2489
0202-03-17_21:06:58.043000      165220.29        1.19020000e+00        2.72876246e-08  44.9319  44.2489
0202-03-17_21:06:58.240000      165220.48        1.23975700e+00        1.63173646e-08  44.9319  44.2489
0202-03-17_21:06:58.445000      165220.69        1.28471900e+00        1.76189246e-08  44.9215  44.2415
0202-03-17_21:06:58.650000      165220.89        1.33908900e+00        1.17929046e-08  44.9215  44.2415
0202-03-17_21:06:58.850000      165221.10        1.38821900e+00        1.91064146e-08  44.9215  44.2415
0202-03-17_21:06:59.055000      165221.30        1.43534700e+00        2.22673346e-08  44.9215  44.2415
0202-03-17_21:06:59.246000      165221.49        1.48750000e+00        2.25772346e-08  44.9215  44.2415
0202-03-17_21:06:59.457000      165221.70        1.53380600e+00        2.97667846e-08  44.9318  44.2586
0202-03-17_21:06:59.656000      165221.90        1.58570400e+00        4.14188146e-08  44.9318  44.2586
0202-03-17_21:06:59.848000      165222.10        1.63648800e+00        4.35260946e-08  44.9318  44.2586
0202-03-17_21:07:00.050000      165222.30        1.68573100e+00        4.34021446e-08  44.9318  44.2586
0202-03-17_21:07:00.254000      165222.50        1.73408300e+00        3.33615546e-08  44.9318  44.2586
0202-03-17_21:07:00.453000      165222.70        1.78343100e+00        2.97048046e-08  44.9231  44.2529
0202-03-17_21:07:00.660000      165222.91        1.83554000e+00        2.51803446e-08  44.9231  44.2529
0202-03-17_21:07:00.855000      165223.10        1.88247600e+00        1.65652746e-08  44.9231  44.2529
0202-03-17_21:07:01.047000      165223.29        1.93188900e+00        1.39001846e-08  44.9231  44.2529
0202-03-17_21:07:01.250000      165223.50        1.98377300e+00        1.66272546e-08  44.9231  44.2529
0202-03-17_21:07:01.457000      165223.70        2.03401500e+00        1.68757846e-08  44.9224  44.2467
0202-03-17_21:07:01.664000      165223.91        2.08120900e+00        2.09669946e-08  44.9224  44.2467
0202-03-17_21:07:01.860000      165224.10        2.13250200e+00        2.01001046e-08  44.9224  44.2467
0202-03-17_21:07:02.050000      165224.30        2.18203800e+00        2.52443546e-08  44.9224  44.2467
0202-03-17_21:07:02.242000      165224.49        2.23012100e+00        4.06151246e-08  44.9224  44.2467
0202-03-17_21:07:02.445000      165224.69        2.27893900e+00        7.63769646e-08  44.9242  44.2683
0202-03-17_21:07:02.650000      165224.90        2.33207100e+00        1.19576285e-07  44.9242  44.2683
0202-03-17_21:07:02.840000      165225.09        2.38075400e+00        1.78270325e-07  44.9242  44.2683
0202-03-17_21:07:03.047000      165225.29        2.42554100e+00        3.07930245e-07  44.9242  44.2683
0202-03-17_21:07:03.240000      165225.48        2.47991800e+00        4.68765555e-07  44.9242  44.2683
0202-03-17_21:07:03.440000      165225.69        2.53034700e+00        6.85257955e-07  44.9281  44.2693
0202-03-17_21:07:03.645000      165225.89        2.57590500e+00        1.09531053e-06  44.9281  44.2693
0202-03-17_21:07:03.836000      165226.08        2.62867900e+00        2.29894130e-06  44.9281  44.2693
0202-03-17_21:07:04.040000      165226.29        2.67861300e+00        2.41236273e-06  44.9281  44.2693
0202-03-17_21:07:04.234000      165226.48        2.72668400e+00        5.10714448e-06  44.9281  44.2693
0202-03-17_21:07:04.438000      165226.69        2.77587400e+00        6.84193460e-06  44.9243  44.2525
0202-03-17_21:07:04.640000      165226.89        2.82751000e+00        9.81816260e-06  44.9243  44.2525
0202-03-17_21:07:04.844000      165227.09        2.87720000e+00        1.27294986e-05  44.9243  44.2525
0202-03-17_21:07:05.035000      165227.28        2.92494000e+00        1.70387072e-05  44.9243  44.2525
0202-03-17_21:07:05.227000      165227.47        2.97608500e+00        2.15111063e-05  44.9243  44.2525